# Number of parameters = 308 Objective function value = 308.524545372051  Maximum gradient component = 0.000624980730196398
# log_n_imm:
 18.5624331985437 19.6727470644361 19.7547060010484 19.9026468332827 19.8713363612401 19.7893778716359 19.4940838952121 19.4072759414780 19.3791917549159 18.8505156271830 18.3241510065410 18.3689143829840 17.8283169795706 16.7965980957971 15.2468360051712 13.2765538431178 11.9710656519475 10.3162756104509 9.60512754333405 8.24094169668000 6.53697077212592
# log_n_mat:
 17.7545477416712 11.5477178219187 15.7576340603315 17.4077153979821 18.3652896101099 18.9527888918441 19.0075196605324 18.8872843235400 18.9274501773671 19.0203399291168 18.8414819195617 18.4289045296784 18.0582036718207 18.2773796321002 18.2089760873264 17.5262732123209 16.6925556626230 15.6785801842467 14.6322994097772 13.3564317133828 12.0371341086249
# nat_m_dev:
 -0.117884830700810 -0.415178870938354 -0.561905695436442 -1.04079522766901 -1.13738724826950 -0.907319442907990 -0.675298327196816 -0.407393944056421 -0.176442138025693 0.0881380701325702 -0.0293256453173175 0.187618914119835 0.135078251886896 0.229343482949897 0.558244222789769 0.685363318319545 0.224043453937829 -0.685279833411857 -0.454618121447460 0.229106759117807 -0.148425074195020 -0.286327846526785 -0.330066248457504 -0.259779360019080 -0.413054911769470 -0.322283767508525 -0.456483506147039 -0.383040232776097 0.328172230914709 0.287205840218022 0.0223322621165933 -0.0227377861752385 0.618745346123832 0.508435150839848 -0.135090792275012 -0.372241018091339 0.525056307392696 1.90222520009550 0.00000000000000 -0.782264867403137 -0.270086411995729 0.261589722612356
# nat_m_mat_dev:
 -0.238181621405422 0.594680338498273 1.32150353782311 -0.547970385497567 -1.28075871799778 -0.941831377220752 -0.275298096930579 -0.118797063802199 0.231653466787909 1.00245403280822 0.0770169208341520 -0.0118923577183381 0.0899222650702707 0.613523945537027 0.540718391622371 0.550957515876287 0.686789657036134 -0.482350342155078 -0.638288100319196 0.343467836928175 0.229454009666976 -0.300274629525005 -0.375182031164971 0.426946776137612 0.625437654619322 0.537189468970690 0.0451643780101647 -0.802006174838509 -0.877894341156673 -0.230555385293806 0.716382235257482 0.131195253721595 0.590647752039731 0.273938618041829 -0.0776524460298384 0.0254014678271761 0.810005436862977 1.24200102888519 0.00000000000000 0.674512036780560 -0.103628534688134 -1.07834762268468
# nat_m_lg_dev:
 0.779781808208158 3.96378367977787 -3.90380449769448 -3.74000017278926 3.95558061723769 -3.38217935537186 2.69943893858968 -3.97647930960653 0.631910102221551 0.652905070186768 2.44367764180991 3.99479739175908 -1.32422924311954 3.78477634308138 1.29382287269644 -3.82704095229657 0.507260878249472 0.441731884499549 -3.83534577959571 -3.39423472477810 -0.570443672163228 -0.738238495938163 -2.43586198734913 -3.72834542899439 -0.813370991923826 -3.97410676157497 3.81737590751010 -2.71101443269910 3.69214474470219 -3.71125984723172 1.41403397614827 -0.454230813950395 -3.85466101671645 3.99533277367349 3.31981119024864 -3.52467217019716 3.78698471148339 3.18866077985684 -0.307540661487327 0.170355783608615 3.80532611375803 1.86756710617080
# q_dev:
 0.00000000000000 0.00000000000000 0.00000000000000 0.00000000000000 0.00000000000000 0.00000000000000 0.00000000000000 0.00000000000000 0.00000000000000 0.00000000000000 0.00000000000000 0.00000000000000 0.00000000000000 0.00000000000000 0.00000000000000 0.00000000000000 0.00000000000000 0.00000000000000 0.00000000000000 0.00000000000000 0.00000000000000 0.00000000000000 0.00000000000000 0.00000000000000 0.00000000000000 0.00000000000000 0.00000000000000 0.00000000000000 0.00000000000000 0.00000000000000 0.00000000000000 0.00000000000000 0.00000000000000 0.00000000000000 0.00000000000000 0.00000000000000 0.00000000000000 0.00000000000000 0.00000000000000 0.00000000000000 0.00000000000000 0.00000000000000
# q_mat_dev:
 0.00000000000000 0.00000000000000 0.00000000000000 0.00000000000000 0.00000000000000 0.00000000000000 0.00000000000000 0.00000000000000 0.00000000000000 0.00000000000000 0.00000000000000 0.00000000000000 0.00000000000000 0.00000000000000 0.00000000000000 0.00000000000000 0.00000000000000 0.00000000000000 0.00000000000000 0.00000000000000 0.00000000000000 0.00000000000000 0.00000000000000 0.00000000000000 0.00000000000000 0.00000000000000 0.00000000000000 0.00000000000000 0.00000000000000 0.00000000000000 0.00000000000000 0.00000000000000 0.00000000000000 0.00000000000000 0.00000000000000 0.00000000000000 0.00000000000000 0.00000000000000 0.00000000000000 0.00000000000000 0.00000000000000 0.00000000000000
# q_lg_dev:
 0.00000000000000 0.00000000000000 0.00000000000000 0.00000000000000 0.00000000000000 0.00000000000000 0.00000000000000 0.00000000000000 0.00000000000000 0.00000000000000 0.00000000000000 0.00000000000000 0.00000000000000 0.00000000000000 0.00000000000000 0.00000000000000 0.00000000000000 0.00000000000000 0.00000000000000 0.00000000000000 0.00000000000000 0.00000000000000 0.00000000000000 0.00000000000000 0.00000000000000 0.00000000000000 0.00000000000000 0.00000000000000 0.00000000000000 0.00000000000000 0.00000000000000 0.00000000000000 0.00000000000000 0.00000000000000 0.00000000000000 0.00000000000000 0.00000000000000 0.00000000000000 0.00000000000000 0.00000000000000 0.00000000000000 0.00000000000000
# log_avg_rec:
21.1003101992
# rec_devs:
 -0.132262295314 -0.158208084132 0.212157356669 0.959941165452 0.336426180694 0.304704648309 -0.0406240838467 0.292406752763 1.29530126182 1.63031354097 1.47649969312 0.632261274359 -0.628378322325 -0.745614135226 -0.433290478165 -0.407402795135 -0.563092594580 -0.925659073989 -0.710333940016 0.151532080401 0.218959590914 0.206611730376 0.0741413007750 -0.590836734294 -1.41006077363 -0.244298057693 0.656013243343 0.0636718118873 -0.136197712471 -0.114324525459 -0.0316421499158 0.132882058837 1.61790167902 1.55006071575 1.25536596833 -1.08584279481 -2.11997137622 -2.40987352670 -1.56880158479 -0.925355372375 0.762493366300 0.00000000000
# sigma_m:
 1.00000000000 1.00000000000 1.00000000000
# log_m_mu:
 -1.35304205955 -0.774265539409 -1.19145422079
# prop_rec:
 14.2475701570 2.92522199326
# sigma_q:
 0.100000000000 0.100000000000
# log_f:
0.137365802318
# f_dev:
 -1.26759479036 -1.90892233742 -0.423001694427 0.284587774972 -0.0126091766863 0.0677601788234 -0.224859002030 -0.282803671002 0.702525581456 0.549135038993 1.51074625456 0.814354044450 0.768998937699 0.388099715542 0.451769505633 0.501859163985 0.993882595722 -0.907380498289 -0.964572037048 0.0469569987912 0.201392485987 -0.879193914428 -1.17496085312 -0.517185239981 0.0946977171325 0.338848692819 -0.183858334573 -0.956451251092 -1.79369852842 -0.810020382596 0.0192288725134 0.414318774605 0.650836484816 0.438170741954 -0.130019886267 -0.0186084423727 1.03247506876 1.53201610895 1.78753491922 -1.13445561727
# fish_ret_sel_50:
96.9093096313
# fish_ret_sel_50_post:
102.052585365
# fish_ret_sel_slope:
0.214615452188
# fish_ret_sel_slope_post:
0.297360797337
# fish_tot_sel_offset:
-9.26539982102
# fish_tot_sel_offset_dev:
 -39.9432206335 26.0964485460 -34.3703424054 27.0671695851 33.7285471831 -22.9724580576 -32.2822301031 -24.0814253364 -24.0603708546 24.6972770561 31.3277259864 -32.8775927060 -7.41124553372 23.4579906815 33.8978619475 -10.4213369399 9.45005105289 38.7571487411 -28.8019167651 21.4225917864 -15.9020340999 17.8396712073 20.0332396132 6.74502994814 -19.2778280614 -38.6243090549 -5.17271709092 26.9821324409 -34.5815270112 19.7586354889 -16.8316889528 9.23055494145 -39.8884412856 -28.5918092984 22.8729331536 -4.76992068842 30.2589161128 -3.41950697524 2.72962028083 37.9283761008
# fish_tot_sel_slope:
-1.62410720768
# surv_omega:
0.569239073033
# surv_alpha1:
0.106071892980
# surv_beta1:
111.589703492
# surv_alpha2:
0.179560375005
# surv_beta2:
41.6216082783
