ParName   Value   Gradient
log_n_imm(1)      18.5624  3.54786e-06
log_n_imm(2)      19.6728  0.000448965
log_n_imm(3)      19.7547  0.000142089
log_n_imm(4)      19.9026  9.72089e-05
log_n_imm(5)      19.8713 -4.75844e-05
log_n_imm(6)      19.7894  6.17233e-05
log_n_imm(7)      19.4941 -0.000195037
log_n_imm(8)      19.4073  -3.2221e-05
log_n_imm(9)      19.3792 -0.000132876
log_n_imm(10)      18.8505 -6.05911e-05
log_n_imm(11)      18.3242  1.78462e-05
log_n_imm(12)      18.3689   2.0985e-05
log_n_imm(13)      17.8283  1.76659e-06
log_n_imm(14)      16.7966 -5.31921e-05
log_n_imm(15)      15.2468 -7.35523e-05
log_n_imm(16)      13.2768  0.000252275
log_n_imm(17)       11.971  6.04027e-06
log_n_imm(18)      10.3154 -3.66514e-05
log_n_imm(19)      9.60513 -9.22971e-07
log_n_imm(20)      8.23964  7.03715e-06
log_n_imm(21)      6.38095  5.59988e-05
log_n_mat(1)      17.7545 -1.16345e-05
log_n_mat(2)      11.5477  -2.8769e-08
log_n_mat(3)      15.7576 -6.89382e-06
log_n_mat(4)      17.4077  6.52891e-05
log_n_mat(5)      18.3653 -6.49134e-06
log_n_mat(6)      18.9528  0.000100268
log_n_mat(7)      19.0075  9.25825e-05
log_n_mat(8)      18.8873  9.74857e-05
log_n_mat(9)      18.9274 -3.97034e-05
log_n_mat(10)      19.0203 -3.88491e-05
log_n_mat(11)      18.8415 -0.000671704
log_n_mat(12)      18.4289 -0.000315301
log_n_mat(13)      18.0582 -0.000103693
log_n_mat(14)      18.2774 -0.000118074
log_n_mat(15)       18.209  -1.7112e-05
log_n_mat(16)      17.5263  0.000111904
log_n_mat(17)      16.6926 -2.46124e-05
log_n_mat(18)      15.6786   1.3873e-06
log_n_mat(19)      14.6323 -9.49326e-07
log_n_mat(20)      13.3564  2.80997e-05
log_n_mat(21)      12.0377 -8.00945e-06
nat_m_dev(1982)    -0.117878  3.40754e-05
nat_m_dev(1983)    -0.415187 -0.000108195
nat_m_dev(1984)    -0.561913 -0.000107856
nat_m_dev(1985)      -1.0408  -6.4431e-06
nat_m_dev(1986)     -1.13739  1.37893e-05
nat_m_dev(1987)    -0.907319  2.06157e-05
nat_m_dev(1988)    -0.675298  4.67581e-06
nat_m_dev(1989)    -0.407393  3.31013e-05
nat_m_dev(1990)    -0.176443  1.25854e-05
nat_m_dev(1991)    0.0881398 -2.86432e-06
nat_m_dev(1992)   -0.0293256  1.18091e-05
nat_m_dev(1993)      0.18762  2.63127e-05
nat_m_dev(1994)     0.135082  1.41096e-05
nat_m_dev(1995)     0.229345  1.72489e-05
nat_m_dev(1996)     0.558242  2.98789e-05
nat_m_dev(1997)     0.685364  3.72812e-05
nat_m_dev(1998)     0.224041 -2.38674e-05
nat_m_dev(1999)    -0.685281  3.44538e-06
nat_m_dev(2000)    -0.454623 -5.28553e-05
nat_m_dev(2001)     0.229111 -4.76167e-07
nat_m_dev(2002)    -0.148423  8.38537e-06
nat_m_dev(2003)    -0.286329  2.62774e-05
nat_m_dev(2004)     -0.33006  3.66064e-05
nat_m_dev(2005)    -0.259779  4.19994e-05
nat_m_dev(2006)    -0.413057   2.7812e-05
nat_m_dev(2007)    -0.322285  4.18022e-05
nat_m_dev(2008)    -0.456482  5.14797e-05
nat_m_dev(2009)    -0.383037  5.31534e-05
nat_m_dev(2010)     0.328169  2.68316e-05
nat_m_dev(2011)     0.287207  6.98515e-05
nat_m_dev(2012)    0.0223327  4.11236e-05
nat_m_dev(2013)   -0.0227405   5.8439e-06
nat_m_dev(2014)     0.618749  4.71088e-05
nat_m_dev(2015)     0.508434  1.89354e-05
nat_m_dev(2016)    -0.135092  2.82146e-05
nat_m_dev(2017)    -0.372241  2.89228e-05
nat_m_dev(2018)     0.525053    0.0001026
nat_m_dev(2019)      1.90223  0.000255678
nat_m_dev(2020)            0 -2.96689e-05
nat_m_dev(2021)    -0.782265  2.49532e-05
nat_m_dev(2022)    -0.270088  1.33548e-05
nat_m_dev(2023)     0.261589  1.26089e-05
nat_m_mat_dev(1982)    -0.238173  0.000139416
nat_m_mat_dev(1983)     0.594674  3.59991e-05
nat_m_mat_dev(1984)       1.3215  4.08185e-05
nat_m_mat_dev(1985)     -0.54797   4.1385e-05
nat_m_mat_dev(1986)     -1.28076   4.8754e-05
nat_m_mat_dev(1987)     -0.94183  4.81279e-05
nat_m_mat_dev(1988)    -0.275296  5.15014e-05
nat_m_mat_dev(1989)    -0.118796   5.7911e-05
nat_m_mat_dev(1990)     0.231654  7.33405e-05
nat_m_mat_dev(1991)      1.00245   9.4544e-05
nat_m_mat_dev(1992)    0.0770147   1.3477e-05
nat_m_mat_dev(1993)    -0.011892  2.61064e-05
nat_m_mat_dev(1994)    0.0899245  4.47013e-05
nat_m_mat_dev(1995)     0.613522  3.12825e-05
nat_m_mat_dev(1996)     0.540718  4.28766e-05
nat_m_mat_dev(1997)     0.550955 -2.61613e-06
nat_m_mat_dev(1998)     0.686791  6.03564e-05
nat_m_mat_dev(1999)    -0.482349  3.80392e-05
nat_m_mat_dev(2000)    -0.638287   4.9482e-05
nat_m_mat_dev(2001)     0.343469  3.15047e-05
nat_m_mat_dev(2002)     0.229454  1.52159e-05
nat_m_mat_dev(2003)    -0.300277  2.81317e-05
nat_m_mat_dev(2004)    -0.375186  2.26329e-05
nat_m_mat_dev(2005)     0.426947  5.19574e-05
nat_m_mat_dev(2006)     0.625439  5.70696e-05
nat_m_mat_dev(2007)     0.537187  6.09251e-05
nat_m_mat_dev(2008)    0.0451652  9.79556e-05
nat_m_mat_dev(2009)    -0.802005  6.31411e-05
nat_m_mat_dev(2010)    -0.877897  4.82075e-05
nat_m_mat_dev(2011)    -0.230557  6.05684e-05
nat_m_mat_dev(2012)     0.716383  9.85658e-05
nat_m_mat_dev(2013)     0.131197  7.27305e-05
nat_m_mat_dev(2014)     0.590648  5.78676e-05
nat_m_mat_dev(2015)     0.273937  5.27326e-05
nat_m_mat_dev(2016)   -0.0776528  4.64062e-05
nat_m_mat_dev(2017)    0.0254007  3.35584e-05
nat_m_mat_dev(2018)     0.810006  7.59557e-05
nat_m_mat_dev(2019)        1.242  3.79896e-05
nat_m_mat_dev(2020)            0 -3.36882e-06
nat_m_mat_dev(2021)     0.674511  9.31942e-05
nat_m_mat_dev(2022)    -0.103629  5.56902e-05
nat_m_mat_dev(2023)     -1.07835  4.44517e-05
nat_m_lg_dev(1982)    -0.215581  -2.5249e-06
nat_m_lg_dev(1983)     0.225612 -2.48117e-06
nat_m_lg_dev(1984)    -0.166626 -2.52154e-06
nat_m_lg_dev(1985)  -0.00519734 -2.50785e-06
nat_m_lg_dev(1986)     0.154365 -2.49031e-06
nat_m_lg_dev(1987)    -0.113657  -2.5175e-06
nat_m_lg_dev(1988)    -0.276674 -2.52857e-06
nat_m_lg_dev(1989)     0.272135 -2.47476e-06
nat_m_lg_dev(1990)    -0.211134 -2.52461e-06
nat_m_lg_dev(1991)     0.158486  -2.4898e-06
nat_m_lg_dev(1992)   -0.0353403 -2.51072e-06
nat_m_lg_dev(1993)    -0.259261 -2.52758e-06
nat_m_lg_dev(1994)    -0.231172 -2.52589e-06
nat_m_lg_dev(1995)     -0.13129 -2.51889e-06
nat_m_lg_dev(1996)    -0.175225 -2.52216e-06
nat_m_lg_dev(1997)   -0.0214706 -2.50942e-06
nat_m_lg_dev(1998)    0.0318924 -2.50413e-06
nat_m_lg_dev(1999)     0.148593 -2.49102e-06
nat_m_lg_dev(2000)    -0.253478 -2.52724e-06
nat_m_lg_dev(2001)    0.0167746 -2.50568e-06
nat_m_lg_dev(2002)   0.00982096 -2.50637e-06
nat_m_lg_dev(2003)    0.0567453 -2.50152e-06
nat_m_lg_dev(2004)      0.20102 -2.48442e-06
nat_m_lg_dev(2005)     0.104496 -2.49623e-06
nat_m_lg_dev(2006)    -0.256886 -2.52744e-06
nat_m_lg_dev(2007)     0.198474 -2.48475e-06
nat_m_lg_dev(2008)     0.129957 -2.49326e-06
nat_m_lg_dev(2009)    -0.262036 -2.52774e-06
nat_m_lg_dev(2010)      0.19009 -2.48583e-06
nat_m_lg_dev(2011)     0.222766 -2.48155e-06
nat_m_lg_dev(2012)    -0.233663 -2.52604e-06
nat_m_lg_dev(2013)    -0.281192 -2.52882e-06
nat_m_lg_dev(2014)     0.233916 -2.48005e-06
nat_m_lg_dev(2015)    -0.229134 -2.52576e-06
nat_m_lg_dev(2016)     0.092349 -2.49761e-06
nat_m_lg_dev(2017)     0.153302 -2.49044e-06
nat_m_lg_dev(2018)    -0.164551 -2.52139e-06
nat_m_lg_dev(2019) -0.000995699 -2.50744e-06
nat_m_lg_dev(2020)     0.279268 -2.47374e-06
nat_m_lg_dev(2021)     0.293246 -2.47173e-06
nat_m_lg_dev(2022)     0.303355 -2.47026e-06
nat_m_lg_dev(2023)     0.047898 -2.50246e-06
log_avg_rec      21.2942  0.000139788
rec_devs(1982)    -0.326175  0.000423216
rec_devs(1983)    -0.352124  8.11177e-05
rec_devs(1984)    0.0182428 -3.70586e-05
rec_devs(1985)     0.766027 -0.000213689
rec_devs(1986)     0.142513 -0.000205302
rec_devs(1987)     0.110791 -3.99243e-05
rec_devs(1988)    -0.234536   1.7662e-05
rec_devs(1989)    0.0984902 -4.83393e-05
rec_devs(1990)      1.10139 -3.52998e-05
rec_devs(1991)       1.4364  2.12446e-05
rec_devs(1992)      1.28259 -0.000114688
rec_devs(1993)     0.438349   -2.031e-05
rec_devs(1994)    -0.822292 -9.62137e-05
rec_devs(1995)    -0.939531 -0.000135849
rec_devs(1996)    -0.627205 -2.29531e-05
rec_devs(1997)    -0.601318 -8.37446e-06
rec_devs(1998)    -0.757005  7.01981e-05
rec_devs(1999)     -1.11957  1.22044e-06
rec_devs(2000)    -0.904248 -8.84166e-05
rec_devs(2001)    -0.042381  6.54856e-06
rec_devs(2002)    0.0250457  -0.00020219
rec_devs(2003)    0.0126975 -0.000219254
rec_devs(2004)    -0.119773 -0.000157464
rec_devs(2005)    -0.784752 -0.000137583
rec_devs(2006)     -1.60398 -6.78919e-05
rec_devs(2007)    -0.438214 -0.000101941
rec_devs(2008)     0.462098 -0.000195366
rec_devs(2009)    -0.130241 -9.97945e-06
rec_devs(2010)    -0.330113 -0.000190366
rec_devs(2011)    -0.308237 -0.000137875
rec_devs(2012)    -0.225556  7.16967e-05
rec_devs(2013)   -0.0610337  -6.0035e-05
rec_devs(2014)      1.42399  1.14624e-05
rec_devs(2015)      1.35615 -0.000304922
rec_devs(2016)      1.06145  -0.00017062
rec_devs(2017)     -1.27975 -1.25619e-05
rec_devs(2018)     -2.31389 -0.000102517
rec_devs(2019)     -2.60379 -0.000131105
rec_devs(2020)     -1.76272 -0.000145522
rec_devs(2021)     -1.11927 -4.00296e-05
rec_devs(2022)     0.568577 -1.80139e-05
rec_devs(2023)            0 -2.12181e-05
log_m_mu(1)     -1.35304  0.000329808
log_m_mu(2)    -0.774265   0.00033447
log_m_mu(3)     -1.18325 -1.80099e-08
prop_rec(1)      14.2476  5.40608e-05
prop_rec(2)      2.92526   8.1812e-05
log_f     0.137365 -0.000474155
f_dev(1)     -1.26759  5.32945e-06
f_dev(2)     -1.90892 -9.13937e-05
f_dev(3)    -0.423002   2.1505e-05
f_dev(4)     0.284587 -9.93307e-05
f_dev(5)   -0.0126106 -8.10939e-05
f_dev(6)     0.067759   3.7843e-05
f_dev(7)     -0.22486  4.30232e-05
f_dev(8)    -0.282805 -1.80875e-05
f_dev(9)     0.702525 -3.03125e-05
f_dev(10)     0.549135 -3.06869e-05
f_dev(11)      1.51075 -5.90288e-05
f_dev(12)     0.814354  3.53305e-05
f_dev(13)     0.768999 -7.41537e-06
f_dev(14)       0.3881  1.77072e-05
f_dev(15)     0.451769 -1.74009e-06
f_dev(16)     0.501859  1.25835e-05
f_dev(17)     0.993882   4.6187e-06
f_dev(18)    -0.907381  -2.5692e-05
f_dev(19)    -0.964572 -6.61672e-06
f_dev(20)    0.0469574  -1.0951e-05
f_dev(21)     0.201393  2.82899e-05
f_dev(22)    -0.879194  5.99329e-06
f_dev(23)     -1.17496  4.89686e-07
f_dev(24)    -0.517186 -1.61904e-06
f_dev(25)    0.0946985  2.29156e-05
f_dev(26)     0.338848  -2.1384e-05
f_dev(27)    -0.183859 -1.56564e-05
f_dev(28)    -0.956451 -3.30049e-05
f_dev(29)      -1.7937 -2.95334e-05
f_dev(30)    -0.810021  1.71202e-06
f_dev(31)    0.0192288  -1.2317e-05
f_dev(32)      0.41432 -6.47699e-06
f_dev(33)     0.650838  1.40647e-05
f_dev(34)     0.438171  7.12607e-06
f_dev(35)    -0.130019 -2.49108e-05
f_dev(36)   -0.0186078  3.04022e-05
f_dev(37)      1.03248 -3.15331e-06
f_dev(38)      1.53202 -1.17501e-05
f_dev(39)      1.78754  3.48596e-05
f_dev(40)     -1.13446  -7.3666e-05
fish_ret_sel_50      96.9093  0.000469772
fish_ret_sel_50_post      102.053  0.000140481
fish_ret_sel_slope     0.214615 -0.000451944
fish_ret_sel_slope_post     0.297361 -9.43808e-05
fish_tot_sel_offset     -9.26539   -4.758e-06
fish_tot_sel_offset_dev(1)     -32.5682 -0.000453575
fish_tot_sel_offset_dev(2)     -39.7055  -9.4943e-05
fish_tot_sel_offset_dev(3)      36.6535 -0.000312687
fish_tot_sel_offset_dev(4)      38.2918  -0.00022571
fish_tot_sel_offset_dev(5)      29.8834  -0.00051921
fish_tot_sel_offset_dev(6)      31.8494  0.000472536
fish_tot_sel_offset_dev(7)     -27.3859 -0.000569399
fish_tot_sel_offset_dev(8)     -38.9793  -0.00017551
fish_tot_sel_offset_dev(9)     -6.51062 -0.000770741
fish_tot_sel_offset_dev(10)      28.8448  -0.00054115
fish_tot_sel_offset_dev(11)     -1.29675 -0.000780742
fish_tot_sel_offset_dev(12)     -19.6537 -0.000680379
fish_tot_sel_offset_dev(13)     -15.6863 -0.000718597
fish_tot_sel_offset_dev(14)      15.1405 -0.000723015
fish_tot_sel_offset_dev(15)     -39.6506  -0.00010332
fish_tot_sel_offset_dev(16)     -39.6619  0.000101644
fish_tot_sel_offset_dev(17)      39.5688  0.000114118
fish_tot_sel_offset_dev(18)     -2.10506 -0.000780071
fish_tot_sel_offset_dev(19)     -39.0506 -0.000169362
fish_tot_sel_offset_dev(20)      28.5872 -0.000546337
fish_tot_sel_offset_dev(21)     -16.8737 -0.000708265
fish_tot_sel_offset_dev(22)      39.8508 -6.69628e-05
fish_tot_sel_offset_dev(23)     -30.6168 -0.000502743
fish_tot_sel_offset_dev(24)     -34.9647 -0.000379489
fish_tot_sel_offset_dev(25)       37.305 -0.000281773
fish_tot_sel_offset_dev(26)     -39.3908  0.000136039
fish_tot_sel_offset_dev(27)     -4.90801 -0.000775254
fish_tot_sel_offset_dev(28)      19.9645 -0.000676875
fish_tot_sel_offset_dev(29)     -39.7208 -9.24585e-05
fish_tot_sel_offset_dev(30)      29.5988  -0.00052539
fish_tot_sel_offset_dev(31)      20.9529 -0.000665382
fish_tot_sel_offset_dev(32)      33.2625 -0.000433817
fish_tot_sel_offset_dev(33)      -39.975 -2.87065e-05
fish_tot_sel_offset_dev(34)      20.5323 -0.000670365
fish_tot_sel_offset_dev(35)     -38.3062  -0.00022504
fish_tot_sel_offset_dev(36)      17.4655 -0.000702734
fish_tot_sel_offset_dev(37)      23.9616 -0.000625454
fish_tot_sel_offset_dev(38)      17.9614  -0.00069795
fish_tot_sel_offset_dev(39)      38.5244  0.000210072
fish_tot_sel_offset_dev(40)     -1.18887 -0.000780808
fish_tot_sel_slope     -1.62411  0.000364803
surv_omega     0.569239 -1.32038e-05
surv_alpha1     0.106072  0.000686049
surv_beta1       111.59  4.88957e-05
surv_alpha2      0.17956  4.60749e-05
surv_beta2      41.6216 -2.42086e-05
