# Number of parameters = 308 Objective function value = 308.524545560227  Maximum gradient component = 0.000780807667644040
# log_n_imm:
 18.5623954324565 19.6727572923812 19.7547018295406 19.9026490857120 19.8713349245443 19.7893777081901 19.4940853292281 19.4072725503980 19.3791920491144 18.8505170428855 18.3241520627414 18.3689165879029 17.8283178374432 16.7965971835019 15.2468181597604 13.2768084397716 11.9710151497053 10.3154110224546 9.60513208307405 8.23963666565083 6.38094759684054
# log_n_mat:
 17.7545473410642 11.5477130034264 15.7576241731754 17.4077237784414 18.3652897075588 18.9527882526213 19.0075191262989 18.8872843581522 18.9274482191115 19.0203380009661 18.8414734017895 18.4288987626835 18.0582013044209 18.2773759995057 18.2089748898625 17.5262677368868 16.6925532027969 15.6785828911379 14.6322978583593 13.3564290644356 12.0376650303189
# nat_m_dev:
 -0.117877501910151 -0.415187331231010 -0.561913318927492 -1.04079599479211 -1.13738569796973 -0.907318824930019 -0.675298368988439 -0.407392901391026 -0.176442636461242 0.0881397622805305 -0.0293256429921366 0.187620307527145 0.135081597432947 0.229345424948572 0.558242266112188 0.685363623196210 0.224041148341605 -0.685280584636442 -0.454622545388222 0.229111458168407 -0.148422589761075 -0.286328996838328 -0.330059777208211 -0.259778995440492 -0.413056978398978 -0.322285343950391 -0.456481916969284 -0.383036772664951 0.328168529846000 0.287207374977040 0.0223326945170189 -0.0227405255726156 0.618749031209364 0.508434389757549 -0.135091955527822 -0.372241022483004 0.525052756434637 1.90222703252570 0.00000000000000 -0.782265161185826 -0.270087549487237 0.261588941694553
# nat_m_mat_dev:
 -0.238172710683271 0.594673622059792 1.32150448786041 -0.547969712208341 -1.28075766745144 -0.941830429508955 -0.275296470057000 -0.118796461839196 0.231654044703559 1.00245440485342 0.0770147121755440 -0.0118919977924610 0.0899244962505245 0.613522445196062 0.540718120885028 0.550955364092896 0.686790975799377 -0.482349419337540 -0.638287156260356 0.343469449557538 0.229453917838064 -0.300277160167276 -0.375185710015971 0.426946602437467 0.625438947819340 0.537186896217706 0.0451652212339266 -0.802004728524878 -0.877896596355481 -0.230556620135218 0.716383359863304 0.131197292529579 0.590647617713313 0.273936946318585 -0.0776527546121728 0.0254006760875049 0.810005523017489 1.24200127320859 0.00000000000000 0.674511221192254 -0.103629330270911 -1.07834788985522
# nat_m_lg_dev:
 -0.215581443985332 0.225612387052040 -0.166625618106886 -0.00519734403138928 0.154365466041140 -0.113656729397937 -0.276673617995058 0.272134887931596 -0.211133743621783 0.158485593021485 -0.0353402854956106 -0.259261482325239 -0.231172421625583 -0.131289898780794 -0.175224640751686 -0.0214705627415588 0.0318923804331967 0.148593306234228 -0.253477545142079 0.0167746404644109 0.00982096452115554 0.0567453274278715 0.201020261474874 0.104496414610349 -0.256885564799984 0.198473755857338 0.129957371464538 -0.262035699692165 0.190089715493077 0.222765620247084 -0.233662727546800 -0.281192114932704 0.233915651606834 -0.229133926788814 0.0923490473697457 0.153301831407505 -0.164550554803624 -0.000995699188140586 0.279267870994871 0.293246099025674 0.303355047453750 0.0478979816204032
# q_dev:
 0.00000000000000 0.00000000000000 0.00000000000000 0.00000000000000 0.00000000000000 0.00000000000000 0.00000000000000 0.00000000000000 0.00000000000000 0.00000000000000 0.00000000000000 0.00000000000000 0.00000000000000 0.00000000000000 0.00000000000000 0.00000000000000 0.00000000000000 0.00000000000000 0.00000000000000 0.00000000000000 0.00000000000000 0.00000000000000 0.00000000000000 0.00000000000000 0.00000000000000 0.00000000000000 0.00000000000000 0.00000000000000 0.00000000000000 0.00000000000000 0.00000000000000 0.00000000000000 0.00000000000000 0.00000000000000 0.00000000000000 0.00000000000000 0.00000000000000 0.00000000000000 0.00000000000000 0.00000000000000 0.00000000000000 0.00000000000000
# q_mat_dev:
 0.00000000000000 0.00000000000000 0.00000000000000 0.00000000000000 0.00000000000000 0.00000000000000 0.00000000000000 0.00000000000000 0.00000000000000 0.00000000000000 0.00000000000000 0.00000000000000 0.00000000000000 0.00000000000000 0.00000000000000 0.00000000000000 0.00000000000000 0.00000000000000 0.00000000000000 0.00000000000000 0.00000000000000 0.00000000000000 0.00000000000000 0.00000000000000 0.00000000000000 0.00000000000000 0.00000000000000 0.00000000000000 0.00000000000000 0.00000000000000 0.00000000000000 0.00000000000000 0.00000000000000 0.00000000000000 0.00000000000000 0.00000000000000 0.00000000000000 0.00000000000000 0.00000000000000 0.00000000000000 0.00000000000000 0.00000000000000
# q_lg_dev:
 0.00000000000000 0.00000000000000 0.00000000000000 0.00000000000000 0.00000000000000 0.00000000000000 0.00000000000000 0.00000000000000 0.00000000000000 0.00000000000000 0.00000000000000 0.00000000000000 0.00000000000000 0.00000000000000 0.00000000000000 0.00000000000000 0.00000000000000 0.00000000000000 0.00000000000000 0.00000000000000 0.00000000000000 0.00000000000000 0.00000000000000 0.00000000000000 0.00000000000000 0.00000000000000 0.00000000000000 0.00000000000000 0.00000000000000 0.00000000000000 0.00000000000000 0.00000000000000 0.00000000000000 0.00000000000000 0.00000000000000 0.00000000000000 0.00000000000000 0.00000000000000 0.00000000000000 0.00000000000000 0.00000000000000 0.00000000000000
# log_avg_rec:
21.2942243061
# rec_devs:
 -0.326174727014 -0.352124298792 0.0182428337556 0.766027398819 0.142512637557 0.110790769830 -0.234536223441 0.0984902211602 1.10138728012 1.43639984102 1.28258649851 0.438348836755 -0.822291818992 -0.939531309995 -0.627204993033 -0.601317655309 -0.757005247700 -1.11957251044 -0.904247575873 -0.0423809959491 0.0250457426479 0.0126974652701 -0.119772729066 -0.784751992753 -1.60397534658 -0.438214114780 0.462098407248 -0.130240805306 -0.330113449954 -0.308236858268 -0.225556163085 -0.0610337320088 1.42398751707 1.35614583969 1.06145312192 -1.27974921490 -2.31388774479 -2.60378888123 -1.76271861623 -1.11926976872 0.568577394707 0.00000000000
# sigma_m:
 1.00000000000 1.00000000000 1.00000000000
# log_m_mu:
 -1.35304217116 -0.774265352606 -1.18325457057
# prop_rec:
 14.2476167592 2.92525599476
# sigma_q:
 0.100000000000 0.100000000000
# log_f:
0.137364949861
# f_dev:
 -1.26759069275 -1.90892302819 -0.423001726966 0.284587170862 -0.0126106263689 0.0677590309998 -0.224860089335 -0.282804661711 0.702524838510 0.549134963328 1.51074510629 0.814354259825 0.768999083958 0.388100472759 0.451769419894 0.501858882996 0.993881920918 -0.907380664994 -0.964572032882 0.0469574322786 0.201393139095 -0.879193919748 -1.17496193064 -0.517186145515 0.0946985197374 0.338848448685 -0.183859064507 -0.956451319315 -1.79369826565 -0.810020530881 0.0192287605970 0.414319777956 0.650838015480 0.438171440399 -0.130019467333 -0.0186077915278 1.03247506520 1.53201546118 1.78753606995 -1.13445532259
# fish_ret_sel_50:
96.9093097853
# fish_ret_sel_50_post:
102.052587505
# fish_ret_sel_slope:
0.214615402094
# fish_ret_sel_slope_post:
0.297360838665
# fish_tot_sel_offset:
-9.26538994155
# fish_tot_sel_offset_dev:
 -32.5681572591 -39.7054639199 36.6535290465 38.2918224891 29.8833934220 31.8493894800 -27.3858625225 -38.9793090333 -6.51061968274 28.8447644780 -1.29675284728 -19.6537128536 -15.6862656158 15.1404535871 -39.6505840606 -39.6619388438 39.5688435449 -2.10506397660 -39.0505544160 28.5872221013 -16.8736621855 39.8507555044 -30.6167723260 -34.9646646708 37.3050332176 -39.3907624150 -4.90801138672 19.9644665749 -39.7208361596 29.5988117488 20.9528970919 33.2625172045 -39.9750324837 20.5322698252 -38.3061762788 17.4654743359 23.9615815692 17.9614267087 38.5244247629 -1.18887375564
# fish_tot_sel_slope:
-1.62410696741
# surv_omega:
0.569238926845
# surv_alpha1:
0.106072008532
# surv_beta1:
111.589706763
# surv_alpha2:
0.179560055238
# surv_beta2:
41.6216135855
