# Number of parameters = 308 Objective function value = 308.524545366515  Maximum gradient component = 0.000741112393535674
# log_n_imm:
 18.5624178150975 19.6727510638314 19.7547026338689 19.9026475641034 19.8713348125098 19.7893764637946 19.4940861088585 19.4072708083412 19.3791923753859 18.8505165965732 18.3241508648055 18.3689150946593 17.8283179932038 16.7965973578789 15.2468335514815 13.2765611626469 11.9710085621765 10.3163135295958 9.60519277665204 8.24095372639949 6.50595744913806
# log_n_mat:
 17.7545504223904 11.5477189573674 15.7576324270473 17.4077208138981 18.3652905877229 18.9527882865176 19.0075195050569 18.8872843984068 18.9274501392151 19.0203396608154 18.8414825850934 18.4289055305537 18.0582052756418 18.2773791461682 18.2089760546385 17.5262715887491 16.6925545955345 15.6785784198428 14.6322973412210 13.3564278818377 12.0372590733598
# nat_m_dev:
 -0.117883527053136 -0.415181949762888 -0.561907441107663 -1.04079641489393 -1.13738664208725 -0.907319309604138 -0.675297844849528 -0.407394404544750 -0.176442621625335 0.0881402834480902 -0.0293271437746074 0.187619116668939 0.135081177614194 0.229346030352329 0.558242801179708 0.685361038814373 0.224043993890753 -0.685280417316331 -0.454618940471318 0.229110393147695 -0.148423204206787 -0.286329636412979 -0.330060043162077 -0.259778684183466 -0.413055461598859 -0.322285356822190 -0.456483192882158 -0.383038724569684 0.328169678528160 0.287205824443967 0.0223328002129561 -0.0227381256456749 0.618745990833151 0.508434791715532 -0.135090308930674 -0.372239731247204 0.525049837385074 1.90222686320180 0.00000000000000 -0.782265786497446 -0.270087631125414 0.261589303131563
# nat_m_mat_dev:
 -0.238181519405029 0.594678312902560 1.32150461146753 -0.547969930811792 -1.28075915885519 -0.941832377109080 -0.275297605575105 -0.118796278570476 0.231653626443980 1.00245389647332 0.0770172796934913 -0.0118918809997915 0.0899241000955630 0.613523228845586 0.540717521274750 0.550956464129377 0.686791125442425 -0.482348079182897 -0.638287686418017 0.343468493843177 0.229454895211159 -0.300274188248814 -0.375182982526153 0.426945514259125 0.625438866269741 0.537188573786431 0.0451622506324300 -0.802005349566938 -0.877895195704232 -0.230556068007118 0.716382717157016 0.131196622187785 0.590647724623104 0.273937470089034 -0.0776520538411368 0.0254014652979990 0.810004078581718 1.24200211972778 0.00000000000000 0.674511706472237 -0.103629715521319 -1.07834780605564
# nat_m_lg_dev:
 0.0106090189544290 0.0427996688209789 -0.155854798841419 0.147777351042137 0.158749079151563 0.0529035208413762 0.0570645791760252 -0.0702540373114268 -0.356203088602371 -0.110249261003222 -0.109303161149709 0.132428920109438 -0.0212527337957084 0.157112346507750 -0.0393474241889844 -0.0536128588749169 0.108648885337402 0.0471202386768026 -0.147501359613232 0.0949243639051327 -0.184997980594223 -0.0532758722962760 -0.147158073814257 0.00232465335013137 0.112630954493669 0.0525018297727196 -0.290609899676550 0.0983900861676113 0.153992776981473 0.0905964085321876 0.144430278821299 -0.0807451247815291 0.147840374106851 0.0777298441878023 -0.0693666862823521 0.157046295370779 -0.263370560312993 -0.192289870885570 0.131665846549651 0.0759504355416179 0.135197323127328 -0.0450422875014153
# q_dev:
 0.00000000000000 0.00000000000000 0.00000000000000 0.00000000000000 0.00000000000000 0.00000000000000 0.00000000000000 0.00000000000000 0.00000000000000 0.00000000000000 0.00000000000000 0.00000000000000 0.00000000000000 0.00000000000000 0.00000000000000 0.00000000000000 0.00000000000000 0.00000000000000 0.00000000000000 0.00000000000000 0.00000000000000 0.00000000000000 0.00000000000000 0.00000000000000 0.00000000000000 0.00000000000000 0.00000000000000 0.00000000000000 0.00000000000000 0.00000000000000 0.00000000000000 0.00000000000000 0.00000000000000 0.00000000000000 0.00000000000000 0.00000000000000 0.00000000000000 0.00000000000000 0.00000000000000 0.00000000000000 0.00000000000000 0.00000000000000
# q_mat_dev:
 0.00000000000000 0.00000000000000 0.00000000000000 0.00000000000000 0.00000000000000 0.00000000000000 0.00000000000000 0.00000000000000 0.00000000000000 0.00000000000000 0.00000000000000 0.00000000000000 0.00000000000000 0.00000000000000 0.00000000000000 0.00000000000000 0.00000000000000 0.00000000000000 0.00000000000000 0.00000000000000 0.00000000000000 0.00000000000000 0.00000000000000 0.00000000000000 0.00000000000000 0.00000000000000 0.00000000000000 0.00000000000000 0.00000000000000 0.00000000000000 0.00000000000000 0.00000000000000 0.00000000000000 0.00000000000000 0.00000000000000 0.00000000000000 0.00000000000000 0.00000000000000 0.00000000000000 0.00000000000000 0.00000000000000 0.00000000000000
# q_lg_dev:
 0.00000000000000 0.00000000000000 0.00000000000000 0.00000000000000 0.00000000000000 0.00000000000000 0.00000000000000 0.00000000000000 0.00000000000000 0.00000000000000 0.00000000000000 0.00000000000000 0.00000000000000 0.00000000000000 0.00000000000000 0.00000000000000 0.00000000000000 0.00000000000000 0.00000000000000 0.00000000000000 0.00000000000000 0.00000000000000 0.00000000000000 0.00000000000000 0.00000000000000 0.00000000000000 0.00000000000000 0.00000000000000 0.00000000000000 0.00000000000000 0.00000000000000 0.00000000000000 0.00000000000000 0.00000000000000 0.00000000000000 0.00000000000000 0.00000000000000 0.00000000000000 0.00000000000000 0.00000000000000 0.00000000000000 0.00000000000000
# log_avg_rec:
21.2998135781
# rec_devs:
 -0.331765271526 -0.357712501984 0.0126534617470 0.760437807155 0.136923445149 0.105201219739 -0.240126143708 0.0929011051888 1.09579814704 1.43080992990 1.27699710867 0.432758564654 -0.827880528758 -0.945119556150 -0.632794705009 -0.606906236634 -0.762594535652 -1.12516171599 -0.909836169346 -0.0479707226748 0.0194565108145 0.00710822114646 -0.125361783670 -0.790341382601 -1.60956452287 -0.443803367683 0.456509223394 -0.135831274789 -0.335702360993 -0.313826261015 -0.231146285620 -0.0666224926564 1.41839794532 1.35055686738 1.05586350829 -1.28534522423 -2.31947037484 -2.60937707613 -1.76830664812 -1.12485941859 0.562988301491 0.00000000000
# sigma_m:
 1.00000000000 1.00000000000 1.00000000000
# log_m_mu:
 -1.35304200636 -0.774265536908 -1.27732660520
# prop_rec:
 14.2476002776 2.92524504345
# sigma_q:
 0.100000000000 0.100000000000
# log_f:
0.137366858020
# f_dev:
 -1.26759488672 -1.90892357235 -0.423001506162 0.284589162074 -0.0126087658430 0.0677597124011 -0.224859885952 -0.282804277027 0.702525172632 0.549134900965 1.51074649338 0.814354529495 0.768999364950 0.388100188942 0.451769359050 0.501858521413 0.993882206222 -0.907380340913 -0.964571927857 0.0469573074052 0.201393069833 -0.879193360304 -1.17496092360 -0.517185618998 0.0946983003972 0.338849535097 -0.183858648771 -0.956451804684 -1.79369898147 -0.810021187820 0.0192281467404 0.414318930131 0.650837368702 0.438170979222 -0.130019601600 -0.0186076834077 1.03247480938 1.53201533083 1.78753504751 -1.13445546330
# fish_ret_sel_50:
96.9093084928
# fish_ret_sel_50_post:
102.052586139
# fish_ret_sel_slope:
0.214615413902
# fish_ret_sel_slope_post:
0.297360861414
# fish_tot_sel_offset:
-9.26540436500
# fish_tot_sel_offset_dev:
 27.5065704332 34.6517325521 3.41579475566 17.5402010288 39.9865881646 34.0384128425 -35.0475476175 -3.52477488168 1.47603297454 -39.1965453750 -30.0263612351 -25.1274512971 27.4651016413 33.9440602411 -8.15001654300 -37.7245748637 13.1056650815 27.0750884053 39.1810276812 -39.9471068798 -6.94755379171 -38.0255600522 38.9207164431 -39.4889825422 -37.0070524813 -36.7053235051 31.9526606364 27.6026509963 -35.8624950580 36.8474618598 -39.6622154117 22.0729218835 -31.2240637329 26.7604976637 33.3829666751 -39.9550326564 -35.4022873685 -20.4450141121 38.9393602851 23.6044471602
# fish_tot_sel_slope:
-1.62410714800
# surv_omega:
0.569239019991
# surv_alpha1:
0.106071928887
# surv_beta1:
111.589699363
# surv_alpha2:
0.179560175680
# surv_beta2:
41.6216106272
