ParName   Value   Gradient
log_n_imm(1)      18.5624 -4.31435e-05
log_n_imm(2)      19.6727 -2.32166e-05
log_n_imm(3)      19.7547  0.000201054
log_n_imm(4)      19.9026  5.52919e-05
log_n_imm(5)      19.8713  0.000107764
log_n_imm(6)      19.7894  7.66083e-06
log_n_imm(7)      19.4941 -3.23156e-05
log_n_imm(8)      19.4073 -3.20847e-05
log_n_imm(9)      19.3792 -0.000100385
log_n_imm(10)      18.8505 -5.89812e-05
log_n_imm(11)      18.3242 -6.28792e-06
log_n_imm(12)      18.3689 -3.60642e-05
log_n_imm(13)      17.8283 -9.65248e-05
log_n_imm(14)      16.7966 -4.11638e-05
log_n_imm(15)      15.2468  1.32383e-05
log_n_imm(16)      13.2766 -5.47308e-06
log_n_imm(17)       11.971  9.86151e-06
log_n_imm(18)      10.3163  3.31089e-07
log_n_imm(19)      9.60522  6.57517e-07
log_n_imm(20)      8.24088 -2.10235e-07
log_n_imm(21)       6.5084 -1.21219e-06
log_n_mat(1)      17.7545 -1.40276e-05
log_n_mat(2)      11.5477 -1.28896e-07
log_n_mat(3)      15.7576  -9.3568e-08
log_n_mat(4)      17.4077  2.41642e-05
log_n_mat(5)      18.3653  4.41886e-06
log_n_mat(6)      18.9528  8.58269e-05
log_n_mat(7)      19.0075  1.67157e-06
log_n_mat(8)      18.8873  3.38695e-05
log_n_mat(9)      18.9274 -9.99873e-05
log_n_mat(10)      19.0203    2.774e-05
log_n_mat(11)      18.8415 -2.38532e-05
log_n_mat(12)      18.4289  2.52566e-06
log_n_mat(13)      18.0582  2.80338e-05
log_n_mat(14)      18.2774 -9.08194e-05
log_n_mat(15)       18.209 -8.06445e-05
log_n_mat(16)      17.5263 -6.37548e-05
log_n_mat(17)      16.6926 -0.000111433
log_n_mat(18)      15.6786 -2.11646e-05
log_n_mat(19)      14.6323  1.52489e-05
log_n_mat(20)      13.3564 -7.25737e-06
log_n_mat(21)      12.0372  5.95237e-07
nat_m_dev(1982)    -0.117887 -2.17668e-05
nat_m_dev(1983)    -0.415183  2.05656e-05
nat_m_dev(1984)    -0.561905  3.77851e-05
nat_m_dev(1985)      -1.0408  5.83031e-06
nat_m_dev(1986)     -1.13739 -3.85088e-06
nat_m_dev(1987)    -0.907321 -5.40873e-06
nat_m_dev(1988)    -0.675297  2.11752e-05
nat_m_dev(1989)    -0.407393  5.22188e-05
nat_m_dev(1990)    -0.176445  3.57886e-05
nat_m_dev(1991)    0.0881395   7.6232e-05
nat_m_dev(1992)   -0.0293276  4.63299e-05
nat_m_dev(1993)     0.187624  8.09319e-05
nat_m_dev(1994)     0.135081  5.18571e-06
nat_m_dev(1995)     0.229345   9.7491e-06
nat_m_dev(1996)     0.558245   2.1631e-05
nat_m_dev(1997)     0.685361  -4.3379e-05
nat_m_dev(1998)     0.224045   1.4262e-05
nat_m_dev(1999)    -0.685278  4.90168e-05
nat_m_dev(2000)    -0.454618  3.77416e-05
nat_m_dev(2001)     0.229113  7.97746e-05
nat_m_dev(2002)    -0.148425  1.48385e-05
nat_m_dev(2003)    -0.286329  2.50956e-05
nat_m_dev(2004)     -0.33006  8.98708e-06
nat_m_dev(2005)    -0.259779 -2.57705e-06
nat_m_dev(2006)    -0.413056  4.55641e-06
nat_m_dev(2007)    -0.322284  2.10498e-05
nat_m_dev(2008)    -0.456484 -9.40937e-06
nat_m_dev(2009)    -0.383039 -1.31653e-05
nat_m_dev(2010)     0.328167 -7.01885e-05
nat_m_dev(2011)     0.287208 -5.75961e-06
nat_m_dev(2012)     0.022334  8.13878e-06
nat_m_dev(2013)   -0.0227426 -3.33344e-05
nat_m_dev(2014)     0.618746  3.23426e-05
nat_m_dev(2015)     0.508435  2.08897e-05
nat_m_dev(2016)     -0.13509  8.73879e-06
nat_m_dev(2017)    -0.372242 -2.23083e-05
nat_m_dev(2018)     0.525048 -5.20731e-05
nat_m_dev(2019)      1.90223 -8.58457e-05
nat_m_dev(2020)            0  -5.0773e-06
nat_m_dev(2021)    -0.782265  1.91831e-05
nat_m_dev(2022)    -0.270086  2.38978e-05
nat_m_dev(2023)     0.261587 -1.65819e-06
nat_m_mat_dev(1982)    -0.238179  6.32449e-05
nat_m_mat_dev(1983)     0.594678  4.86916e-05
nat_m_mat_dev(1984)       1.3215 -3.01008e-06
nat_m_mat_dev(1985)     -0.54797  1.54272e-06
nat_m_mat_dev(1986)     -1.28076   1.6903e-05
nat_m_mat_dev(1987)    -0.941833  1.00389e-05
nat_m_mat_dev(1988)    -0.275298  1.52748e-05
nat_m_mat_dev(1989)    -0.118798 -1.18904e-06
nat_m_mat_dev(1990)     0.231653  1.33097e-05
nat_m_mat_dev(1991)      1.00245  4.10088e-05
nat_m_mat_dev(1992)    0.0770157  3.11984e-05
nat_m_mat_dev(1993)   -0.0118849  0.000118027
nat_m_mat_dev(1994)    0.0899243  5.50022e-05
nat_m_mat_dev(1995)     0.613522  3.97108e-05
nat_m_mat_dev(1996)     0.540717  5.91454e-06
nat_m_mat_dev(1997)     0.550954 -3.36104e-05
nat_m_mat_dev(1998)     0.686792  3.20298e-05
nat_m_mat_dev(1999)    -0.482348   3.7722e-06
nat_m_mat_dev(2000)    -0.638291 -1.28824e-05
nat_m_mat_dev(2001)     0.343464 -1.64202e-05
nat_m_mat_dev(2002)     0.229458  3.47656e-05
nat_m_mat_dev(2003)    -0.300272   4.1884e-05
nat_m_mat_dev(2004)    -0.375185 -1.04044e-07
nat_m_mat_dev(2005)     0.426946  1.08149e-05
nat_m_mat_dev(2006)     0.625437 -3.01639e-05
nat_m_mat_dev(2007)     0.537187 -2.72089e-05
nat_m_mat_dev(2008)    0.0451633 -3.22711e-06
nat_m_mat_dev(2009)    -0.802006  -2.4797e-06
nat_m_mat_dev(2010)    -0.877896  3.97789e-06
nat_m_mat_dev(2011)    -0.230556 -3.04102e-06
nat_m_mat_dev(2012)     0.716381 -4.86194e-05
nat_m_mat_dev(2013)     0.131198  1.38782e-05
nat_m_mat_dev(2014)     0.590647 -8.81006e-06
nat_m_mat_dev(2015)     0.273938  2.56023e-05
nat_m_mat_dev(2016)   -0.0776462  5.24814e-05
nat_m_mat_dev(2017)    0.0254048  3.53448e-05
nat_m_mat_dev(2018)     0.810002  2.45033e-05
nat_m_mat_dev(2019)        1.242  7.49762e-05
nat_m_mat_dev(2020)            0  1.13368e-05
nat_m_mat_dev(2021)     0.674512   1.0989e-05
nat_m_mat_dev(2022)    -0.103632 -3.26407e-06
nat_m_mat_dev(2023)     -1.07835   1.6095e-05
nat_m_lg_dev(1982)      2.49072  4.94143e-05
nat_m_lg_dev(1983)      1.89044  -5.5512e-05
nat_m_lg_dev(1984)      3.23271 -3.74958e-05
nat_m_lg_dev(1985)    -0.600533  6.19809e-05
nat_m_lg_dev(1986)     -3.88866  1.30731e-05
nat_m_lg_dev(1987)     -1.05882  6.04056e-05
nat_m_lg_dev(1988)     0.465902  6.23707e-05
nat_m_lg_dev(1989)     0.946825 -6.10641e-05
nat_m_lg_dev(1990)      3.17393  3.87022e-05
nat_m_lg_dev(1991)     0.762494  6.16774e-05
nat_m_lg_dev(1992)      2.88916 -4.38087e-05
nat_m_lg_dev(1993)     -3.43194  3.15781e-05
nat_m_lg_dev(1994)     -3.06285 -3.98934e-05
nat_m_lg_dev(1995)     -1.01666  6.05879e-05
nat_m_lg_dev(1996)      1.56081 -5.79438e-05
nat_m_lg_dev(1997)     -2.86386 -4.34066e-05
nat_m_lg_dev(1998)     -3.96537  -5.2741e-06
nat_m_lg_dev(1999)     -3.94342  8.20694e-06
nat_m_lg_dev(2000)     -2.39638  4.99502e-05
nat_m_lg_dev(2001)      1.70951 -5.69178e-05
nat_m_lg_dev(2002)      2.90071   4.3622e-05
nat_m_lg_dev(2003)       3.7472 -2.30062e-05
nat_m_lg_dev(2004)     -2.32215 -5.08146e-05
nat_m_lg_dev(2005)      1.32356  5.93546e-05
nat_m_lg_dev(2006)     0.128408  -6.2732e-05
nat_m_lg_dev(2007)     0.692272  6.18738e-05
nat_m_lg_dev(2008)     -1.61028 -5.72696e-05
nat_m_lg_dev(2009)      3.50941 -3.08293e-05
nat_m_lg_dev(2010)     -3.97879 -2.65522e-06
nat_m_lg_dev(2011)     -2.56995  4.77572e-05
nat_m_lg_dev(2012)     0.844963 -6.14206e-05
nat_m_lg_dev(2013)      3.41763 -3.32517e-05
nat_m_lg_dev(2014)     -2.63952  -4.6805e-05
nat_m_lg_dev(2015)      3.66064 -2.61863e-05
nat_m_lg_dev(2016)     -3.79717 -1.85433e-05
nat_m_lg_dev(2017)      3.59203  2.84111e-05
nat_m_lg_dev(2018)     -1.37452  5.87868e-05
nat_m_lg_dev(2019)     -3.75386 -2.06057e-05
nat_m_lg_dev(2020)      3.17987  -3.8583e-05
nat_m_lg_dev(2021)      3.52992  -3.0252e-05
nat_m_lg_dev(2022)      -3.9376 -8.84382e-06
nat_m_lg_dev(2023)      2.56319   4.8503e-05
log_avg_rec      21.1249  0.000306171
rec_devs(1982)    -0.156834  6.66637e-05
rec_devs(1983)    -0.182781 -6.79988e-05
rec_devs(1984)     0.187585  4.35969e-05
rec_devs(1985)     0.935369  -7.9461e-05
rec_devs(1986)     0.311855 -1.98948e-05
rec_devs(1987)     0.280134  3.44723e-05
rec_devs(1988)   -0.0651949  -0.00018568
rec_devs(1989)     0.267832 -0.000173327
rec_devs(1990)      1.27073 -0.000162587
rec_devs(1991)      1.60574  0.000112416
rec_devs(1992)      1.45193  0.000109629
rec_devs(1993)     0.607691  -3.6917e-06
rec_devs(1994)    -0.652951 -0.000115338
rec_devs(1995)    -0.770186  0.000115074
rec_devs(1996)    -0.457862   0.00020047
rec_devs(1997)    -0.431973  0.000125742
rec_devs(1998)    -0.587663 -0.000201956
rec_devs(1999)    -0.950229  3.74959e-05
rec_devs(2000)    -0.734905 -2.20218e-05
rec_devs(2001)     0.126961  3.61031e-05
rec_devs(2002)     0.194388 -3.13565e-05
rec_devs(2003)      0.18204  9.29933e-05
rec_devs(2004)    0.0495694  1.74827e-05
rec_devs(2005)     -0.61541  2.27976e-05
rec_devs(2006)     -1.43463  6.73606e-05
rec_devs(2007)    -0.268872  0.000101837
rec_devs(2008)      0.63144  9.84313e-05
rec_devs(2009)    0.0391007  0.000172159
rec_devs(2010)    -0.160771 -4.79549e-05
rec_devs(2011)    -0.138895 -7.14534e-06
rec_devs(2012)   -0.0562159 -9.55825e-05
rec_devs(2013)     0.108308 -8.54364e-05
rec_devs(2014)      1.59333 -0.000158419
rec_devs(2015)      1.52549  0.000131698
rec_devs(2016)      1.23079 -2.88147e-05
rec_devs(2017)     -1.11041   6.9087e-05
rec_devs(2018)     -2.14453  3.71476e-05
rec_devs(2019)     -2.43445  4.97056e-05
rec_devs(2020)     -1.59337  5.31729e-06
rec_devs(2021)    -0.949927   2.9554e-05
rec_devs(2022)      0.73792  6.25356e-05
rec_devs(2023)            0 -2.35592e-06
log_m_mu(1)     -1.35304  -0.00047723
log_m_mu(2)    -0.774265  0.000194697
log_m_mu(3)     -1.25738 -2.53208e-08
prop_rec(1)      14.2476  -0.00011442
prop_rec(2)      2.92525  0.000212558
log_f     0.137367 -0.000114912
f_dev(1)     -1.26759 -4.74574e-05
f_dev(2)     -1.90892 -3.55949e-05
f_dev(3)    -0.423002  -4.5334e-05
f_dev(4)     0.284589  3.26431e-05
f_dev(5)   -0.0126087  4.47265e-05
f_dev(6)    0.0677595  3.20318e-05
f_dev(7)     -0.22486 -1.34871e-06
f_dev(8)    -0.282805   2.6306e-05
f_dev(9)     0.702525  2.37263e-05
f_dev(10)     0.549135  3.21577e-05
f_dev(11)      1.51074 -4.89901e-05
f_dev(12)     0.814354 -5.73097e-06
f_dev(13)     0.769001 -9.07315e-06
f_dev(14)       0.3881 -2.09502e-05
f_dev(15)     0.451769  3.15813e-05
f_dev(16)     0.501858  3.28921e-05
f_dev(17)     0.993881 -5.37909e-05
f_dev(18)     -0.90738   2.9933e-05
f_dev(19)    -0.964572  2.13382e-05
f_dev(20)    0.0469552  7.41479e-06
f_dev(21)     0.201393  4.48553e-05
f_dev(22)    -0.879192  5.86057e-06
f_dev(23)     -1.17496  2.11375e-05
f_dev(24)    -0.517185  1.82541e-05
f_dev(25)    0.0946991  5.91839e-05
f_dev(26)     0.338849   1.6313e-05
f_dev(27)    -0.183858  4.78459e-05
f_dev(28)    -0.956451  5.66832e-05
f_dev(29)      -1.7937  2.74679e-05
f_dev(30)    -0.810021  4.89376e-05
f_dev(31)    0.0192271 -1.45176e-05
f_dev(32)     0.414319  4.07045e-05
f_dev(33)     0.650838  6.53333e-05
f_dev(34)     0.438171  1.84156e-05
f_dev(35)    -0.130019  1.30332e-06
f_dev(36)   -0.0186047  3.75612e-05
f_dev(37)      1.03248  1.87478e-05
f_dev(38)      1.53201  1.59139e-05
f_dev(39)      1.78753  1.68117e-05
f_dev(40)     -1.13446   4.9174e-06
fish_ret_sel_50      96.9093 -0.000421349
fish_ret_sel_50_post      102.053  0.000388716
fish_ret_sel_slope     0.214615 -0.000118445
fish_ret_sel_slope_post     0.297361  -1.8667e-05
fish_tot_sel_offset     -9.26541  2.23347e-06
fish_tot_sel_offset_dev(1)     -33.4853 -0.000349495
fish_tot_sel_offset_dev(2)      35.1234  0.000305857
fish_tot_sel_offset_dev(3)     -39.9878  1.42126e-05
fish_tot_sel_offset_dev(4)     -26.0817  0.000484477
fish_tot_sel_offset_dev(5)     -3.58641  0.000636465
fish_tot_sel_offset_dev(6)      3.44111  0.000636677
fish_tot_sel_offset_dev(7)      39.9703  2.56498e-05
fish_tot_sel_offset_dev(8)      27.7726  0.000459938
fish_tot_sel_offset_dev(9)       7.3738  0.000628097
fish_tot_sel_offset_dev(10)        18.68  0.000565098
fish_tot_sel_offset_dev(11)      4.73624  0.000634551
fish_tot_sel_offset_dev(12)     -32.3235  0.000376383
fish_tot_sel_offset_dev(13)     -25.4774 -0.000492616
fish_tot_sel_offset_dev(14)      7.92675  0.000626377
fish_tot_sel_offset_dev(15)     -36.7254  0.000253142
fish_tot_sel_offset_dev(16)      39.8746 -5.10469e-05
fish_tot_sel_offset_dev(17)      38.9771 -0.000143763
fish_tot_sel_offset_dev(18)      21.4974 -0.000538932
fish_tot_sel_offset_dev(19)      7.28676  0.000628357
fish_tot_sel_offset_dev(20)     -39.6043  8.93895e-05
fish_tot_sel_offset_dev(21)      4.30241  0.000635339
fish_tot_sel_offset_dev(22)      19.1886  0.000560732
fish_tot_sel_offset_dev(23)     -39.4724  0.000103212
fish_tot_sel_offset_dev(24)     -4.16143   0.00063557
fish_tot_sel_offset_dev(25)     -28.7644  0.000444027
fish_tot_sel_offset_dev(26)      20.0611 -0.000552885
fish_tot_sel_offset_dev(27)     -39.8276 -5.88431e-05
fish_tot_sel_offset_dev(28)      39.9999 -1.79717e-05
fish_tot_sel_offset_dev(29)     0.864304  0.000638894
fish_tot_sel_offset_dev(30)      39.9712  2.52646e-05
fish_tot_sel_offset_dev(31)      5.18442 -0.000633657
fish_tot_sel_offset_dev(32)      -35.285 -0.000300927
fish_tot_sel_offset_dev(33)      23.8561 -0.000512979
fish_tot_sel_offset_dev(34)      39.3741 -0.000112824
fish_tot_sel_offset_dev(35)     -33.7237  0.000343596
fish_tot_sel_offset_dev(36)      3.71808  0.000636279
fish_tot_sel_offset_dev(37)       -24.06 -0.000510484
fish_tot_sel_offset_dev(38)     -35.3528 -0.000298887
fish_tot_sel_offset_dev(39)      33.1316  0.000358113
fish_tot_sel_offset_dev(40)     -4.39296 -0.000635172
fish_tot_sel_slope     -1.62411 -0.000132232
surv_omega     0.569239 -8.99219e-06
surv_alpha1     0.106072  0.000233428
surv_beta1       111.59  2.58947e-05
surv_alpha2      0.17956  0.000288818
surv_beta2      41.6216  8.81136e-05
