# Number of parameters = 308 Objective function value = 308.524545365382  Maximum gradient component = 0.000638893888753680
# log_n_imm:
 18.5624235196872 19.6727480213025 19.7547039982601 19.9026463308159 19.8713346818234 19.7893757947596 19.4940855030647 19.4072702892965 19.3791911659806 18.8505159250528 18.3241506201125 18.3689148276387 17.8283163519849 16.7965959089009 15.2468314249981 13.2765682776889 11.9710480131732 10.3162865819084 9.60522484390480 8.24087647475643 6.50840195029839
# log_n_mat:
 17.7545483015532 11.5477086217954 15.7576284311630 17.4077233249101 18.3652908138029 18.9527895357993 19.0075199923192 18.8872849482585 18.9274493173870 19.0203402556995 18.8414823573653 18.4289056932847 18.0582064314558 18.2773788525845 18.2089759594722 17.5262712045945 16.6925529100582 15.6785788419837 14.6322964219114 13.3564272475352 12.0372492023104
# nat_m_dev:
 -0.117886523120181 -0.415183452111797 -0.561904761635552 -1.04079646855795 -1.13738774537678 -0.907320868113296 -0.675297395433104 -0.407392933696013 -0.176444648517309 0.0881395238191873 -0.0293275868866567 0.187623855529125 0.135080725653985 0.229345384188996 0.558244715724114 0.685360686880893 0.224045231674510 -0.685278474480700 -0.454617524891579 0.229113343647728 -0.148424906159848 -0.286328778418605 -0.330059503595048 -0.259779002771181 -0.413055623700978 -0.322283612934751 -0.456484014927628 -0.383038948068067 0.328166756169146 0.287208089665631 0.0223340230222961 -0.0227425994319977 0.618746032741459 0.508435116997665 -0.135090115633475 -0.372241604520552 0.525048188352349 1.90222763552243 0.00000000000000 -0.782265067521646 -0.270086375007862 0.261586610118363
# nat_m_mat_dev:
 -0.238178701272886 0.594677552249292 1.32150422989657 -0.547970369879190 -1.28075893611873 -0.941832824013948 -0.275297855625372 -0.118797787751785 0.231653230188406 1.00245346749312 0.0770156785777925 -0.0118848535877034 0.0899242998823402 0.613522373029904 0.540717472158637 0.550954308766780 0.686792254499086 -0.482348011787389 -0.638290898569413 0.343464241332350 0.229458422694043 -0.300271750339617 -0.375184838148038 0.426945833993896 0.625437332840061 0.537187440200618 0.0451632601090433 -0.802006241607808 -0.877895861287977 -0.230556432997169 0.716380838451488 0.131198442345244 0.590647262774549 0.273938147769034 -0.0776462485918600 0.0254048106768688 0.810001552448949 1.24200268243523 0.00000000000000 0.674511619748988 -0.103632035624940 -1.07834831636878
# nat_m_lg_dev:
 2.49072242969148 1.89043681620804 3.23271000330205 -0.600533470984922 -3.88866032461863 -1.05881603109356 0.465902248315310 0.946825305095287 3.17393417988993 0.762493715586852 2.88915810969296 -3.43193964230167 -3.06285051330643 -1.01665790283251 1.56081099792667 -2.86385731456308 -3.96537227752877 -3.94342317853128 -2.39637718028161 1.70951176787339 2.90071363777647 3.74720002528774 -2.32214965896224 1.32356102141575 0.128408258760019 0.692271699130926 -1.61027752745761 3.50940870781104 -3.97879116470705 -2.56995058509619 0.844963200408873 3.41763419793762 -2.63951594427767 3.66063928244047 -3.79716525893089 3.59202851633034 -1.37451827729845 -3.75386297914918 3.17987481850072 3.52992290191485 -3.93759918958939 2.56318658021435
# q_dev:
 0.00000000000000 0.00000000000000 0.00000000000000 0.00000000000000 0.00000000000000 0.00000000000000 0.00000000000000 0.00000000000000 0.00000000000000 0.00000000000000 0.00000000000000 0.00000000000000 0.00000000000000 0.00000000000000 0.00000000000000 0.00000000000000 0.00000000000000 0.00000000000000 0.00000000000000 0.00000000000000 0.00000000000000 0.00000000000000 0.00000000000000 0.00000000000000 0.00000000000000 0.00000000000000 0.00000000000000 0.00000000000000 0.00000000000000 0.00000000000000 0.00000000000000 0.00000000000000 0.00000000000000 0.00000000000000 0.00000000000000 0.00000000000000 0.00000000000000 0.00000000000000 0.00000000000000 0.00000000000000 0.00000000000000 0.00000000000000
# q_mat_dev:
 0.00000000000000 0.00000000000000 0.00000000000000 0.00000000000000 0.00000000000000 0.00000000000000 0.00000000000000 0.00000000000000 0.00000000000000 0.00000000000000 0.00000000000000 0.00000000000000 0.00000000000000 0.00000000000000 0.00000000000000 0.00000000000000 0.00000000000000 0.00000000000000 0.00000000000000 0.00000000000000 0.00000000000000 0.00000000000000 0.00000000000000 0.00000000000000 0.00000000000000 0.00000000000000 0.00000000000000 0.00000000000000 0.00000000000000 0.00000000000000 0.00000000000000 0.00000000000000 0.00000000000000 0.00000000000000 0.00000000000000 0.00000000000000 0.00000000000000 0.00000000000000 0.00000000000000 0.00000000000000 0.00000000000000 0.00000000000000
# q_lg_dev:
 0.00000000000000 0.00000000000000 0.00000000000000 0.00000000000000 0.00000000000000 0.00000000000000 0.00000000000000 0.00000000000000 0.00000000000000 0.00000000000000 0.00000000000000 0.00000000000000 0.00000000000000 0.00000000000000 0.00000000000000 0.00000000000000 0.00000000000000 0.00000000000000 0.00000000000000 0.00000000000000 0.00000000000000 0.00000000000000 0.00000000000000 0.00000000000000 0.00000000000000 0.00000000000000 0.00000000000000 0.00000000000000 0.00000000000000 0.00000000000000 0.00000000000000 0.00000000000000 0.00000000000000 0.00000000000000 0.00000000000000 0.00000000000000 0.00000000000000 0.00000000000000 0.00000000000000 0.00000000000000 0.00000000000000 0.00000000000000
# log_avg_rec:
21.1248818192
# rec_devs:
 -0.156834228024 -0.182781131062 0.187585303526 0.935369110624 0.311854675046 0.280133815134 -0.0651949305846 0.267832385187 1.27072967104 1.60574278482 1.45193002070 0.607691424861 -0.652950979398 -0.770185774898 -0.457862435315 -0.431973479750 -0.587662874897 -0.950228958723 -0.734904784343 0.126960933078 0.194387503584 0.182039877995 0.0495693800054 -0.615409690769 -1.43463224482 -0.268872223893 0.631439914525 0.0391006551621 -0.160771398508 -0.138894523763 -0.0562158591475 0.108307827799 1.59332907792 1.52548864413 1.23079472357 -1.11041072916 -2.14453482722 -2.43444781694 -1.59337469582 -0.949927213289 0.737920422524 0.00000000000
# sigma_m:
 1.00000000000 1.00000000000 1.00000000000
# log_m_mu:
 -1.35304237410 -0.774265151445 -1.25738149728
# prop_rec:
 14.2476048750 2.92525187223
# sigma_q:
 0.100000000000 0.100000000000
# log_f:
0.137367078049
# f_dev:
 -1.26759468254 -1.90892348319 -0.423002184673 0.284589152852 -0.0126087078766 0.0677595491726 -0.224860215475 -0.282804607521 0.702524924091 0.549134877212 1.51074310650 0.814353957632 0.769000521184 0.388100267220 0.451769464470 0.501858054688 0.993880737818 -0.907379890472 -0.964571756564 0.0469552493373 0.201392515181 -0.879192195307 -1.17495982048 -0.517184688088 0.0946990775953 0.338849114487 -0.183858103205 -0.956451035318 -1.79369870564 -0.810020838997 0.0192270962578 0.414318953356 0.650838027066 0.438170578368 -0.130018763795 -0.0186047056799 1.03247538971 1.53201479508 1.78753498301 -1.13445600747
# fish_ret_sel_50:
96.9093066177
# fish_ret_sel_50_post:
102.052587447
# fish_ret_sel_slope:
0.214615386013
# fish_ret_sel_slope_post:
0.297360855985
# fish_tot_sel_offset:
-9.26540683830
# fish_tot_sel_offset_dev:
 -33.4853338684 35.1233798948 -39.9877715628 -26.0817175859 -3.58640692968 3.44110539634 39.9702749431 27.7725833636 7.37379932622 18.6800466507 4.73624342535 -32.3234509435 -25.4774184381 7.92674806779 -36.7253697412 39.8746485500 38.9771206871 21.4974343429 7.28675790042 -39.6042820271 4.30241009525 19.1886383571 -39.4723799535 -4.16143353829 -28.7644309206 20.0610622660 -39.8276146409 39.9998859449 0.864303843657 39.9712379173 5.18442298426 -35.2849515735 23.8560759721 39.3741179016 -33.7236786307 3.71808037723 -24.0599804904 -35.3528142315 33.1316152722 -4.39295840406
# fish_tot_sel_slope:
-1.62410715126
# surv_omega:
0.569238966800
# surv_alpha1:
0.106071970794
# surv_beta1:
111.589702589
# surv_alpha2:
0.179560147672
# surv_beta2:
41.6216108278
