ParName   Value   Gradient
log_n_imm(1)      18.5624  1.02426e-05
log_n_imm(2)      19.6727  4.10468e-06
log_n_imm(3)      19.7547   1.3507e-05
log_n_imm(4)      19.9026  5.55838e-05
log_n_imm(5)      19.8713  1.50649e-06
log_n_imm(6)      19.7894  3.94218e-06
log_n_imm(7)      19.4941  -1.7899e-05
log_n_imm(8)      19.4073  4.48756e-05
log_n_imm(9)      19.3792  3.15759e-05
log_n_imm(10)      18.8505 -3.82409e-05
log_n_imm(11)      18.3241 -6.93465e-05
log_n_imm(12)      18.3689  8.51085e-06
log_n_imm(13)      17.8283 -2.89129e-06
log_n_imm(14)      16.7966  9.76254e-06
log_n_imm(15)      15.2468  2.74417e-05
log_n_imm(16)      13.2766  1.88179e-06
log_n_imm(17)       11.971 -1.40938e-05
log_n_imm(18)      10.3163  1.29709e-06
log_n_imm(19)      9.60494  5.77711e-06
log_n_imm(20)      8.24067  1.36652e-06
log_n_imm(21)      6.52171  7.68437e-06
log_n_mat(1)      17.7545 -5.79098e-06
log_n_mat(2)      11.5477  2.53799e-09
log_n_mat(3)      15.7576  6.97935e-06
log_n_mat(4)      17.4077 -1.97913e-06
log_n_mat(5)      18.3653  3.51807e-06
log_n_mat(6)      18.9528 -1.79853e-05
log_n_mat(7)      19.0075  1.01361e-07
log_n_mat(8)      18.8873 -1.99506e-05
log_n_mat(9)      18.9274  3.04787e-06
log_n_mat(10)      19.0203  1.50129e-05
log_n_mat(11)      18.8415 -6.16609e-06
log_n_mat(12)      18.4289 -3.88366e-06
log_n_mat(13)      18.0582 -7.14206e-06
log_n_mat(14)      18.2774  3.74188e-05
log_n_mat(15)       18.209  1.39015e-05
log_n_mat(16)      17.5263 -7.38131e-06
log_n_mat(17)      16.6926  1.04471e-05
log_n_mat(18)      15.6786  -1.0366e-06
log_n_mat(19)      14.6323 -1.72671e-05
log_n_mat(20)      13.3564  1.62599e-06
log_n_mat(21)      12.0372  1.36719e-06
nat_m_dev(1982)    -0.117885  1.56172e-05
nat_m_dev(1983)    -0.415182  2.32064e-05
nat_m_dev(1984)    -0.561908  1.59364e-05
nat_m_dev(1985)      -1.0408  1.79567e-05
nat_m_dev(1986)     -1.13739  2.27554e-05
nat_m_dev(1987)     -0.90732  2.44187e-05
nat_m_dev(1988)    -0.675298  3.11277e-05
nat_m_dev(1989)    -0.407395  3.49892e-05
nat_m_dev(1990)    -0.176443  3.87695e-05
nat_m_dev(1991)      0.08814  5.87597e-05
nat_m_dev(1992)   -0.0293257  6.82365e-05
nat_m_dev(1993)     0.187621  8.99962e-05
nat_m_dev(1994)     0.135081  5.92703e-05
nat_m_dev(1995)     0.229346  6.54254e-05
nat_m_dev(1996)     0.558242  7.66036e-05
nat_m_dev(1997)     0.685362  7.58952e-05
nat_m_dev(1998)     0.224045  7.60057e-05
nat_m_dev(1999)    -0.685281  3.10787e-05
nat_m_dev(2000)    -0.454619   3.6956e-05
nat_m_dev(2001)      0.22911  4.18176e-05
nat_m_dev(2002)    -0.148423  3.18966e-05
nat_m_dev(2003)    -0.286329  3.49061e-05
nat_m_dev(2004)     -0.33006  2.73107e-05
nat_m_dev(2005)    -0.259779  2.01958e-05
nat_m_dev(2006)    -0.413055  2.89459e-05
nat_m_dev(2007)    -0.322286  1.16445e-05
nat_m_dev(2008)    -0.456483  2.46455e-05
nat_m_dev(2009)    -0.383039  1.64346e-05
nat_m_dev(2010)      0.32817  9.91363e-06
nat_m_dev(2011)     0.287205  9.95268e-06
nat_m_dev(2012)    0.0223336  3.76928e-05
nat_m_dev(2013)   -0.0227386  2.92936e-05
nat_m_dev(2014)     0.618745  2.57086e-05
nat_m_dev(2015)     0.508436  2.24148e-05
nat_m_dev(2016)    -0.135091  1.58308e-05
nat_m_dev(2017)     -0.37224   1.3278e-05
nat_m_dev(2018)      0.52505  3.06413e-06
nat_m_dev(2019)      1.90223 -1.79494e-05
nat_m_dev(2020)            0 -5.31127e-06
nat_m_dev(2021)    -0.782266  2.22174e-05
nat_m_dev(2022)    -0.270087  2.54196e-05
nat_m_dev(2023)      0.26159  2.83822e-05
nat_m_mat_dev(1982)    -0.238183 -2.98895e-05
nat_m_mat_dev(1983)     0.594678 -3.46539e-05
nat_m_mat_dev(1984)       1.3215 -4.79924e-05
nat_m_mat_dev(1985)    -0.547971 -3.70214e-05
nat_m_mat_dev(1986)     -1.28076 -3.32269e-05
nat_m_mat_dev(1987)    -0.941832 -2.94289e-05
nat_m_mat_dev(1988)    -0.275297 -3.07937e-05
nat_m_mat_dev(1989)    -0.118797 -3.36775e-05
nat_m_mat_dev(1990)     0.231653     -2.9e-05
nat_m_mat_dev(1991)      1.00245 -1.86813e-06
nat_m_mat_dev(1992)    0.0770168 -1.80695e-05
nat_m_mat_dev(1993)   -0.0118914 -1.75979e-05
nat_m_mat_dev(1994)    0.0899244 -6.80575e-06
nat_m_mat_dev(1995)     0.613522 -4.28282e-06
nat_m_mat_dev(1996)     0.540718  2.10489e-05
nat_m_mat_dev(1997)     0.550957   3.6469e-06
nat_m_mat_dev(1998)      0.68679  1.09937e-06
nat_m_mat_dev(1999)    -0.482348 -1.59764e-05
nat_m_mat_dev(2000)    -0.638288 -1.95528e-05
nat_m_mat_dev(2001)     0.343468 -5.02385e-06
nat_m_mat_dev(2002)     0.229456 -1.32547e-05
nat_m_mat_dev(2003)    -0.300273 -1.34055e-05
nat_m_mat_dev(2004)    -0.375183 -3.15221e-05
nat_m_mat_dev(2005)     0.426944 -3.14058e-05
nat_m_mat_dev(2006)     0.625439 -1.13302e-05
nat_m_mat_dev(2007)     0.537189 -5.71484e-06
nat_m_mat_dev(2008)    0.0451623 -3.21171e-05
nat_m_mat_dev(2009)    -0.802005  -3.2384e-05
nat_m_mat_dev(2010)    -0.877895 -2.79421e-05
nat_m_mat_dev(2011)    -0.230555 -3.20838e-05
nat_m_mat_dev(2012)     0.716381 -9.58862e-05
nat_m_mat_dev(2013)     0.131196 -4.90571e-05
nat_m_mat_dev(2014)     0.590648 -2.96866e-05
nat_m_mat_dev(2015)     0.273937 -3.19931e-05
nat_m_mat_dev(2016)   -0.0776501 -1.98737e-05
nat_m_mat_dev(2017)    0.0254029 -2.44475e-05
nat_m_mat_dev(2018)     0.810004 -2.65562e-05
nat_m_mat_dev(2019)        1.242  -4.4013e-05
nat_m_mat_dev(2020)            0 -2.00635e-06
nat_m_mat_dev(2021)     0.674513 -5.55534e-06
nat_m_mat_dev(2022)     -0.10363 -2.81511e-05
nat_m_mat_dev(2023)     -1.07835 -2.66205e-05
nat_m_lg_dev(1982)    -0.219399  2.26013e-07
nat_m_lg_dev(1983)    -0.220627  2.25887e-07
nat_m_lg_dev(1984)    -0.111556  2.36905e-07
nat_m_lg_dev(1985)   -0.0815481  2.39899e-07
nat_m_lg_dev(1986)    -0.184973  2.29513e-07
nat_m_lg_dev(1987)     0.510465  2.96458e-07
nat_m_lg_dev(1988)     0.629046  3.07407e-07
nat_m_lg_dev(1989)   -0.0661467  2.41429e-07
nat_m_lg_dev(1990)    -0.224874  2.25454e-07
nat_m_lg_dev(1991)     0.183051  2.65688e-07
nat_m_lg_dev(1992)    -0.171167  2.30911e-07
nat_m_lg_dev(1993)    -0.224873  2.25454e-07
nat_m_lg_dev(1994)   -0.0160258  2.46383e-07
nat_m_lg_dev(1995)    -0.163412  2.31695e-07
nat_m_lg_dev(1996)     0.211863  2.68439e-07
nat_m_lg_dev(1997)    -0.183102  2.29703e-07
nat_m_lg_dev(1998)    -0.220837  2.25866e-07
nat_m_lg_dev(1999)    -0.224877  2.25454e-07
nat_m_lg_dev(2000)    -0.147152  2.33334e-07
nat_m_lg_dev(2001)     0.554888  3.00568e-07
nat_m_lg_dev(2002)    -0.203008  2.27682e-07
nat_m_lg_dev(2003)    -0.222888  2.25657e-07
nat_m_lg_dev(2004)   -0.0682331  2.41222e-07
nat_m_lg_dev(2005)     -0.21503  2.26458e-07
nat_m_lg_dev(2006)     0.381846  2.84485e-07
nat_m_lg_dev(2007)    -0.188155  2.29191e-07
nat_m_lg_dev(2008)    -0.191435  2.28858e-07
nat_m_lg_dev(2009)     0.246397  2.71723e-07
nat_m_lg_dev(2010)     0.528767  2.98153e-07
nat_m_lg_dev(2011)    -0.216286   2.2633e-07
nat_m_lg_dev(2012)     0.102978  2.57989e-07
nat_m_lg_dev(2013)    -0.015155  2.46468e-07
nat_m_lg_dev(2014)    -0.203758  2.27606e-07
nat_m_lg_dev(2015)     0.223923  2.69587e-07
nat_m_lg_dev(2016)     0.302426  2.77024e-07
nat_m_lg_dev(2017)    -0.190249  2.28978e-07
nat_m_lg_dev(2018)    -0.132607  2.34796e-07
nat_m_lg_dev(2019)     0.585741  3.03417e-07
nat_m_lg_dev(2020)   -0.0299451  2.45011e-07
nat_m_lg_dev(2021)    -0.197757  2.28216e-07
nat_m_lg_dev(2022)     -0.21775  2.26181e-07
nat_m_lg_dev(2023)     0.291433  2.75987e-07
log_avg_rec      21.0196 -0.000870849
rec_devs(1982)   -0.0515526  7.25132e-05
rec_devs(1983)   -0.0774994  7.53395e-05
rec_devs(1984)     0.292867  0.000144329
rec_devs(1985)      1.04065  9.60596e-05
rec_devs(1986)     0.417136 -5.40788e-05
rec_devs(1987)     0.385415  4.03753e-05
rec_devs(1988)    0.0400869  2.36187e-05
rec_devs(1989)     0.373115  5.08501e-05
rec_devs(1990)      1.37601 -1.12064e-06
rec_devs(1991)      1.71102 -6.99318e-05
rec_devs(1992)      1.55721  3.77205e-05
rec_devs(1993)     0.712971 -3.91725e-05
rec_devs(1994)    -0.547667  4.10009e-05
rec_devs(1995)    -0.664908 -8.57281e-05
rec_devs(1996)    -0.352581  4.45064e-05
rec_devs(1997)    -0.326693 -4.78084e-05
rec_devs(1998)    -0.482381  6.57587e-05
rec_devs(1999)    -0.844949  2.82848e-05
rec_devs(2000)    -0.629623  6.33028e-05
rec_devs(2001)     0.232242  5.50015e-05
rec_devs(2002)      0.29967  3.69908e-05
rec_devs(2003)     0.287321  9.35788e-05
rec_devs(2004)     0.154851  5.52394e-05
rec_devs(2005)    -0.510128  8.26713e-05
rec_devs(2006)     -1.32935  7.98508e-05
rec_devs(2007)     -0.16359  9.21475e-05
rec_devs(2008)     0.736722  0.000145301
rec_devs(2009)     0.144382  9.41147e-05
rec_devs(2010)   -0.0554893  5.05243e-05
rec_devs(2011)   -0.0336133 -3.53094e-06
rec_devs(2012)    0.0490667  5.13236e-05
rec_devs(2013)     0.213591  0.000124678
rec_devs(2014)      1.69861  3.20761e-05
rec_devs(2015)      1.63077  0.000144617
rec_devs(2016)      1.33608  6.96525e-05
rec_devs(2017)     -1.00513  7.19109e-05
rec_devs(2018)     -2.03926  5.58154e-05
rec_devs(2019)     -2.32916   5.2307e-05
rec_devs(2020)     -1.48809  4.71606e-05
rec_devs(2021)    -0.844646  7.99611e-05
rec_devs(2022)     0.843202  8.59423e-05
rec_devs(2023)            0   6.0925e-05
log_m_mu(1)     -1.35304  0.000281395
log_m_mu(2)    -0.774265  0.000253729
log_m_mu(3)     -1.16958 -1.66637e-08
prop_rec(1)      14.2476 -3.30408e-05
prop_rec(2)      2.92524  4.55194e-05
log_f     0.137367 -1.75331e-05
f_dev(1)     -1.26759  9.46051e-06
f_dev(2)     -1.90892   -1.228e-06
f_dev(3)    -0.423002  6.66782e-06
f_dev(4)     0.284589  3.85778e-06
f_dev(5)   -0.0126089  3.21063e-06
f_dev(6)    0.0677597  1.12924e-05
f_dev(7)     -0.22486   9.4735e-06
f_dev(8)    -0.282804  -1.3559e-06
f_dev(9)     0.702525  6.79779e-06
f_dev(10)     0.549135   9.4168e-07
f_dev(11)      1.51075  1.43541e-05
f_dev(12)     0.814354  2.42527e-06
f_dev(13)        0.769  3.84674e-07
f_dev(14)       0.3881 -1.09834e-05
f_dev(15)     0.451769 -4.74578e-06
f_dev(16)     0.501859 -8.97918e-06
f_dev(17)     0.993882 -3.51506e-06
f_dev(18)     -0.90738  1.23393e-05
f_dev(19)    -0.964572  -1.2566e-05
f_dev(20)     0.046957 -1.09201e-05
f_dev(21)     0.201393 -1.33746e-05
f_dev(22)    -0.879193 -5.53665e-06
f_dev(23)     -1.17496 -6.28196e-06
f_dev(24)    -0.517186  6.31568e-06
f_dev(25)    0.0946981  3.37012e-07
f_dev(26)      0.33885 -2.23123e-06
f_dev(27)    -0.183858 -2.88671e-06
f_dev(28)    -0.956452 -1.04505e-05
f_dev(29)      -1.7937 -3.05407e-06
f_dev(30)    -0.810021  2.42757e-06
f_dev(31)    0.0192281  1.41624e-05
f_dev(32)     0.414318  1.33599e-05
f_dev(33)     0.650837 -9.59237e-06
f_dev(34)     0.438171  -6.3215e-07
f_dev(35)    -0.130019  7.25002e-06
f_dev(36)   -0.0186067 -1.40491e-06
f_dev(37)      1.03248  -2.6629e-06
f_dev(38)      1.53202 -3.72837e-06
f_dev(39)      1.78753 -3.62461e-07
f_dev(40)     -1.13446  7.16097e-06
fish_ret_sel_50      96.9093   0.00030714
fish_ret_sel_50_post      102.053 -0.000121954
fish_ret_sel_slope     0.214615  6.23099e-05
fish_ret_sel_slope_post     0.297361  2.44978e-05
fish_tot_sel_offset      -9.2654 -4.66154e-06
fish_tot_sel_offset_dev(1)      27.3145  0.000214567
fish_tot_sel_offset_dev(2)     -19.4139  0.000256728
fish_tot_sel_offset_dev(3)      4.78966  0.000291549
fish_tot_sel_offset_dev(4)      3.48192  0.000292545
fish_tot_sel_offset_dev(5)      32.5968  0.000170251
fish_tot_sel_offset_dev(6)     -17.8875  0.000262639
fish_tot_sel_offset_dev(7)     -15.9795  0.000269189
fish_tot_sel_offset_dev(8)     -21.6081  0.000247097
fish_tot_sel_offset_dev(9)     -36.5068   0.00011993
fish_tot_sel_offset_dev(10)      21.5972  0.000247199
fish_tot_sel_offset_dev(11)       -33.17   0.00016406
fish_tot_sel_offset_dev(12)     -21.9321  0.000245554
fish_tot_sel_offset_dev(13)      -4.2121   0.00029202
fish_tot_sel_offset_dev(14)     -9.75892  0.000284773
fish_tot_sel_offset_dev(15)     -2.62502  0.000293021
fish_tot_sel_offset_dev(16)     -6.03062  0.000290294
fish_tot_sel_offset_dev(17)     -1.87788  0.000293331
fish_tot_sel_offset_dev(18)     0.445201  0.000293639
fish_tot_sel_offset_dev(19)     -1.81924  0.000293351
fish_tot_sel_offset_dev(20)      33.2072   0.00016377
fish_tot_sel_offset_dev(21)       36.949  0.000112581
fish_tot_sel_offset_dev(22)     -17.6193  0.000263614
fish_tot_sel_offset_dev(23)      22.9416  0.000240585
fish_tot_sel_offset_dev(24)      10.8059  0.000282749
fish_tot_sel_offset_dev(25)     -3.00669  0.000292823
fish_tot_sel_offset_dev(26)     -13.9153    0.0002753
fish_tot_sel_offset_dev(27)      20.5949  0.000251766
fish_tot_sel_offset_dev(28)      14.0189  0.000275046
fish_tot_sel_offset_dev(29)      26.2269  0.000221758
fish_tot_sel_offset_dev(30)     -28.2877  0.000207582
fish_tot_sel_offset_dev(31)     -2.30149  0.000293168
fish_tot_sel_offset_dev(32)       -38.58  7.74049e-05
fish_tot_sel_offset_dev(33)      -32.897  0.000166996
fish_tot_sel_offset_dev(34)     -15.2083  0.000271587
fish_tot_sel_offset_dev(35)     -11.4267  0.000281408
fish_tot_sel_offset_dev(36)      26.6531  0.000219003
fish_tot_sel_offset_dev(37)      25.5202  0.000226158
fish_tot_sel_offset_dev(38)      1.12296  0.000293542
fish_tot_sel_offset_dev(39)      14.7682  0.000272925
fish_tot_sel_offset_dev(40)      33.0301   0.00016569
fish_tot_sel_slope     -1.62411  0.000111937
surv_omega     0.569239   2.0671e-05
surv_alpha1     0.106072  5.35899e-05
surv_beta1       111.59  1.89765e-05
surv_alpha2      0.17956 -3.38197e-05
surv_beta2      41.6216 -1.65871e-05
