# Number of parameters = 308 Objective function value = 308.524545382659  Maximum gradient component = 0.000870849094192493
# log_n_imm:
 18.5624224679934 19.6727499762715 19.7547023503020 19.9026476151510 19.8713343686990 19.7893761680930 19.4940856035911 19.4072708906300 19.3791921299595 18.8505160241839 18.3241495845607 18.3689150063648 17.8283174554346 16.7965964109227 15.2468372699460 13.2765670151363 11.9709633030776 10.3162512739694 9.60493963648599 8.24066788052398 6.52170976071945
# log_n_mat:
 17.7545492820789 11.5477164586168 15.7576320477257 17.4077205163123 18.3652903304174 18.9527876833312 19.0075192394430 18.8872838753299 18.9274498352951 19.0203395218758 18.8414820949222 18.4289050136593 18.0582049487691 18.2773792315025 18.2089757607262 17.5262711538440 16.6925543080615 15.6785789110704 14.6322973616989 13.3564286875486 12.0372020956951
# nat_m_dev:
 -0.117884648350847 -0.415181817442893 -0.561907846960093 -1.04079651411232 -1.13738665904641 -0.907319764816920 -0.675297714762676 -0.407394524977554 -0.176443190628890 0.0881399988950040 -0.0293257368492714 0.187620994672629 0.135081098796403 0.229345673301307 0.558242011636918 0.685361808261586 0.224045010164485 -0.685281033115585 -0.454618520888423 0.229109742760600 -0.148423462552340 -0.286328960150823 -0.330059865728672 -0.259779228779270 -0.413055368846520 -0.322286016314894 -0.456482863923812 -0.383038513832064 0.328170498669152 0.287205088514212 0.0223335832801137 -0.0227386224973460 0.618745150005827 0.508435695447370 -0.135090887022389 -0.372240312872930 0.525049997554078 1.90222691035611 0.00000000000000 -0.782265982190424 -0.270087485784626 0.261589665979783
# nat_m_mat_dev:
 -0.238183034413360 0.594678171800636 1.32150437550234 -0.547970611176911 -1.28075949909875 -0.941832206993102 -0.275297471365976 -0.118796709454481 0.231653491626105 1.00245423206621 0.0770167991987589 -0.0118914369226439 0.0899243736787427 0.613522067014651 0.540718084017185 0.550957067278812 0.686790353879432 -0.482348327802780 -0.638288228206443 0.343467850573653 0.229455872646801 -0.300272804730128 -0.375183376763166 0.426944473409055 0.625439248758386 0.537189268477415 0.0451623145319917 -0.802005481007217 -0.877894544473523 -0.230554739457377 0.716380811514177 0.131195809681633 0.590648477598780 0.273937460624652 -0.0776500833688753 0.0254029343297242 0.810003598858251 1.24200182627210 0.00000000000000 0.674512537728490 -0.103630378494113 -1.07834778893627
# nat_m_lg_dev:
 -0.219398925459694 -0.220626638341040 -0.111556126890737 -0.0815481212389667 -0.184973493842903 0.510464778689120 0.629045604024896 -0.0661466567379289 -0.224874253121754 0.183050952053672 -0.171166531123823 -0.224872547560487 -0.0160257536442040 -0.163412374677796 0.211863437426407 -0.183102089997460 -0.220837224609537 -0.224876721434802 -0.147152249427634 0.554888158949737 -0.203008033535027 -0.222887723755510 -0.0682331350191460 -0.215029839882974 0.381845883655457 -0.188154671114846 -0.191435365377289 0.246396597077022 0.528767456017827 -0.216286032997559 0.102978489170302 -0.0151550202565601 -0.203758307506469 0.223922625593648 0.302426113123964 -0.190248743425324 -0.132607045429939 0.585741484390619 -0.0299450663547668 -0.197756557460843 -0.217749542493212 0.291433212545560
# q_dev:
 0.00000000000000 0.00000000000000 0.00000000000000 0.00000000000000 0.00000000000000 0.00000000000000 0.00000000000000 0.00000000000000 0.00000000000000 0.00000000000000 0.00000000000000 0.00000000000000 0.00000000000000 0.00000000000000 0.00000000000000 0.00000000000000 0.00000000000000 0.00000000000000 0.00000000000000 0.00000000000000 0.00000000000000 0.00000000000000 0.00000000000000 0.00000000000000 0.00000000000000 0.00000000000000 0.00000000000000 0.00000000000000 0.00000000000000 0.00000000000000 0.00000000000000 0.00000000000000 0.00000000000000 0.00000000000000 0.00000000000000 0.00000000000000 0.00000000000000 0.00000000000000 0.00000000000000 0.00000000000000 0.00000000000000 0.00000000000000
# q_mat_dev:
 0.00000000000000 0.00000000000000 0.00000000000000 0.00000000000000 0.00000000000000 0.00000000000000 0.00000000000000 0.00000000000000 0.00000000000000 0.00000000000000 0.00000000000000 0.00000000000000 0.00000000000000 0.00000000000000 0.00000000000000 0.00000000000000 0.00000000000000 0.00000000000000 0.00000000000000 0.00000000000000 0.00000000000000 0.00000000000000 0.00000000000000 0.00000000000000 0.00000000000000 0.00000000000000 0.00000000000000 0.00000000000000 0.00000000000000 0.00000000000000 0.00000000000000 0.00000000000000 0.00000000000000 0.00000000000000 0.00000000000000 0.00000000000000 0.00000000000000 0.00000000000000 0.00000000000000 0.00000000000000 0.00000000000000 0.00000000000000
# q_lg_dev:
 0.00000000000000 0.00000000000000 0.00000000000000 0.00000000000000 0.00000000000000 0.00000000000000 0.00000000000000 0.00000000000000 0.00000000000000 0.00000000000000 0.00000000000000 0.00000000000000 0.00000000000000 0.00000000000000 0.00000000000000 0.00000000000000 0.00000000000000 0.00000000000000 0.00000000000000 0.00000000000000 0.00000000000000 0.00000000000000 0.00000000000000 0.00000000000000 0.00000000000000 0.00000000000000 0.00000000000000 0.00000000000000 0.00000000000000 0.00000000000000 0.00000000000000 0.00000000000000 0.00000000000000 0.00000000000000 0.00000000000000 0.00000000000000 0.00000000000000 0.00000000000000 0.00000000000000 0.00000000000000 0.00000000000000 0.00000000000000
# log_avg_rec:
21.0196004813
# rec_devs:
 -0.0515526381848 -0.0774994085313 0.292866946101 1.04065102273 0.417136032143 0.385414600812 0.0400869220143 0.373114621418 1.37601169194 1.71102365258 1.55721069233 0.712971366432 -0.547666648053 -0.664908036308 -0.352580617424 -0.326693219366 -0.482381226181 -0.844948945402 -0.629622717074 0.232242492077 0.299669648211 0.287321423814 0.154851254449 -0.510128282289 -1.32935070203 -0.163590091164 0.736722494142 0.144382049879 -0.0554892802635 -0.0336133440847 0.0490666981676 0.213591352277 1.69861097681 1.63077029150 1.33607641028 -1.00513109079 -2.03925817071 -2.32916374695 -1.48809331543 -0.844646041253 0.843201815290 0.00000000000
# sigma_m:
 1.00000000000 1.00000000000 1.00000000000
# log_m_mu:
 -1.35304205045 -0.774265372659 -1.16958219844
# prop_rec:
 14.2475955326 2.92524210639
# sigma_q:
 0.100000000000 0.100000000000
# log_f:
0.137367009293
# f_dev:
 -1.26759484872 -1.90892357692 -0.423001533644 0.284588979823 -0.0126089213851 0.0677596589434 -0.224859826576 -0.282804462170 0.702524998549 0.549134879418 1.51074611945 0.814354390605 0.768999696438 0.388100087228 0.451769290055 0.501858705754 0.993882208147 -0.907380356960 -0.964572128417 0.0469569760127 0.201393023670 -0.879192930561 -1.17496063653 -0.517185767825 0.0946980500304 0.338849772422 -0.183858325523 -0.956451624502 -1.79369889298 -0.810020742081 0.0192281171505 0.414318013776 0.650837086599 0.438170881936 -0.130019228017 -0.0186066991896 1.03247502371 1.53201503548 1.78753473699 -1.13445523019
# fish_ret_sel_50:
96.9093103186
# fish_ret_sel_50_post:
102.052585988
# fish_ret_sel_slope:
0.214615440318
# fish_ret_sel_slope_post:
0.297360860393
# fish_tot_sel_offset:
-9.26540334462
# fish_tot_sel_offset_dev:
 27.3144941207 -19.4139494143 4.78966128412 3.48192441309 32.5967786405 -17.8875453455 -15.9795172056 -21.6080755515 -36.5067578744 21.5971889046 -33.1699966227 -21.9320794001 -4.21210173276 -9.75891841382 -2.62501526731 -6.03062151337 -1.87787619168 0.445201352256 -1.81923724511 33.2072461351 36.9490172902 -17.6193445458 22.9415804631 10.8058814357 -3.00668891169 -13.9153030958 20.5949191481 14.0189234130 26.2268965517 -28.2876743886 -2.30149423058 -38.5800495445 -32.8970472720 -15.2082528542 -11.4266701157 26.6531129395 25.5201944442 1.12295542504 14.7681762392 33.0300645368
# fish_tot_sel_slope:
-1.62410714537
# surv_omega:
0.569239008741
# surv_alpha1:
0.106071927922
# surv_beta1:
111.589700926
# surv_alpha2:
0.179560199635
# surv_beta2:
41.6216110732
