# Number of parameters = 308 Objective function value = 308.524545366531  Maximum gradient component = 0.000313423368161915
# log_n_imm:
 18.5624212357265 19.6727508022428 19.7547023415162 19.9026474803428 19.8713347419375 19.7893763324385 19.4940865432868 19.4072707358501 19.3791922031096 18.8505166211478 18.3241499656356 18.3689150936942 17.8283181298589 16.7965963654075 15.2468344287078 13.2765588237257 11.9710111101768 10.3162806613418 9.60522396917185 8.24083861751563 6.51082482672449
# log_n_mat:
 17.7545509909926 11.5477197093077 15.7576293607165 17.4077198055893 18.3652904627894 18.9527879347632 19.0075195121442 18.8872844061873 18.9274498313470 19.0203395499271 18.8414823977344 18.4289054730905 18.0582052066916 18.2773790599318 18.2089761868995 17.5262717100813 16.6925546292800 15.6785792293531 14.6322974512733 13.3564291768791 12.0372417993742
# nat_m_dev:
 -0.117883738855483 -0.415182048962884 -0.561907956400443 -1.04079626095286 -1.13738679068582 -0.907319162180872 -0.675297934178863 -0.407394491914500 -0.176441927110834 0.0881395820285614 -0.0293273691217760 0.187619778984355 0.135081552179184 0.229345426261104 0.558241468956948 0.685362801748500 0.224043260718823 -0.685280427289077 -0.454618394781061 0.229109842221349 -0.148422877141434 -0.286329821388718 -0.330059032779019 -0.259778582124304 -0.413055154584859 -0.322285590003598 -0.456483848880073 -0.383038950783390 0.328169996344141 0.287206218636038 0.0223325275261566 -0.0227384759977668 0.618745317375979 0.508436175755509 -0.135090199342271 -0.372240191897498 0.525049959834186 1.90222693937335 0.00000000000000 -0.782265630452901 -0.270087288129058 0.261588675299088
# nat_m_mat_dev:
 -0.238182055241401 0.594678277493754 1.32150453963009 -0.547969789037100 -1.28075894127278 -0.941832278096744 -0.275297706927116 -0.118796219862805 0.231653606773203 1.00245394931937 0.0770166631672902 -0.0118914900190947 0.0899240020786641 0.613522338481751 0.540717717663480 0.550957642765403 0.686790424790992 -0.482348296329356 -0.638287997534456 0.343467631672442 0.229455627282275 -0.300274035271315 -0.375182767167361 0.426945487266128 0.625438841252262 0.537188202516302 0.0451627704767963 -0.802005410409290 -0.877895488860663 -0.230555809618498 0.716382488608704 0.131196230474046 0.590648013539097 0.273937539516820 -0.0776506144627158 0.0254023150147027 0.810003438169568 1.24200219948667 0.00000000000000 0.674511772159344 -0.103630022171985 -1.07834800919338
# nat_m_lg_dev:
 0.687296777931612 1.06323944729306 -2.25668627607620 -0.761180765166483 1.54360054365931 1.01990678192200 1.24194987573887 -2.03779007742372 -0.733747082068134 -0.687924873674058 -0.668435176241530 -0.761559051563616 -3.17572762543697 0.666856966263733 1.70113967706929 -0.191910975055731 -0.759504626448597 -0.627217105646097 -0.583123818128275 3.09343062277804 1.29086694336667 -1.61263410531705 0.849223305860765 0.967877310159220 -0.636669150122788 1.21039648375543 2.55321942580255 0.932547173460341 0.862979455295663 0.269761093645653 0.777995227548239 -1.96727224938769 0.639332855716389 1.73598547942622 -0.614573146120355 -3.19340585619547 0.236698131177931 1.41733675354675 -0.730465206923739 -2.82093356357248 0.814073815597683 -0.754953416446433
# q_dev:
 0.00000000000000 0.00000000000000 0.00000000000000 0.00000000000000 0.00000000000000 0.00000000000000 0.00000000000000 0.00000000000000 0.00000000000000 0.00000000000000 0.00000000000000 0.00000000000000 0.00000000000000 0.00000000000000 0.00000000000000 0.00000000000000 0.00000000000000 0.00000000000000 0.00000000000000 0.00000000000000 0.00000000000000 0.00000000000000 0.00000000000000 0.00000000000000 0.00000000000000 0.00000000000000 0.00000000000000 0.00000000000000 0.00000000000000 0.00000000000000 0.00000000000000 0.00000000000000 0.00000000000000 0.00000000000000 0.00000000000000 0.00000000000000 0.00000000000000 0.00000000000000 0.00000000000000 0.00000000000000 0.00000000000000 0.00000000000000
# q_mat_dev:
 0.00000000000000 0.00000000000000 0.00000000000000 0.00000000000000 0.00000000000000 0.00000000000000 0.00000000000000 0.00000000000000 0.00000000000000 0.00000000000000 0.00000000000000 0.00000000000000 0.00000000000000 0.00000000000000 0.00000000000000 0.00000000000000 0.00000000000000 0.00000000000000 0.00000000000000 0.00000000000000 0.00000000000000 0.00000000000000 0.00000000000000 0.00000000000000 0.00000000000000 0.00000000000000 0.00000000000000 0.00000000000000 0.00000000000000 0.00000000000000 0.00000000000000 0.00000000000000 0.00000000000000 0.00000000000000 0.00000000000000 0.00000000000000 0.00000000000000 0.00000000000000 0.00000000000000 0.00000000000000 0.00000000000000 0.00000000000000
# q_lg_dev:
 0.00000000000000 0.00000000000000 0.00000000000000 0.00000000000000 0.00000000000000 0.00000000000000 0.00000000000000 0.00000000000000 0.00000000000000 0.00000000000000 0.00000000000000 0.00000000000000 0.00000000000000 0.00000000000000 0.00000000000000 0.00000000000000 0.00000000000000 0.00000000000000 0.00000000000000 0.00000000000000 0.00000000000000 0.00000000000000 0.00000000000000 0.00000000000000 0.00000000000000 0.00000000000000 0.00000000000000 0.00000000000000 0.00000000000000 0.00000000000000 0.00000000000000 0.00000000000000 0.00000000000000 0.00000000000000 0.00000000000000 0.00000000000000 0.00000000000000 0.00000000000000 0.00000000000000 0.00000000000000 0.00000000000000 0.00000000000000
# log_avg_rec:
21.0385782578
# rec_devs:
 -0.0705303024142 -0.0964770477143 0.273888981669 1.02167312364 0.398158715172 0.366436444919 0.0211092229195 0.354136558356 1.35703342004 1.69204539469 1.53823221148 0.693993959196 -0.566645555303 -0.683884252547 -0.371558867429 -0.345670712083 -0.501359458234 -0.863926195236 -0.648600771260 0.213264784561 0.280692206235 0.268343382614 0.135873698124 -0.529106281000 -1.34832913729 -0.182567827963 0.717744526839 0.125404117230 -0.0744670334779 -0.0525908430210 0.0300887973724 0.194613321377 1.67963354476 1.61179258763 1.31709863604 -1.02410942132 -2.05823511438 -2.34814175581 -1.50707106488 -0.863624006671 0.824223782117 0.00000000000
# sigma_m:
 1.00000000000 1.00000000000 1.00000000000
# log_m_mu:
 -1.35304208381 -0.774265455529 -1.23098516760
# prop_rec:
 14.2475957898 2.92524135145
# sigma_q:
 0.100000000000 0.100000000000
# log_f:
0.137366899740
# f_dev:
 -1.26759501279 -1.90892362992 -0.423001531337 0.284589006948 -0.0126088863637 0.0677596074259 -0.224859914812 -0.282804345877 0.702525217807 0.549134979196 1.51074636798 0.814354500992 0.768999428394 0.388099900279 0.451768944213 0.501858715669 0.993882472599 -0.907380416904 -0.964572023463 0.0469569146835 0.201392892572 -0.879193289530 -1.17496083293 -0.517185549004 0.0946983261734 0.338849453934 -0.183858657795 -0.956451640289 -1.79369899204 -0.810021113481 0.0192282532934 0.414318806954 0.650837250325 0.438170869354 -0.130019341925 -0.0186068408180 1.03247501507 1.53201538801 1.78753523942 -1.13445553201
# fish_ret_sel_50:
96.9093085802
# fish_ret_sel_50_post:
102.052586537
# fish_ret_sel_slope:
0.214615416975
# fish_ret_sel_slope_post:
0.297360851900
# fish_tot_sel_offset:
-9.26540465478
# fish_tot_sel_offset_dev:
 -34.8351758447 29.9033978512 -38.6925667191 -15.0079450790 -4.89661159033 28.0884559650 30.9287453642 -23.4581518134 25.7284958186 39.5929174180 -35.2846957918 28.1750214048 30.5583240883 -22.7557980088 -21.3397619792 27.9185403358 -39.9989692020 -35.0219686485 -2.01599693752 9.06471380160 -19.2131405017 0.655617864050 -22.9794603170 -14.5395392156 39.1901145449 29.6633513071 25.5139115462 22.3162781048 -8.46448017484 0.543385225050 -19.4321522939 -0.784852458961 -28.7222861850 26.3013285080 -2.05549598762 -18.0323409776 -31.1213839721 -11.7876119915 36.6886366381 19.6091499046
# fish_tot_sel_slope:
-1.62410714725
# surv_omega:
0.569239015185
# surv_alpha1:
0.106071924723
# surv_beta1:
111.589700627
# surv_alpha2:
0.179560218070
# surv_beta2:
41.6216100568
