# Number of parameters = 308 Objective function value = 1284.97615424396  Maximum gradient component = 12305.2713058632
# log_n_imm:
 12.6664482060467 18.6686757110731 18.0685344002468 17.7410621201920 18.9219227412344 20.6380798801819 18.3554814543062 17.9472903707448 14.3614465532318 18.7262907534699 17.3287859077792 18.1095399161047 15.8321624185795 7.20294953878354 17.4570267056007 12.9950610501008 12.1248666928517 10.7996148384780 12.0531723598843 7.65726202252715 6.35579589334435
# log_n_mat:
 17.6971942687938 12.2720395806991 8.59285484306855 4.48464975184078 17.8928806371254 20.1224850076712 19.3434525533092 20.2340079162992 19.5327093071856 17.0672410970552 20.1952383794683 17.7414013091505 19.0368974395596 16.4271390003673 15.6634430251654 13.0223252355090 14.0680338867209 14.1900158477454 16.6713290149555 13.8866955129769 11.7625638105397
# nat_m_dev:
 -0.728417073858954 -1.01200022715190 -0.516321399828237 -0.727949286310877 -0.613371255747953 -0.960554409060634 -0.300281116823761 -1.04689706562996 -0.659385679412085 -0.135489417331517 -0.00907385742587975 0.128536413058401 -0.339707596238429 0.456319223048306 0.897171010754559 0.521162637080029 0.101138861222761 -0.719415565578688 -0.322933902646151 0.0504701018866667 -0.549872982395590 -0.194627000327149 -0.250013643598996 0.174841101052942 0.0706877286580443 0.119509582512077 0.0706397884797070 0.171770791448723 0.865743663076000 0.799172527724537 0.543415238336004 0.358917072938361 1.65027776421881 1.09205358287771 0.169912018788977 -0.652401935976521 0.288046991641446 1.71491303218717 0.00000000000000 -1.19329123085139 -0.110568621409654 0.447863784631445
# nat_m_mat_dev:
 1.64501547259761 -0.309193833704447 -3.99441894582040 0.374489974466774 -1.05928936480414 -0.703820855788414 -0.379606959681970 -0.269034586676413 0.444948634207903 1.08570672096466 0.0203092855349317 0.389487034983370 0.609579443747482 -0.533560086465334 0.493100138688506 1.48295962275616 1.63772022876725 -1.05486864307444 -0.564534151860072 0.213082695334258 0.189507559059255 -0.603604119796174 -0.356856220549417 0.543107615430983 1.39064608024832 1.77832782346254 0.674107038529994 -0.536968426195342 -1.13494326366302 -0.0953967624541191 1.14650176678407 -0.153002252308773 -0.724688967468793 -0.0509038891630744 -0.603149987941913 -0.663919726988335 0.314635123754884 1.27379306810786 0.00000000000000 1.10962007858073 -0.109464095636613 -1.02404647684930
# nat_m_lg_dev:
 0.00925440071869739 0.0944585603624064 0.272674515564814 0.0410123136874609 0.0861431259407001 -0.199743135155730 -0.0219242969359648 0.250135300209004 -0.317333826332847 -0.0246811440164796 0.183340397042901 -0.209703818740017 0.156608122682891 -0.224790362038957 -0.427127347989951 -0.00111578276058415 -0.197396342188509 0.257216989805877 -0.329117572676866 -0.225638924773308 0.124312650393687 -0.0739126340163321 0.281253401800919 0.246873248319950 0.0931078389833579 -0.138070054010131 -0.314201393807097 -0.0881316542083288 -0.0654883528930792 -0.0483960114508542 0.00555881071896076 0.168817675712827 0.0298747489818225 -0.0733285766719212 0.0833093929822428 0.255729317230918 -0.00386872648956142 -0.0401614832962401 0.109797117783132 0.479449923344140 -0.175408458984849 -0.0293879528291015
# q_dev:
 0.00000000000000 0.00000000000000 0.00000000000000 0.00000000000000 0.00000000000000 0.00000000000000 0.00000000000000 0.00000000000000 0.00000000000000 0.00000000000000 0.00000000000000 0.00000000000000 0.00000000000000 0.00000000000000 0.00000000000000 0.00000000000000 0.00000000000000 0.00000000000000 0.00000000000000 0.00000000000000 0.00000000000000 0.00000000000000 0.00000000000000 0.00000000000000 0.00000000000000 0.00000000000000 0.00000000000000 0.00000000000000 0.00000000000000 0.00000000000000 0.00000000000000 0.00000000000000 0.00000000000000 0.00000000000000 0.00000000000000 0.00000000000000 0.00000000000000 0.00000000000000 0.00000000000000 0.00000000000000 0.00000000000000 0.00000000000000
# q_mat_dev:
 0.00000000000000 0.00000000000000 0.00000000000000 0.00000000000000 0.00000000000000 0.00000000000000 0.00000000000000 0.00000000000000 0.00000000000000 0.00000000000000 0.00000000000000 0.00000000000000 0.00000000000000 0.00000000000000 0.00000000000000 0.00000000000000 0.00000000000000 0.00000000000000 0.00000000000000 0.00000000000000 0.00000000000000 0.00000000000000 0.00000000000000 0.00000000000000 0.00000000000000 0.00000000000000 0.00000000000000 0.00000000000000 0.00000000000000 0.00000000000000 0.00000000000000 0.00000000000000 0.00000000000000 0.00000000000000 0.00000000000000 0.00000000000000 0.00000000000000 0.00000000000000 0.00000000000000 0.00000000000000 0.00000000000000 0.00000000000000
# q_lg_dev:
 0.00000000000000 0.00000000000000 0.00000000000000 0.00000000000000 0.00000000000000 0.00000000000000 0.00000000000000 0.00000000000000 0.00000000000000 0.00000000000000 0.00000000000000 0.00000000000000 0.00000000000000 0.00000000000000 0.00000000000000 0.00000000000000 0.00000000000000 0.00000000000000 0.00000000000000 0.00000000000000 0.00000000000000 0.00000000000000 0.00000000000000 0.00000000000000 0.00000000000000 0.00000000000000 0.00000000000000 0.00000000000000 0.00000000000000 0.00000000000000 0.00000000000000 0.00000000000000 0.00000000000000 0.00000000000000 0.00000000000000 0.00000000000000 0.00000000000000 0.00000000000000 0.00000000000000 0.00000000000000 0.00000000000000 0.00000000000000
# log_avg_rec:
20.4123181871
# rec_devs:
 -2.03524213242 -1.14580641575 1.75319327387 0.163274633808 1.80973683259 -2.16043524316 0.287866840772 0.247159757491 0.319595323502 2.03606137633 1.70620114850 2.78178117487 -1.33805916961 0.198992352725 -0.423901816855 -0.799962512264 0.375367202396 -1.14698132037 -0.235648350272 0.648384861440 1.24137816732 2.86215148111 -1.21512857043 2.25342406309 -1.17683106433 0.310471631315 1.17957800142 1.23188032681 -0.101695851430 0.123519763832 0.620884243890 -0.569158064460 1.45045707871 1.46103088331 0.766786676592 -2.46686981050 -3.44705484198 -3.19100213868 -3.49224868995 -0.805445313012 -0.223190438222 0.00000000000
# sigma_m:
 1.00000000000 1.00000000000 1.00000000000
# log_m_mu:
 -1.75285376009 -0.489102518120 -1.42249592031
# prop_rec:
 50.6437764222 54.3204665495
# sigma_q:
 0.100000000000 0.100000000000
# log_f:
0.548081116646
# f_dev:
 1.72149413495 0.0227331739474 -1.64689855061 -3.04831714233 -1.99365190567 -1.50170130114 0.258098435765 -0.106383889859 1.96604496075 0.159331223216 1.87605693539 0.845797975508 -0.0716835432148 0.287565944251 1.40703303601 0.924321610068 0.462772585533 -1.28285789894 -0.111914414689 -0.499903072861 0.168393890478 -1.26974448789 -1.29993453426 -0.544874767462 -0.271447907428 1.21144555770 -0.641596476700 -2.27194227221 -3.10507352816 -2.11548038547 -0.803834817925 0.661989652765 1.00909283089 0.521505099749 -0.349065603006 0.591543721710 3.34933295324 3.82868584647 3.93551073740 -2.27244380597
# fish_ret_sel_50:
95.7428176039
# fish_ret_sel_50_post:
102.247974600
# fish_ret_sel_slope:
0.222366681146
# fish_ret_sel_slope_post:
0.651580947648
# fish_tot_sel_offset:
-9.73122406854
# fish_tot_sel_offset_dev:
 23.8011510245 2.04239510455 -0.533491603795 22.6961507933 -14.0740419337 -14.0135898844 -17.8641125549 21.3868506753 -18.0007838868 -25.6656558429 15.9587728783 -11.2193610422 -0.844259403172 -14.8932351743 23.7946906310 3.71550462173 15.4390617231 16.7870122559 23.7251132566 -6.40811835307 -6.51608757099 0.442045076297 -11.8044912518 7.16189360817 23.6184353021 -17.6255257122 9.77468432114 -14.9413504010 14.0003730369 -12.2564401252 -17.9162050497 16.8616987829 21.2360142534 -17.7501418644 -15.9352321758 -16.0441418876 -9.76273011305 -13.6833243202 23.6141239206 -8.30365111468
# fish_tot_sel_slope:
-1.56689293280
# surv_omega:
0.337923995587
# surv_alpha1:
0.218368625815
# surv_beta1:
117.730723709
# surv_alpha2:
0.00130100330345
# surv_beta2:
28.5211198115
