# Number of parameters = 308 Objective function value = 308.961083358571  Maximum gradient component = 34.5511836945769
# log_n_imm:
 18.4954997451254 19.7199642557006 19.7883919610624 19.9297769472719 19.9093886389352 19.8100883463357 19.5295690396723 19.4267189806185 19.4122701758901 18.8876308029453 18.3511247676922 18.4131189671468 17.8358093258474 16.8206186288537 15.3687941202565 13.4474266236802 12.3606563462848 9.40271358867224 9.25520147597784 5.96724711144140 1.78031990289303
# log_n_mat:
 17.7650845628891 11.5580667346053 15.8021619052490 17.4033747486118 18.3572689756792 18.9502569343796 18.9948864363403 18.8780042856147 18.9362840502860 19.0146403148752 18.8390266916458 18.4243460140643 18.0465146173752 18.2586875912634 18.1925128083223 17.5116053696584 16.6757549102127 15.6707218237027 14.6434254030119 13.4247442872202 1.15671247553238
# nat_m_dev:
 0.0491434492959076 -0.418929180016164 -0.552171109330928 -1.04342636967867 -1.15327325358439 -0.901787879651374 -0.668293248204298 -0.379084883559242 -0.159579180176168 0.0951604357335262 -0.0140681853616273 0.197778054642411 0.149017542442631 0.215107922156159 0.564066073381103 0.690046126779787 0.219451923019197 -0.679289664408146 -0.454157385222521 0.250937928494112 -0.149285810130703 -0.287068870292100 -0.319611480524527 -0.249351216711614 -0.410089313737415 -0.319635930388576 -0.449818001164377 -0.369298926022953 0.336887155129498 0.283774538033777 0.0368042624196679 -0.0171979476719834 0.613724524826163 0.520616027002763 -0.137612957404610 -0.346528309413194 0.527123361400030 1.90114595842209 0.00000000000000 -0.779777218995854 -0.267004206511832 0.270259638892100
# nat_m_mat_dev:
 -0.284976582684220 0.623360044574373 1.30164048063133 -0.532732352328356 -1.27203661410955 -0.938259239499642 -0.266164571913481 -0.122049268459521 0.253694048392752 0.997073145204625 0.0788456632717257 -0.0150168608815370 0.0921495227606942 0.617050027862929 0.538588228172593 0.547386365061751 0.689890930068675 -0.488507187524293 -0.647566778560934 0.350532962593280 0.226563999145092 -0.306499481929040 -0.372764618595809 0.429299886420273 0.629061819220035 0.536392200101215 0.0442688222331967 -0.801493658247655 -0.884807338683672 -0.230491101793002 0.716975484595844 0.135199162035573 0.585690644547070 0.280297620580669 -0.0848794492193320 0.0284936391449094 0.809297387823057 1.24353837067112 0.00000000000000 0.672376540290149 -0.104224788487015 -1.07578282935119
# nat_m_lg_dev:
 -3.99769664180600 -1.89593242145551 2.22871365677168 -0.511038325106843 0.970060607068360 -3.19737805214459 3.71568731703174 -3.52528711731513 1.68887348412784 -0.138409262967081 -1.02267204510079 -2.84110392904322 3.62438036467063 0.746196151349946 0.532127063531718 -0.775297918713487 0.928292637691240 -1.51887929271645 1.54935460583997 -0.667415845345218 -3.60600416581394 -0.717285128778923 -0.132407341801800 0.633184411608356 1.24569378738629 2.42329504158026 -0.517250511585788 3.08477973226987 -3.59351827025367 0.478612939742818 2.42620217493682 1.56918952205667 1.74465317963036 -3.61965297247371 -0.596210956672326 2.91442233140080 -0.731542433254017 1.00669465381953 1.46788987133072 -0.551336011208263 -1.21891145588383 0.396926565594991
# q_dev:
 0.00000000000000 0.00000000000000 0.00000000000000 0.00000000000000 0.00000000000000 0.00000000000000 0.00000000000000 0.00000000000000 0.00000000000000 0.00000000000000 0.00000000000000 0.00000000000000 0.00000000000000 0.00000000000000 0.00000000000000 0.00000000000000 0.00000000000000 0.00000000000000 0.00000000000000 0.00000000000000 0.00000000000000 0.00000000000000 0.00000000000000 0.00000000000000 0.00000000000000 0.00000000000000 0.00000000000000 0.00000000000000 0.00000000000000 0.00000000000000 0.00000000000000 0.00000000000000 0.00000000000000 0.00000000000000 0.00000000000000 0.00000000000000 0.00000000000000 0.00000000000000 0.00000000000000 0.00000000000000 0.00000000000000 0.00000000000000
# q_mat_dev:
 0.00000000000000 0.00000000000000 0.00000000000000 0.00000000000000 0.00000000000000 0.00000000000000 0.00000000000000 0.00000000000000 0.00000000000000 0.00000000000000 0.00000000000000 0.00000000000000 0.00000000000000 0.00000000000000 0.00000000000000 0.00000000000000 0.00000000000000 0.00000000000000 0.00000000000000 0.00000000000000 0.00000000000000 0.00000000000000 0.00000000000000 0.00000000000000 0.00000000000000 0.00000000000000 0.00000000000000 0.00000000000000 0.00000000000000 0.00000000000000 0.00000000000000 0.00000000000000 0.00000000000000 0.00000000000000 0.00000000000000 0.00000000000000 0.00000000000000 0.00000000000000 0.00000000000000 0.00000000000000 0.00000000000000 0.00000000000000
# q_lg_dev:
 0.00000000000000 0.00000000000000 0.00000000000000 0.00000000000000 0.00000000000000 0.00000000000000 0.00000000000000 0.00000000000000 0.00000000000000 0.00000000000000 0.00000000000000 0.00000000000000 0.00000000000000 0.00000000000000 0.00000000000000 0.00000000000000 0.00000000000000 0.00000000000000 0.00000000000000 0.00000000000000 0.00000000000000 0.00000000000000 0.00000000000000 0.00000000000000 0.00000000000000 0.00000000000000 0.00000000000000 0.00000000000000 0.00000000000000 0.00000000000000 0.00000000000000 0.00000000000000 0.00000000000000 0.00000000000000 0.00000000000000 0.00000000000000 0.00000000000000 0.00000000000000 0.00000000000000 0.00000000000000 0.00000000000000 0.00000000000000
# log_avg_rec:
21.0154829023
# rec_devs:
 -0.0269865015574 -0.0732890237640 0.296035101495 1.04825281962 0.429980372051 0.405355493265 0.0464066332798 0.384784704699 1.38198933363 1.72546190069 1.56904697333 0.722948729621 -0.538311907439 -0.670888482759 -0.342788984820 -0.321187360501 -0.467096344341 -0.838231958713 -0.618516557932 0.240355272298 0.305273190731 0.297280693821 0.162222769639 -0.500620152315 -1.32420601394 -0.157962812759 0.745677937252 0.160230677924 -0.0450158101494 -0.0240681909439 0.0595862508433 0.213733084194 1.70759700664 1.63817103436 1.34484075471 -0.986748118427 -2.05643676955 -2.31985863357 -1.48582982909 -0.830836491554 0.849036300890 0.00000000000
# sigma_m:
 1.00000000000 1.00000000000 1.00000000000
# log_m_mu:
 -1.35306281580 -0.775191018172 -1.35787453525
# prop_rec:
 14.3410257260 3.00529463882
# sigma_q:
 0.100000000000 0.100000000000
# log_f:
0.127013090081
# f_dev:
 -1.26436279931 -1.90110964486 -0.421669229186 0.272031622239 -0.0164394946635 0.0683835769378 -0.221303649182 -0.282022970762 0.705759140801 0.554777580100 1.50856089024 0.810042454187 0.771157303622 0.396683206127 0.454677812354 0.497774328524 0.991606621158 -0.906649614964 -0.967790655289 0.0461743691791 0.195452087557 -0.879892392219 -1.17476939483 -0.517936543110 0.0925140459248 0.340959979181 -0.185675193315 -0.954469135688 -1.79171397372 -0.807723869523 0.0195186627280 0.415339423734 0.649353746239 0.438377124444 -0.129992254606 -0.0212685497733 1.03056005777 1.53114723630 1.78850641443 -1.13456831877
# fish_ret_sel_50:
96.9406423363
# fish_ret_sel_50_post:
102.053366509
# fish_ret_sel_slope:
0.214948438620
# fish_ret_sel_slope_post:
0.297478188685
# fish_tot_sel_offset:
-9.14919276075
# fish_tot_sel_offset_dev:
 3.89936399296 -24.4950936525 -33.6280997512 -8.19473536329 17.5879333347 1.20647880895 36.2913776723 6.00735944675 -16.3594977618 26.2500977978 -4.87564096282 27.1020907898 -37.0653884917 8.49524080745 17.0236839773 -12.7293625205 -6.92079843486 -6.53892560576 -7.85581030340 -1.99337146083 -31.3920117220 -1.75704801038 -1.45307722480 -24.4221562749 15.5923394025 39.9228572265 -31.3073184515 18.6100842600 -7.07707588500 -25.9118970014 30.7941190305 -2.76073454155 13.2471196413 4.64489394863 38.3482781878 -28.4219474812 -38.8435604380 -2.68642162021 36.8235260345 14.8431286000
# fish_tot_sel_slope:
-1.62223274764
# surv_omega:
0.569880103209
# surv_alpha1:
0.105742926276
# surv_beta1:
111.565281729
# surv_alpha2:
0.178805944712
# surv_beta2:
41.6602198491
