ParName   Value   Gradient
log_n_imm(1)      17.7092  2.01225e-06
log_n_imm(2)      19.6097  4.28218e-05
log_n_imm(3)      19.7267  3.50889e-05
log_n_imm(4)      19.8455 -1.43491e-05
log_n_imm(5)      19.8536 -4.14362e-05
log_n_imm(6)      19.7229 -5.16163e-05
log_n_imm(7)      19.4374 -1.90745e-05
log_n_imm(8)      19.3936  4.47429e-05
log_n_imm(9)      19.3353 -4.90895e-05
log_n_imm(10)      18.8308 -3.01411e-05
log_n_imm(11)      18.3632 -2.23207e-05
log_n_imm(12)      18.4305 -7.06821e-05
log_n_imm(13)      17.7861 -2.45721e-05
log_n_imm(14)      16.7484  3.86258e-05
log_n_imm(15)       15.202 -3.05774e-05
log_n_imm(16)      13.2257   7.2537e-07
log_n_imm(17)      11.9846  3.64083e-06
log_n_imm(18)      10.3879  1.15813e-06
log_n_imm(19)      9.65076 -4.61099e-07
log_n_imm(20)      8.28477  5.40344e-07
log_n_imm(21)      6.58224 -1.41847e-07
log_n_mat(1)       17.506   1.4952e-05
log_n_mat(2)      11.3815  3.80126e-08
log_n_mat(3)      15.6849 -2.07649e-06
log_n_mat(4)      17.3514  4.18504e-05
log_n_mat(5)      18.2762 -1.81391e-05
log_n_mat(6)       18.836  1.58906e-05
log_n_mat(7)      18.8648  9.58845e-06
log_n_mat(8)      18.7273  1.33699e-05
log_n_mat(9)      18.7816  8.10701e-06
log_n_mat(10)      18.8916  1.14786e-05
log_n_mat(11)      18.7384  2.55186e-05
log_n_mat(12)      18.3871  3.95043e-06
log_n_mat(13)      18.1316 -3.51069e-05
log_n_mat(14)       18.397 -4.01384e-05
log_n_mat(15)      18.3239 -2.40471e-05
log_n_mat(16)      17.6438 -3.12478e-05
log_n_mat(17)      16.7473  5.58821e-06
log_n_mat(18)      15.6887   5.5501e-06
log_n_mat(19)      14.6533  7.67987e-06
log_n_mat(20)      13.3812  7.76845e-07
log_n_mat(21)      12.0632 -3.23822e-06
nat_m_dev(1982)    -0.081049  2.11316e-05
nat_m_dev(1983)    -0.401129  2.23481e-05
nat_m_dev(1984)    -0.554389  2.29948e-05
nat_m_dev(1985)     -1.00569  1.51232e-05
nat_m_dev(1986)     -1.10953  1.80221e-05
nat_m_dev(1987)    -0.904759  1.77567e-05
nat_m_dev(1988)    -0.696639  2.44826e-05
nat_m_dev(1989)    -0.450945  3.33791e-05
nat_m_dev(1990)     -0.21706  3.28244e-05
nat_m_dev(1991)    0.0439644  3.49306e-05
nat_m_dev(1992)   -0.0301165  2.65662e-05
nat_m_dev(1993)     0.158331  3.38944e-06
nat_m_dev(1994)     0.104048  1.88238e-05
nat_m_dev(1995)      0.20044  2.37622e-05
nat_m_dev(1996)     0.511977  5.73256e-05
nat_m_dev(1997)     0.669349  4.06711e-05
nat_m_dev(1998)     0.254249  2.07579e-05
nat_m_dev(1999)    -0.640745  1.97752e-05
nat_m_dev(2000)     -0.43905  1.68852e-05
nat_m_dev(2001)      0.14347  2.29427e-05
nat_m_dev(2002)    -0.155976  1.50143e-05
nat_m_dev(2003)    -0.273097 -3.49685e-06
nat_m_dev(2004)    -0.341188 -2.47219e-06
nat_m_dev(2005)    -0.307808 -2.92173e-06
nat_m_dev(2006)      -0.4469  8.11564e-06
nat_m_dev(2007)    -0.363699 -4.16356e-06
nat_m_dev(2008)    -0.472489  1.90018e-05
nat_m_dev(2009)    -0.376771  2.95588e-05
nat_m_dev(2010)     0.326819  4.97129e-05
nat_m_dev(2011)     0.231371  7.46816e-05
nat_m_dev(2012)   -0.0196868  6.21331e-05
nat_m_dev(2013)   -0.0155937  3.10321e-05
nat_m_dev(2014)     0.598096   1.8363e-05
nat_m_dev(2015)      0.49183  1.84826e-05
nat_m_dev(2016)   -0.0800386  1.65918e-05
nat_m_dev(2017)    -0.317008  1.70294e-05
nat_m_dev(2018)      0.53739  1.24839e-05
nat_m_dev(2019)      1.88876   1.1033e-05
nat_m_dev(2020)            0 -2.42196e-06
nat_m_dev(2021)    -0.687095  1.73962e-05
nat_m_dev(2022)      -0.1629  5.78889e-06
nat_m_dev(2023)     0.391245  1.80935e-05
nat_m_mat_dev(1982)    -0.192954 -4.23194e-05
nat_m_mat_dev(1983)     0.611061 -1.15528e-05
nat_m_mat_dev(1984)       1.2987  -5.9817e-06
nat_m_mat_dev(1985)     -0.58552  -2.9978e-05
nat_m_mat_dev(1986)     -1.28678 -2.50132e-05
nat_m_mat_dev(1987)    -0.921543 -3.11983e-05
nat_m_mat_dev(1988)    -0.224988 -3.12481e-05
nat_m_mat_dev(1989)   -0.0977209 -3.30397e-05
nat_m_mat_dev(1990)     0.229968 -1.85078e-05
nat_m_mat_dev(1991)     0.984761  3.61802e-06
nat_m_mat_dev(1992)    0.0387815 -5.87321e-06
nat_m_mat_dev(1993)  -0.00799031 -1.45782e-05
nat_m_mat_dev(1994)     0.133165 -3.30476e-05
nat_m_mat_dev(1995)      0.65607 -8.35453e-05
nat_m_mat_dev(1996)      0.55957 -3.28328e-05
nat_m_mat_dev(1997)     0.546931 -4.44647e-05
nat_m_mat_dev(1998)     0.673532 -3.50118e-05
nat_m_mat_dev(1999)    -0.476675 -2.41825e-05
nat_m_mat_dev(2000)    -0.630407 -1.63125e-05
nat_m_mat_dev(2001)     0.354164 -1.88791e-05
nat_m_mat_dev(2002)     0.216305 -2.78096e-05
nat_m_mat_dev(2003)     -0.32998 -2.31531e-05
nat_m_mat_dev(2004)    -0.383574 -2.57193e-05
nat_m_mat_dev(2005)     0.438602  -2.6347e-05
nat_m_mat_dev(2006)     0.651802 -5.80686e-05
nat_m_mat_dev(2007)     0.570293 -4.84099e-05
nat_m_mat_dev(2008)    0.0855353 -3.34236e-05
nat_m_mat_dev(2009)    -0.837722 -2.50735e-05
nat_m_mat_dev(2010)    -0.960835 -2.25208e-05
nat_m_mat_dev(2011)    -0.282602 -2.30518e-05
nat_m_mat_dev(2012)     0.743533   1.5608e-05
nat_m_mat_dev(2013)     0.121899 -1.20061e-05
nat_m_mat_dev(2014)     0.573265  9.65579e-06
nat_m_mat_dev(2015)      0.27949 -1.11146e-05
nat_m_mat_dev(2016)    -0.102936 -1.56934e-05
nat_m_mat_dev(2017)   -0.0102353 -1.97793e-05
nat_m_mat_dev(2018)     0.776909 -4.52465e-05
nat_m_mat_dev(2019)      1.27144  -6.7301e-05
nat_m_mat_dev(2020)            0  2.43497e-05
nat_m_mat_dev(2021)     0.681622 -3.33449e-05
nat_m_mat_dev(2022)   -0.0982157 -2.51715e-05
nat_m_mat_dev(2023)     -1.06667  -2.1667e-05
nat_m_lg_dev(1982)   -0.0594327  6.33435e-06
nat_m_lg_dev(1983)    -0.142493  6.32286e-06
nat_m_lg_dev(1984)    -0.296403  6.29427e-06
nat_m_lg_dev(1985)   -0.0536931  6.33504e-06
nat_m_lg_dev(1986)     0.120742  6.34985e-06
nat_m_lg_dev(1987)   -0.0447765  6.33609e-06
nat_m_lg_dev(1988)       0.1521  6.35124e-06
nat_m_lg_dev(1989)     0.091644  6.34822e-06
nat_m_lg_dev(1990)     0.160712  6.35155e-06
nat_m_lg_dev(1991)    -0.343945  6.28351e-06
nat_m_lg_dev(1992)    0.0198639  6.34276e-06
nat_m_lg_dev(1993)    0.0275019  6.34343e-06
nat_m_lg_dev(1994)    -0.233356  6.30714e-06
nat_m_lg_dev(1995)     0.109736  6.34927e-06
nat_m_lg_dev(1996)    0.0732527  6.34701e-06
nat_m_lg_dev(1997)      0.13774  6.35065e-06
nat_m_lg_dev(1998)    0.0778311  6.34733e-06
nat_m_lg_dev(1999)     0.118685  6.34975e-06
nat_m_lg_dev(2000)   0.00565155  6.34143e-06
nat_m_lg_dev(2001)    0.0462418    6.345e-06
nat_m_lg_dev(2002)     0.214637  6.35285e-06
nat_m_lg_dev(2003)     0.114698  6.34954e-06
nat_m_lg_dev(2004)    0.0733306  6.34702e-06
nat_m_lg_dev(2005)       0.0723  6.34695e-06
nat_m_lg_dev(2006)    -0.255785  6.30274e-06
nat_m_lg_dev(2007)     0.101047  6.34878e-06
nat_m_lg_dev(2008)   -0.0911925  6.33028e-06
nat_m_lg_dev(2009)   -0.0354707  6.33715e-06
nat_m_lg_dev(2010)    0.0747789  6.34712e-06
nat_m_lg_dev(2011)     0.176733  6.35206e-06
nat_m_lg_dev(2012)     0.290237  6.35274e-06
nat_m_lg_dev(2013)    -0.293255  6.29495e-06
nat_m_lg_dev(2014)    -0.088358  6.33066e-06
nat_m_lg_dev(2015)    -0.126871  6.32523e-06
nat_m_lg_dev(2016)     0.105158  6.34902e-06
nat_m_lg_dev(2017)    0.0325251  6.34387e-06
nat_m_lg_dev(2018)    -0.235291  6.30676e-06
nat_m_lg_dev(2019)   -0.0626025  6.33396e-06
nat_m_lg_dev(2020)     -0.27221   6.2994e-06
nat_m_lg_dev(2021)     0.152333  6.35125e-06
nat_m_lg_dev(2022)    0.0893593  6.34808e-06
nat_m_lg_dev(2023)  -0.00370475  6.34052e-06
log_avg_rec      21.0977 -0.000231812
rec_devs(1982)    -0.204721 -4.07303e-05
rec_devs(1983)    -0.264301 -4.10297e-05
rec_devs(1984)     0.102675  7.98951e-05
rec_devs(1985)     0.868421  4.00227e-06
rec_devs(1986)     0.262546 -0.000158174
rec_devs(1987)     0.198511 -0.000190899
rec_devs(1988)    -0.144688 -8.53745e-05
rec_devs(1989)     0.105339 -2.78369e-05
rec_devs(1990)       1.1244 -3.81466e-06
rec_devs(1991)      1.49202   8.0656e-06
rec_devs(1992)      1.34432 -3.15387e-05
rec_devs(1993)     0.522283 -6.43686e-05
rec_devs(1994)    -0.762065 -3.92403e-05
rec_devs(1995)    -0.928101  -3.8551e-05
rec_devs(1996)    -0.580517 -1.77256e-05
rec_devs(1997)    -0.537482 -6.15482e-05
rec_devs(1998)    -0.652567 -6.12345e-05
rec_devs(1999)      -1.0505 -5.98965e-05
rec_devs(2000)    -0.895108  1.94409e-05
rec_devs(2001)    0.0271379 -5.82464e-05
rec_devs(2002)     0.104212  5.74642e-05
rec_devs(2003)     0.117856  5.24202e-05
rec_devs(2004)   -0.0520874  3.85229e-05
rec_devs(2005)    -0.624404  7.62564e-05
rec_devs(2006)     -1.63719  -3.1045e-05
rec_devs(2007)    -0.400443 -6.54727e-05
rec_devs(2008)     0.516916 -0.000203994
rec_devs(2009)   -0.0470133 -0.000128092
rec_devs(2010)    -0.315354 -0.000138419
rec_devs(2011)    -0.266121  -9.0147e-05
rec_devs(2012)    -0.166716  1.93688e-05
rec_devs(2013)    -0.101614  2.83803e-05
rec_devs(2014)       1.4639 -3.04263e-05
rec_devs(2015)      1.39653 -8.22187e-05
rec_devs(2016)      1.17357 -1.15517e-05
rec_devs(2017)     -1.24881  1.57859e-05
rec_devs(2018)     -2.41424 -2.70624e-05
rec_devs(2019)     -2.53627 -6.32025e-05
rec_devs(2020)     -1.74084 -3.19125e-05
rec_devs(2021)     -1.01538 -2.45033e-05
rec_devs(2022)     0.570941 -4.36213e-05
rec_devs(2023)            0 -2.42271e-05
log_m_mu(1)     -1.40559  0.000108496
log_m_mu(2)    -0.777561 -0.000164906
log_m_mu(3)     -1.03322 -3.26128e-09
prop_rec(1)      16.1071 -4.57496e-05
prop_rec(2)      4.32098  4.44202e-05
log_f     0.189957 -0.000144761
f_dev(1)     -1.36334 -3.47871e-05
f_dev(2)     -1.95608 -1.37558e-05
f_dev(3)    -0.460419 -1.19041e-05
f_dev(4)     0.233983 -2.13581e-05
f_dev(5)   -0.0493105  3.78769e-07
f_dev(6)    0.0571687  1.33297e-05
f_dev(7)    -0.203901 -1.74321e-05
f_dev(8)    -0.245833 -1.23664e-05
f_dev(9)     0.719994 -1.37723e-05
f_dev(10)     0.569038 -2.41789e-06
f_dev(11)      1.49043 -1.70986e-05
f_dev(12)     0.795006 -1.87572e-05
f_dev(13)     0.779244 -1.66073e-05
f_dev(14)     0.420939  5.31209e-06
f_dev(15)     0.474359 -6.56514e-06
f_dev(16)     0.495535 -1.59631e-05
f_dev(17)     0.963544 -2.93364e-07
f_dev(18)    -0.931119  8.92516e-07
f_dev(19)    -0.978878  2.24075e-06
f_dev(20)     0.048364 -2.52907e-05
f_dev(21)     0.216514  4.75076e-06
f_dev(22)    -0.875945  -7.7403e-06
f_dev(23)     -1.17384 -1.56025e-06
f_dev(24)    -0.502074 -1.26881e-05
f_dev(25)     0.128783  1.11008e-05
f_dev(26)     0.374156 -8.43624e-06
f_dev(27)     -0.13727   5.2615e-06
f_dev(28)    -0.926337  6.31152e-06
f_dev(29)     -1.78679  7.95002e-06
f_dev(30)    -0.822619  1.25352e-05
f_dev(31)    0.0216081 -1.07184e-05
f_dev(32)     0.422574 -1.60962e-05
f_dev(33)     0.653688 -1.96096e-05
f_dev(34)     0.438526 -1.60516e-05
f_dev(35)     -0.12275 -3.53847e-05
f_dev(36)   -0.0151702 -2.84059e-05
f_dev(37)        1.035 -4.03623e-06
f_dev(38)      1.55751 -9.18263e-06
f_dev(39)      1.81234 -2.19144e-05
f_dev(40)     -1.15663  -7.5918e-06
fish_ret_sel_50      96.9801  0.000312028
fish_ret_sel_50_post      102.088 -0.000194246
fish_ret_sel_slope     0.214969 -3.76015e-05
fish_ret_sel_slope_post     0.296729 -5.41976e-05
fish_tot_sel_offset     -9.50616   1.2494e-05
fish_tot_sel_offset_dev(1)     -21.7266  6.08281e-05
fish_tot_sel_offset_dev(2)     -28.6701  5.04998e-05
fish_tot_sel_offset_dev(3)      11.7224  6.93068e-05
fish_tot_sel_offset_dev(4)      18.8918  6.39052e-05
fish_tot_sel_offset_dev(5)     -24.7082  5.69658e-05
fish_tot_sel_offset_dev(6)     -24.0208  5.79237e-05
fish_tot_sel_offset_dev(7)      30.1696  4.76334e-05
fish_tot_sel_offset_dev(8)     -8.65158  7.07527e-05
fish_tot_sel_offset_dev(9)     0.928877  7.24583e-05
fish_tot_sel_offset_dev(10)     -14.8584  6.72754e-05
fish_tot_sel_offset_dev(11)      11.6402  6.93522e-05
fish_tot_sel_offset_dev(12)     -33.1852  4.04064e-05
fish_tot_sel_offset_dev(13)     -17.9039  6.47917e-05
fish_tot_sel_offset_dev(14)      9.21217   7.0538e-05
fish_tot_sel_offset_dev(15)     -10.8324  6.97576e-05
fish_tot_sel_offset_dev(16)     -15.2706  6.69713e-05
fish_tot_sel_offset_dev(17)      24.4873  5.73392e-05
fish_tot_sel_offset_dev(18)      23.6291  5.85082e-05
fish_tot_sel_offset_dev(19)      19.4352  6.33686e-05
fish_tot_sel_offset_dev(20)     -2.71765  7.23068e-05
fish_tot_sel_offset_dev(21)      29.2499  4.94796e-05
fish_tot_sel_offset_dev(22)      18.5593  6.42239e-05
fish_tot_sel_offset_dev(23)      1.08697  7.24512e-05
fish_tot_sel_offset_dev(24)     -38.6155  1.87584e-05
fish_tot_sel_offset_dev(25)      34.7557  3.59451e-05
fish_tot_sel_offset_dev(26)     -10.5648  6.98925e-05
fish_tot_sel_offset_dev(27)     -3.47047  7.22002e-05
fish_tot_sel_offset_dev(28)      4.10111   7.2099e-05
fish_tot_sel_offset_dev(29)     -6.62627   7.1469e-05
fish_tot_sel_offset_dev(30)      28.3235  5.12171e-05
fish_tot_sel_offset_dev(31)      27.4501  5.27542e-05
fish_tot_sel_offset_dev(32)     -5.43751  7.17988e-05
fish_tot_sel_offset_dev(33)     -15.1064  6.70936e-05
fish_tot_sel_offset_dev(34)      33.2081  4.04616e-05
fish_tot_sel_offset_dev(35)      -0.2233  7.24756e-05
fish_tot_sel_offset_dev(36)      5.78178  7.17215e-05
fish_tot_sel_offset_dev(37)     -10.2612  7.00412e-05
fish_tot_sel_offset_dev(38)     -1.43183  7.24291e-05
fish_tot_sel_offset_dev(39)     -9.19238  7.05279e-05
fish_tot_sel_offset_dev(40)     -29.1579  4.95737e-05
fish_tot_sel_slope     -1.63676  0.000291789
surv_omega     0.497629  2.59588e-06
surv_alpha1      3.76514  2.31096e-05
surv_beta1       112.54 -0.000528548
surv_alpha2     0.151248  6.02574e-05
surv_beta2      42.5189 -1.89729e-05
