# Number of parameters = 308 Objective function value = 329.833924144760  Maximum gradient component = 0.000528547943774122
# log_n_imm:
 17.7091609722345 19.6097051827320 19.7266513734879 19.8455347698423 19.8535752465774 19.7228854181708 19.4373622424535 19.3935996798549 19.3352572464690 18.8307902006656 18.3631785311370 18.4305495662904 17.7861114264408 16.7484303283820 15.2020159524910 13.2256789310096 11.9845734899543 10.3878833183191 9.65076095382984 8.28477210289143 6.58224298698551
# log_n_mat:
 17.5059666571989 11.3815473202174 15.6848796756114 17.3513659017886 18.2761835833359 18.8359591834937 18.8648181397393 18.7273253271938 18.7815527100074 18.8916116118574 18.7383608094408 18.3870818823629 18.1315753404521 18.3969506042599 18.3239485980088 17.6438030501002 16.7473208969547 15.6886851001972 14.6533394272618 13.3811671165558 12.0631663254712
# nat_m_dev:
 -0.0810489691413138 -0.401128801251488 -0.554388540813801 -1.00569413845002 -1.10953473058501 -0.904758803395174 -0.696639206796940 -0.450944873920966 -0.217060083421789 0.0439643638948844 -0.0301164637630395 0.158330759610458 0.104047546837841 0.200440339487840 0.511977442391853 0.669349483520013 0.254249244185823 -0.640745055309812 -0.439049561633079 0.143469678349505 -0.155976163448286 -0.273097448192120 -0.341188132314857 -0.307808094301798 -0.446900021386328 -0.363699097444137 -0.472488818715679 -0.376770914561710 0.326818536467202 0.231370890537451 -0.0196868296838519 -0.0155936554837113 0.598095885790851 0.491829693299561 -0.0800386134174862 -0.317008335724742 0.537389658681008 1.88876209230053 0.00000000000000 -0.687094664813832 -0.162899842853550 0.391244980472976
# nat_m_mat_dev:
 -0.192954301194466 0.611061102004063 1.29869598504366 -0.585520266871876 -1.28677773988902 -0.921543064823346 -0.224988450846763 -0.0977208943226189 0.229967699294312 0.984760707941685 0.0387815235613616 -0.00799030942388023 0.133164736467808 0.656069871623705 0.559569876039968 0.546931197974160 0.673532119188531 -0.476674904671255 -0.630406969839564 0.354163725511455 0.216305074977435 -0.329979659214549 -0.383573525228954 0.438601921750112 0.651801988827493 0.570293435561015 0.0855353307704281 -0.837721818902558 -0.960835288246348 -0.282601914569189 0.743533245133384 0.121898514958155 0.573265197671830 0.279490302389113 -0.102936361055776 -0.0102352909250500 0.776908775519503 1.27144401987385 0.00000000000000 0.681622473418253 -0.0982156552338451 -1.06666825604804
# nat_m_lg_dev:
 -0.0594327400272029 -0.142493085841516 -0.296402691577895 -0.0536930845654419 0.120741615202383 -0.0447765468199918 0.152099775520189 0.0916439994814827 0.160712483760573 -0.343945022806624 0.0198639288068775 0.0275018791934805 -0.233356352799382 0.109735754150185 0.0732527177534913 0.137740271482419 0.0778310985315905 0.118685284353585 0.00565154998766801 0.0462417901016499 0.214637417738835 0.114698009969351 0.0733305632692768 0.0722999658168176 -0.255784745082199 0.101046673997643 -0.0911924779572072 -0.0354706906086519 0.0747789371951607 0.176732789038789 0.290236562544093 -0.293255031665774 -0.0883580231682305 -0.126870568845906 0.105158193322841 0.0325250600146950 -0.235290715348232 -0.0626025192619399 -0.272209801271008 0.152333251561897 0.0893592797997077 -0.00370475494748149
# q_dev:
 0.00000000000000 0.00000000000000 0.00000000000000 0.00000000000000 0.00000000000000 0.00000000000000 0.00000000000000 0.00000000000000 0.00000000000000 0.00000000000000 0.00000000000000 0.00000000000000 0.00000000000000 0.00000000000000 0.00000000000000 0.00000000000000 0.00000000000000 0.00000000000000 0.00000000000000 0.00000000000000 0.00000000000000 0.00000000000000 0.00000000000000 0.00000000000000 0.00000000000000 0.00000000000000 0.00000000000000 0.00000000000000 0.00000000000000 0.00000000000000 0.00000000000000 0.00000000000000 0.00000000000000 0.00000000000000 0.00000000000000 0.00000000000000 0.00000000000000 0.00000000000000 0.00000000000000 0.00000000000000 0.00000000000000 0.00000000000000
# q_mat_dev:
 0.00000000000000 0.00000000000000 0.00000000000000 0.00000000000000 0.00000000000000 0.00000000000000 0.00000000000000 0.00000000000000 0.00000000000000 0.00000000000000 0.00000000000000 0.00000000000000 0.00000000000000 0.00000000000000 0.00000000000000 0.00000000000000 0.00000000000000 0.00000000000000 0.00000000000000 0.00000000000000 0.00000000000000 0.00000000000000 0.00000000000000 0.00000000000000 0.00000000000000 0.00000000000000 0.00000000000000 0.00000000000000 0.00000000000000 0.00000000000000 0.00000000000000 0.00000000000000 0.00000000000000 0.00000000000000 0.00000000000000 0.00000000000000 0.00000000000000 0.00000000000000 0.00000000000000 0.00000000000000 0.00000000000000 0.00000000000000
# q_lg_dev:
 0.00000000000000 0.00000000000000 0.00000000000000 0.00000000000000 0.00000000000000 0.00000000000000 0.00000000000000 0.00000000000000 0.00000000000000 0.00000000000000 0.00000000000000 0.00000000000000 0.00000000000000 0.00000000000000 0.00000000000000 0.00000000000000 0.00000000000000 0.00000000000000 0.00000000000000 0.00000000000000 0.00000000000000 0.00000000000000 0.00000000000000 0.00000000000000 0.00000000000000 0.00000000000000 0.00000000000000 0.00000000000000 0.00000000000000 0.00000000000000 0.00000000000000 0.00000000000000 0.00000000000000 0.00000000000000 0.00000000000000 0.00000000000000 0.00000000000000 0.00000000000000 0.00000000000000 0.00000000000000 0.00000000000000 0.00000000000000
# log_avg_rec:
21.0976668117
# rec_devs:
 -0.204721182136 -0.264300618965 0.102675466700 0.868421042889 0.262545880873 0.198511095763 -0.144688218857 0.105338628038 1.12439566265 1.49202316147 1.34432387132 0.522283106191 -0.762065335234 -0.928101098560 -0.580516789694 -0.537482431757 -0.652566608133 -1.05050301134 -0.895108007184 0.0271379421043 0.104211746164 0.117855875541 -0.0520874443765 -0.624403970598 -1.63719074441 -0.400443053262 0.516915951776 -0.0470132701710 -0.315353980411 -0.266121096975 -0.166715522802 -0.101614351417 1.46390298632 1.39653041800 1.17356684428 -1.24881390191 -2.41424487642 -2.53627469543 -1.74083923444 -1.01537579783 0.570940631195 0.00000000000
# sigma_m:
 1.00000000000 1.00000000000 1.00000000000
# log_m_mu:
 -1.40559386171 -0.777561352054 -1.03321799727
# prop_rec:
 16.1071421444 4.32097709143
# sigma_q:
 0.100000000000 0.100000000000
# log_f:
0.189956591368
# f_dev:
 -1.36334359564 -1.95608084329 -0.460419250884 0.233982900978 -0.0493105124087 0.0571686622128 -0.203901443459 -0.245833046800 0.719993981167 0.569037895032 1.49042743521 0.795005788802 0.779244215894 0.420938888952 0.474359125452 0.495534642794 0.963544322879 -0.931119268924 -0.978878107263 0.0483640367651 0.216514337023 -0.875945344951 -1.17383998201 -0.502073552175 0.128783412512 0.374155817306 -0.137269945528 -0.926336569148 -1.78678729169 -0.822619473746 0.0216081479488 0.422574158383 0.653688423851 0.438526037167 -0.122749666369 -0.0151701574844 1.03500155815 1.55751495084 1.81234245881 -1.15663314635
# fish_ret_sel_50:
96.9801087408
# fish_ret_sel_50_post:
102.087881693
# fish_ret_sel_slope:
0.214968677138
# fish_ret_sel_slope_post:
0.296728797832
# fish_tot_sel_offset:
-9.50616271257
# fish_tot_sel_offset_dev:
 -21.7265891620 -28.6700798663 11.7224057545 18.8917571610 -24.7081602943 -24.0208251617 30.1695876655 -8.65158437078 0.928876901070 -14.8583949019 11.6401969225 -33.1852222902 -17.9039204085 9.21216855449 -10.8323648559 -15.2706056579 24.4872724668 23.6291394414 19.4351625711 -2.71764929637 29.2498722127 18.5592619097 1.08696681875 -38.6154540642 34.7556891998 -10.5648008912 -3.47047180923 4.10111398782 -6.62627367676 28.3234914175 27.4500705665 -5.43750640864 -15.1064433268 33.2081012876 -0.223299781780 5.78178047665 -10.2611653132 -1.43183298741 -9.19237632140 -29.1578944689
# fish_tot_sel_slope:
-1.63676395827
# surv_omega:
0.497628520381
# surv_alpha1:
3.76514058496
# surv_beta1:
112.540333064
# surv_alpha2:
0.151248077846
# surv_beta2:
42.5188797560
