# Number of parameters = 308 Objective function value = 308.524545388452  Maximum gradient component = 0.000980461739716680
# log_n_imm:
 18.5624185855806 19.6727524717394 19.7546994017089 19.9026472467503 19.8713351283247 19.7893750969683 19.4940855765032 19.4072712634386 19.3791910516096 18.8505152010312 18.3241499035742 18.3689118261081 17.8283164951130 16.7966055038442 15.2468239356881 13.2766163562618 11.9710132460129 10.3162799302609 9.60414630374409 8.24353702129283 6.51334188787424
# log_n_mat:
 17.7545498083026 11.5477162351366 15.7576270144092 17.4077219188030 18.3652901011453 18.9527918857765 19.0075217310366 18.8872856788096 18.9274501921731 19.0203396671969 18.8414825620440 18.4289033010601 18.0582055642146 18.2773801398004 18.2089795458188 17.5262721480931 16.6925546674893 15.6785797978413 14.6323020603613 13.3564153529414 12.0372380434404
# nat_m_dev:
 -0.117890562083979 -0.415179638528335 -0.561906747842686 -1.04079726598613 -1.13738608024806 -0.907320164572352 -0.675297199240544 -0.407394965461112 -0.176447661491021 0.0881477677819283 -0.0293301953833713 0.187618354200702 0.135082227440619 0.229345831219042 0.558242058860752 0.685359569976640 0.224047162916258 -0.685280189771615 -0.454619367713394 0.229107090774939 -0.148423026769012 -0.286329995097971 -0.330058833605293 -0.259778094642026 -0.413055387579365 -0.322284625759679 -0.456482039042089 -0.383038894538257 0.328168151748610 0.287207867972591 0.0223327957284128 -0.0227382799694584 0.618747868950200 0.508436234779683 -0.135090544663740 -0.372239634952622 0.525048861809388 1.90222761016911 0.00000000000000 -0.782265394562748 -0.270087428376235 0.261590120626983
# nat_m_mat_dev:
 -0.238169443639263 0.594672902993314 1.32150579933990 -0.547969512979181 -1.28076154982881 -0.941834281584593 -0.275300634312297 -0.118797117580216 0.231654123735984 1.00245491394832 0.0770147287697183 -0.0118913864468599 0.0899238485205547 0.613522667753454 0.540715779162617 0.550959306219287 0.686789975419174 -0.482349978246080 -0.638288317810681 0.343468183395073 0.229456908778632 -0.300274101870478 -0.375180277305938 0.426947936366774 0.625437748235531 0.537188343655854 0.0451635580177008 -0.802005080528845 -0.877895877749743 -0.230556008000097 0.716383041015227 0.131195786737147 0.590648229783657 0.273936917544009 -0.0776539292869926 0.0254007047118401 0.810003807217966 1.24200203033586 0.00000000000000 0.674512628113777 -0.103629004031237 -1.07834860269875
# nat_m_lg_dev:
 -0.0898654380727547 0.0243915545748198 -0.00763095701310954 0.321145034482210 0.0334641920598719 -0.167195849861707 -0.0253984745394687 0.0598320259886091 -0.0522066087489580 0.0729134865369913 -0.0132970822339625 0.107058539119319 -0.0482123025717792 -0.172343807771767 0.0655297665574478 -0.0489916444524590 0.109379585989182 -0.0493417131353421 -0.0101130242517554 0.0795286582088059 -0.128929327983707 -0.146478304815032 -0.00470791090057929 -0.00301136720534609 -0.262916754031356 -0.0579735047434743 -0.163406863093033 0.128541467620026 -0.0512899991802539 -0.200355185282029 0.0721238138322317 -0.0172558708705589 0.0319391506844426 0.0218661108547881 -0.0338079797071709 0.0115960443433337 -0.0179409999865153 -0.0483255253773774 0.183411386300750 0.265853262287997 0.0866311890186337 0.145791227370040
# q_dev:
 0.00000000000000 0.00000000000000 0.00000000000000 0.00000000000000 0.00000000000000 0.00000000000000 0.00000000000000 0.00000000000000 0.00000000000000 0.00000000000000 0.00000000000000 0.00000000000000 0.00000000000000 0.00000000000000 0.00000000000000 0.00000000000000 0.00000000000000 0.00000000000000 0.00000000000000 0.00000000000000 0.00000000000000 0.00000000000000 0.00000000000000 0.00000000000000 0.00000000000000 0.00000000000000 0.00000000000000 0.00000000000000 0.00000000000000 0.00000000000000 0.00000000000000 0.00000000000000 0.00000000000000 0.00000000000000 0.00000000000000 0.00000000000000 0.00000000000000 0.00000000000000 0.00000000000000 0.00000000000000 0.00000000000000 0.00000000000000
# q_mat_dev:
 0.00000000000000 0.00000000000000 0.00000000000000 0.00000000000000 0.00000000000000 0.00000000000000 0.00000000000000 0.00000000000000 0.00000000000000 0.00000000000000 0.00000000000000 0.00000000000000 0.00000000000000 0.00000000000000 0.00000000000000 0.00000000000000 0.00000000000000 0.00000000000000 0.00000000000000 0.00000000000000 0.00000000000000 0.00000000000000 0.00000000000000 0.00000000000000 0.00000000000000 0.00000000000000 0.00000000000000 0.00000000000000 0.00000000000000 0.00000000000000 0.00000000000000 0.00000000000000 0.00000000000000 0.00000000000000 0.00000000000000 0.00000000000000 0.00000000000000 0.00000000000000 0.00000000000000 0.00000000000000 0.00000000000000 0.00000000000000
# q_lg_dev:
 0.00000000000000 0.00000000000000 0.00000000000000 0.00000000000000 0.00000000000000 0.00000000000000 0.00000000000000 0.00000000000000 0.00000000000000 0.00000000000000 0.00000000000000 0.00000000000000 0.00000000000000 0.00000000000000 0.00000000000000 0.00000000000000 0.00000000000000 0.00000000000000 0.00000000000000 0.00000000000000 0.00000000000000 0.00000000000000 0.00000000000000 0.00000000000000 0.00000000000000 0.00000000000000 0.00000000000000 0.00000000000000 0.00000000000000 0.00000000000000 0.00000000000000 0.00000000000000 0.00000000000000 0.00000000000000 0.00000000000000 0.00000000000000 0.00000000000000 0.00000000000000 0.00000000000000 0.00000000000000 0.00000000000000 0.00000000000000
# log_avg_rec:
21.0490681720
# rec_devs:
 -0.0810206506000 -0.106967323939 0.263398263720 1.01118312808 0.387668721507 0.355945609405 0.0106206076172 0.343644481037 1.34654355119 1.68155485033 1.52774084819 0.683502876403 -0.577135662153 -0.694374839567 -0.382050181682 -0.356161873411 -0.511849465526 -0.874417186443 -0.659091095136 0.202774525917 0.270202271594 0.257853460642 0.125383203895 -0.539595538687 -1.35881973450 -0.193058063268 0.707254134224 0.114913600634 -0.0849565430472 -0.0630808003620 0.0195987767650 0.184122744036 1.66914337779 1.60130158159 1.30660767536 -1.03459854169 -2.06873363346 -2.35862991489 -1.51756131830 -0.874114963305 0.813732383526 0.00000000000
# sigma_m:
 1.00000000000 1.00000000000 1.00000000000
# log_m_mu:
 -1.35304262685 -0.774265501041 -1.27249768160
# prop_rec:
 14.2476041592 2.92524662142
# sigma_q:
 0.100000000000 0.100000000000
# log_f:
0.137367643211
# f_dev:
 -1.26759412881 -1.90892446336 -0.423003310023 0.284589007008 -0.0126083292554 0.0677602354082 -0.224860101324 -0.282805253281 0.702524787579 0.549135077947 1.51074718271 0.814354715235 0.768999432492 0.388100297827 0.451768155648 0.501858882630 0.993883670940 -0.907380811069 -0.964572005032 0.0469567352076 0.201393018658 -0.879193265883 -1.17496090591 -0.517185012219 0.0946982530115 0.338848994853 -0.183858145994 -0.956451007051 -1.79369889567 -0.810020870365 0.0192277039767 0.414318799191 0.650837328120 0.438170698875 -0.130020231249 -0.0186077990973 1.03247533462 1.53201526860 1.78753550979 -1.13445455474
# fish_ret_sel_50:
96.9093018237
# fish_ret_sel_50_post:
102.052585635
# fish_ret_sel_slope:
0.214615368366
# fish_ret_sel_slope_post:
0.297360873603
# fish_tot_sel_offset:
-9.26541971044
# fish_tot_sel_offset_dev:
 -34.1097054979 -34.7063955001 -36.6982540180 37.8165782074 39.9870057917 39.9967692268 -27.0074752928 33.6691178503 5.71683938930 34.2660614701 -39.8285715685 -14.3019443970 31.8144751975 38.5136086160 -38.3347357574 20.6050523532 14.2958623765 -30.5035276924 -25.8838320078 38.5156136932 -39.5557878883 39.2268155403 -39.3892246006 25.4135380052 -27.4973938800 -36.4329224704 8.24993494272 19.1195200467 -35.8588036957 -39.9947287588 37.3360635486 -39.9994551206 39.9882473451 39.1443157782 38.6102805271 -39.8700051159 35.7753118691 -31.7867670641 28.7688446155 -35.0703260640
# fish_tot_sel_slope:
-1.62410736407
# surv_omega:
0.569239023514
# surv_alpha1:
0.106071932685
# surv_beta1:
111.589701352
# surv_alpha2:
0.179560172173
# surv_beta2:
41.6216049827
