ParName   Value   Gradient
log_n_imm(1)      18.5624  -2.7769e-05
log_n_imm(2)      19.6728  6.88132e-05
log_n_imm(3)      19.7547  3.63937e-05
log_n_imm(4)      19.9026  9.00046e-05
log_n_imm(5)      19.8713 -0.000176242
log_n_imm(6)      19.7894  2.75871e-05
log_n_imm(7)      19.4941 -7.64996e-06
log_n_imm(8)      19.4073  1.82286e-05
log_n_imm(9)      19.3792  5.98587e-05
log_n_imm(10)      18.8505 -3.31164e-05
log_n_imm(11)      18.3242    2.376e-05
log_n_imm(12)      18.3689 -7.15812e-05
log_n_imm(13)      17.8283 -8.35301e-05
log_n_imm(14)      16.7966 -0.000128442
log_n_imm(15)      15.2468  2.94751e-05
log_n_imm(16)      13.2766  2.68171e-07
log_n_imm(17)       11.971  7.55426e-06
log_n_imm(18)      10.3163 -5.07392e-07
log_n_imm(19)      9.60519 -7.51981e-08
log_n_imm(20)      8.24104  7.94987e-07
log_n_imm(21)      6.51624  5.01128e-06
log_n_mat(1)      17.7546  5.22292e-06
log_n_mat(2)      11.5477   3.9455e-07
log_n_mat(3)      15.7576 -1.29493e-06
log_n_mat(4)      17.4077  2.28356e-05
log_n_mat(5)      18.3653 -6.64448e-06
log_n_mat(6)      18.9528 -4.51069e-05
log_n_mat(7)      19.0075  9.52357e-07
log_n_mat(8)      18.8873  2.90825e-05
log_n_mat(9)      18.9274 -9.84119e-06
log_n_mat(10)      19.0203 -4.38145e-05
log_n_mat(11)      18.8415 -4.38296e-05
log_n_mat(12)      18.4289  4.65691e-05
log_n_mat(13)      18.0582  3.33128e-05
log_n_mat(14)      18.2774 -1.15606e-05
log_n_mat(15)       18.209  0.000167658
log_n_mat(16)      17.5263 -2.27019e-05
log_n_mat(17)      16.6926 -2.28867e-05
log_n_mat(18)      15.6786  -1.1172e-06
log_n_mat(19)      14.6323  8.43893e-06
log_n_mat(20)      13.3564 -1.88455e-05
log_n_mat(21)      12.0372 -7.97825e-07
nat_m_dev(1982)    -0.117885  -8.4423e-05
nat_m_dev(1983)    -0.415182 -7.99438e-05
nat_m_dev(1984)    -0.561908 -8.54546e-05
nat_m_dev(1985)      -1.0408 -8.02133e-05
nat_m_dev(1986)     -1.13739 -6.81249e-05
nat_m_dev(1987)    -0.907319  -5.0487e-05
nat_m_dev(1988)    -0.675297 -4.02845e-05
nat_m_dev(1989)    -0.407395 -4.52666e-05
nat_m_dev(1990)    -0.176442 -3.90383e-05
nat_m_dev(1991)    0.0881409  -4.7451e-05
nat_m_dev(1992)   -0.0293251  5.34141e-05
nat_m_dev(1993)     0.187619  5.41314e-05
nat_m_dev(1994)     0.135081  5.25144e-05
nat_m_dev(1995)     0.229344  -6.6849e-05
nat_m_dev(1996)     0.558244 -3.70952e-05
nat_m_dev(1997)      0.68536  -7.7723e-05
nat_m_dev(1998)     0.224044  -6.6246e-05
nat_m_dev(1999)    -0.685281  -7.4179e-05
nat_m_dev(2000)     -0.45462 -0.000107154
nat_m_dev(2001)     0.229108 -0.000148377
nat_m_dev(2002)    -0.148422 -9.47999e-05
nat_m_dev(2003)     -0.28633 -0.000120535
nat_m_dev(2004)     -0.33006 -0.000104169
nat_m_dev(2005)     -0.25978 -0.000116247
nat_m_dev(2006)    -0.413058 -0.000113011
nat_m_dev(2007)    -0.322285 -6.91851e-05
nat_m_dev(2008)    -0.456483 -6.15324e-05
nat_m_dev(2009)    -0.383037 -2.59266e-05
nat_m_dev(2010)     0.328172  2.51763e-05
nat_m_dev(2011)     0.287205  -2.9096e-07
nat_m_dev(2012)    0.0223329 -2.43457e-05
nat_m_dev(2013)   -0.0227362 -1.41796e-05
nat_m_dev(2014)     0.618747 -2.26949e-05
nat_m_dev(2015)     0.508432 -5.97599e-05
nat_m_dev(2016)    -0.135091 -2.80721e-05
nat_m_dev(2017)    -0.372238 -5.22674e-06
nat_m_dev(2018)     0.525052  1.53032e-05
nat_m_dev(2019)      1.90223  5.48535e-05
nat_m_dev(2020)            0  9.30903e-06
nat_m_dev(2021)    -0.782266 -6.01121e-05
nat_m_dev(2022)    -0.270087 -6.03842e-05
nat_m_dev(2023)      0.26159  5.86188e-05
nat_m_mat_dev(1982)    -0.238183   1.5492e-05
nat_m_mat_dev(1983)     0.594678  1.91004e-05
nat_m_mat_dev(1984)       1.3215 -9.87242e-06
nat_m_mat_dev(1985)    -0.547971  1.31734e-05
nat_m_mat_dev(1986)     -1.28076  1.07045e-05
nat_m_mat_dev(1987)    -0.941833  1.26773e-05
nat_m_mat_dev(1988)    -0.275297  1.40841e-05
nat_m_mat_dev(1989)    -0.118796  1.53212e-05
nat_m_mat_dev(1990)     0.231654  3.32719e-05
nat_m_mat_dev(1991)      1.00245  3.12895e-05
nat_m_mat_dev(1992)    0.0770165  2.28936e-05
nat_m_mat_dev(1993)   -0.0118925  2.31623e-05
nat_m_mat_dev(1994)    0.0899233   1.5776e-05
nat_m_mat_dev(1995)     0.613523 -8.37209e-06
nat_m_mat_dev(1996)     0.540719  1.33567e-05
nat_m_mat_dev(1997)     0.550956 -4.91321e-05
nat_m_mat_dev(1998)     0.686791  -1.4072e-05
nat_m_mat_dev(1999)    -0.482348  2.66399e-05
nat_m_mat_dev(2000)    -0.638288  1.42863e-05
nat_m_mat_dev(2001)     0.343467 -6.58704e-07
nat_m_mat_dev(2002)     0.229457  1.27125e-05
nat_m_mat_dev(2003)    -0.300273  1.00332e-05
nat_m_mat_dev(2004)    -0.375183  3.95599e-06
nat_m_mat_dev(2005)     0.426944 -3.56944e-05
nat_m_mat_dev(2006)      0.62544  -6.7862e-06
nat_m_mat_dev(2007)     0.537189  3.20735e-07
nat_m_mat_dev(2008)    0.0451622  4.66314e-06
nat_m_mat_dev(2009)    -0.802005  1.71697e-05
nat_m_mat_dev(2010)    -0.877895  1.32026e-05
nat_m_mat_dev(2011)    -0.230555  2.30326e-05
nat_m_mat_dev(2012)     0.716383  1.09768e-05
nat_m_mat_dev(2013)     0.131195  1.59516e-05
nat_m_mat_dev(2014)     0.590647  3.94946e-05
nat_m_mat_dev(2015)     0.273937  3.08946e-05
nat_m_mat_dev(2016)   -0.0776515  1.54486e-05
nat_m_mat_dev(2017)    0.0254045  3.62785e-05
nat_m_mat_dev(2018)     0.810003  3.45728e-05
nat_m_mat_dev(2019)        1.242  8.94336e-05
nat_m_mat_dev(2020)            0 -2.44937e-06
nat_m_mat_dev(2021)     0.674511  3.87116e-05
nat_m_mat_dev(2022)    -0.103629  2.94556e-05
nat_m_mat_dev(2023)     -1.07835  2.24169e-05
nat_m_lg_dev(1982)      2.71259  2.78396e-05
nat_m_lg_dev(1983)     -3.13105  2.27732e-05
nat_m_lg_dev(1984)     -2.39915  2.96218e-05
nat_m_lg_dev(1985)    -0.215502  3.73123e-05
nat_m_lg_dev(1986)      2.98394  2.53388e-05
nat_m_lg_dev(1987)     -3.99785 -1.07576e-05
nat_m_lg_dev(1988)     -3.98326  8.62994e-07
nat_m_lg_dev(1989)     0.889671  3.65409e-05
nat_m_lg_dev(1990)      3.51163 -1.86223e-05
nat_m_lg_dev(1991)      3.37705 -2.06559e-05
nat_m_lg_dev(1992)      -3.1028  2.31128e-05
nat_m_lg_dev(1993)     -3.90526 -6.31709e-06
nat_m_lg_dev(1994)     -3.64309  1.45716e-05
nat_m_lg_dev(1995)     -3.62046    1.506e-05
nat_m_lg_dev(1996)     -3.99579  6.84235e-06
nat_m_lg_dev(1997)     0.894843  3.65304e-05
nat_m_lg_dev(1998)     -3.71624  1.28445e-05
nat_m_lg_dev(1999)     -1.61213  3.40438e-05
nat_m_lg_dev(2000)      3.90248  9.95105e-06
nat_m_lg_dev(2001)      2.00316 -3.25889e-05
nat_m_lg_dev(2002)     -3.99549  6.48588e-06
nat_m_lg_dev(2003)     -3.97847 -1.05213e-07
nat_m_lg_dev(2004)      3.75415 -1.39732e-05
nat_m_lg_dev(2005)    -0.377402 -3.71838e-05
nat_m_lg_dev(2006)      2.66585 -2.82251e-05
nat_m_lg_dev(2007)      3.52003 -1.84853e-05
nat_m_lg_dev(2008)      1.72926  3.39017e-05
nat_m_lg_dev(2009)      2.24965  3.11814e-05
nat_m_lg_dev(2010)      1.09201   3.6079e-05
nat_m_lg_dev(2011)     0.299828  3.73121e-05
nat_m_lg_dev(2012)      3.88471  1.05116e-05
nat_m_lg_dev(2013)     0.552019 -3.70848e-05
nat_m_lg_dev(2014)     -2.59669  2.81036e-05
nat_m_lg_dev(2015)     0.979564  3.63486e-05
nat_m_lg_dev(2016)    -0.486908  3.70616e-05
nat_m_lg_dev(2017)     -1.39579  3.48915e-05
nat_m_lg_dev(2018)      3.93785  8.76665e-06
nat_m_lg_dev(2019)      3.38712  2.05133e-05
nat_m_lg_dev(2020)     -2.57944  2.82442e-05
nat_m_lg_dev(2021)     -3.23824  2.14065e-05
nat_m_lg_dev(2022)      3.78923 -1.31376e-05
nat_m_lg_dev(2023)      3.85437  1.14119e-05
log_avg_rec      21.0867   0.00022462
rec_devs(1982)    -0.118639  7.26006e-05
rec_devs(1983)    -0.144585  0.000193062
rec_devs(1984)      0.22578  3.97067e-05
rec_devs(1985)     0.973564 -0.000176615
rec_devs(1986)     0.350051  2.92257e-05
rec_devs(1987)     0.318327 -0.000163377
rec_devs(1988)   -0.0269989  2.58693e-05
rec_devs(1989)     0.306029  9.91295e-05
rec_devs(1990)      1.30893  5.41819e-05
rec_devs(1991)      1.64394  0.000248803
rec_devs(1992)      1.49012    -5.49e-05
rec_devs(1993)     0.645885 -0.000167552
rec_devs(1994)    -0.614755  1.01257e-05
rec_devs(1995)    -0.731992  9.57557e-05
rec_devs(1996)    -0.419668  4.35816e-05
rec_devs(1997)     -0.39378  7.57401e-05
rec_devs(1998)    -0.549468  0.000205586
rec_devs(1999)    -0.912035  0.000157053
rec_devs(2000)    -0.696709  0.000219767
rec_devs(2001)     0.165156  0.000136721
rec_devs(2002)     0.232584  0.000168406
rec_devs(2003)     0.220235  0.000102057
rec_devs(2004)    0.0877645  2.09766e-05
rec_devs(2005)    -0.577214  0.000128802
rec_devs(2006)     -1.39644   1.8967e-05
rec_devs(2007)    -0.230677 -0.000131426
rec_devs(2008)     0.669637 -1.63731e-05
rec_devs(2009)    0.0772953 -0.000268621
rec_devs(2010)    -0.122575  -4.7534e-05
rec_devs(2011)    -0.100699  0.000125291
rec_devs(2012)   -0.0180193  8.33362e-05
rec_devs(2013)     0.146504   2.8699e-05
rec_devs(2014)      1.63152  8.88675e-06
rec_devs(2015)      1.56368 -0.000302273
rec_devs(2016)      1.26899 -6.12469e-05
rec_devs(2017)     -1.07222  2.95791e-05
rec_devs(2018)     -2.10634  8.01244e-05
rec_devs(2019)     -2.39625  4.85119e-05
rec_devs(2020)     -1.55518 -2.57381e-05
rec_devs(2021)    -0.911733  2.58299e-05
rec_devs(2022)     0.776115  7.28052e-05
rec_devs(2023)            0   2.7247e-05
log_m_mu(1)     -1.35304   0.00044304
log_m_mu(2)    -0.774266  -0.00028449
log_m_mu(3)     -1.11146 -1.09466e-08
prop_rec(1)      14.2476 -3.28205e-05
prop_rec(2)      2.92525   0.00018103
log_f     0.137366  0.000156869
f_dev(1)     -1.26759  3.46705e-05
f_dev(2)     -1.90892 -1.78241e-05
f_dev(3)    -0.423002 -2.96994e-05
f_dev(4)     0.284588 -3.37608e-05
f_dev(5)   -0.0126095 -3.98189e-05
f_dev(6)    0.0677593 -6.97702e-06
f_dev(7)     -0.22486  1.21531e-05
f_dev(8)    -0.282804  2.08757e-05
f_dev(9)     0.702525 -2.25152e-05
f_dev(10)     0.549135 -2.29414e-05
f_dev(11)      1.51075 -4.71909e-06
f_dev(12)     0.814355 -5.48234e-06
f_dev(13)     0.768999 -2.38377e-05
f_dev(14)       0.3881 -6.96257e-06
f_dev(15)      0.45177    3.073e-05
f_dev(16)     0.501859  1.30118e-05
f_dev(17)     0.993883  2.45091e-05
f_dev(18)     -0.90738 -8.53472e-06
f_dev(19)    -0.964572 -1.86137e-05
f_dev(20)    0.0469564 -1.26757e-05
f_dev(21)     0.201392 -1.85024e-05
f_dev(22)    -0.879193  4.79124e-07
f_dev(23)     -1.17496 -1.62008e-05
f_dev(24)    -0.517186  2.21052e-05
f_dev(25)    0.0946983   4.4604e-05
f_dev(26)     0.338849 -3.07471e-06
f_dev(27)    -0.183859 -9.53185e-06
f_dev(28)    -0.956452 -7.64646e-06
f_dev(29)      -1.7937 -1.73871e-05
f_dev(30)    -0.810021 -2.63733e-05
f_dev(31)    0.0192288    2.042e-05
f_dev(32)     0.414319  8.85494e-06
f_dev(33)     0.650837 -1.95384e-05
f_dev(34)     0.438171 -3.05644e-05
f_dev(35)     -0.13002 -1.00985e-05
f_dev(36)   -0.0186068  1.10133e-06
f_dev(37)      1.03247  -9.4432e-06
f_dev(38)      1.53202  -2.2973e-05
f_dev(39)      1.78754 -1.52492e-05
f_dev(40)     -1.13446 -4.98754e-05
fish_ret_sel_50      96.9093 -0.000212196
fish_ret_sel_50_post      102.053  0.000109442
fish_ret_sel_slope     0.214615 -0.000190473
fish_ret_sel_slope_post     0.297361  0.000107593
fish_tot_sel_offset      -9.2654  3.28334e-05
fish_tot_sel_offset_dev(1)      35.3696   9.2711e-05
fish_tot_sel_offset_dev(2)      25.3795 -0.000153344
fish_tot_sel_offset_dev(3)      19.1613  0.000174134
fish_tot_sel_offset_dev(4)       14.726  0.000184436
fish_tot_sel_offset_dev(5)      37.6304 -6.73652e-05
fish_tot_sel_offset_dev(6)     -21.3608 -0.000167675
fish_tot_sel_offset_dev(7)     -29.5923  0.000133411
fish_tot_sel_offset_dev(8)       38.919  4.59678e-05
fish_tot_sel_offset_dev(9)     -2.04059  0.000198091
fish_tot_sel_offset_dev(10)     -38.1917   5.8839e-05
fish_tot_sel_offset_dev(11)     -35.7684 -8.87129e-05
fish_tot_sel_offset_dev(12)      5.60135  0.000196402
fish_tot_sel_offset_dev(13)     -1.64965  0.000198181
fish_tot_sel_offset_dev(14)      22.1065  0.000165333
fish_tot_sel_offset_dev(15)     -34.0484  0.000104036
fish_tot_sel_offset_dev(16)      -10.303  0.000191648
fish_tot_sel_offset_dev(17)     -26.9929  0.000146343
fish_tot_sel_offset_dev(18)     -39.9249  1.15116e-05
fish_tot_sel_offset_dev(19)      32.6609  0.000114567
fish_tot_sel_offset_dev(20)      39.9502 -1.06837e-05
fish_tot_sel_offset_dev(21)     -34.1574  0.000103153
fish_tot_sel_offset_dev(22)     -12.5362  0.000188345
fish_tot_sel_offset_dev(23)      30.0744  0.000130822
fish_tot_sel_offset_dev(24)     -20.2648  0.000170989
fish_tot_sel_offset_dev(25)      39.4625  3.26454e-05
fish_tot_sel_offset_dev(26)     -34.9999  9.59563e-05
fish_tot_sel_offset_dev(27)     -15.7125  0.000182391
fish_tot_sel_offset_dev(28)      32.0284  0.000118875
fish_tot_sel_offset_dev(29)      26.0181  0.000150691
fish_tot_sel_offset_dev(30)     -37.0564  7.45857e-05
fish_tot_sel_offset_dev(31)      38.6702  5.08675e-05
fish_tot_sel_offset_dev(32)      1.96216  0.000198114
fish_tot_sel_offset_dev(33)     -4.05243  0.000197327
fish_tot_sel_offset_dev(34)      39.6448  2.66693e-05
fish_tot_sel_offset_dev(35)     -16.9961  0.000179537
fish_tot_sel_offset_dev(36)      -24.527  0.000156656
fish_tot_sel_offset_dev(37)     -3.79281  0.000197454
fish_tot_sel_offset_dev(38)      21.7608  0.000166456
fish_tot_sel_offset_dev(39)     -17.5064  0.000178326
fish_tot_sel_offset_dev(40)     -39.6511 -2.58464e-05
fish_tot_sel_slope     -1.62411  0.000157742
surv_omega     0.569239  8.32075e-05
surv_alpha1     0.106072 -0.000481191
surv_beta1       111.59  5.46069e-05
surv_alpha2      0.17956  0.000148133
surv_beta2      41.6216 -0.000102578
