# Number of parameters = 308 Objective function value = 308.524545358246  Maximum gradient component = 0.000481190585637927
# log_n_imm:
 18.5624213141438 19.6727503053797 19.7547019599053 19.9026483203229 19.8713332680670 19.7893765317788 19.4940857420113 19.4072706695498 19.3791923535026 18.8505159964198 18.3241506553727 18.3689145681220 17.8283165426310 16.7966010500784 15.2468355828783 13.2765644794206 11.9709855645891 10.3162680323335 9.60519108911297 8.24104179538453 6.51624044354416
# log_n_mat:
 17.7545509528083 11.5477407333326 15.7576272658972 17.4077189449057 18.3652902421189 18.9527875019792 19.0075194532735 18.8872848452992 18.9274497775075 19.0203390414153 18.8414817978775 18.4289058261757 18.0582055270198 18.2773780235578 18.2089763627492 17.5262713451344 16.6925546648459 15.6785795725555 14.6322978398221 13.3564327431769 12.0372216844344
# nat_m_dev:
 -0.117885155142554 -0.415182152025489 -0.561907961621828 -1.04079726597850 -1.13738718085871 -0.907319241684145 -0.675297341061741 -0.407394760837402 -0.176442316328101 0.0881408882500848 -0.0293251165727825 0.187619485434449 0.135081175213919 0.229344105719725 0.558244046192467 0.685360209464093 0.224044311866995 -0.685280510022375 -0.454619966048229 0.229107782775510 -0.148421508724255 -0.286330385452322 -0.330060192093416 -0.259780270676324 -0.413057758986230 -0.322284633929958 -0.456483393564732 -0.383037159523825 0.328171846193345 0.287205318292807 0.0223329374312003 -0.0227362179447227 0.618747006967015 0.508432223017391 -0.135090819417148 -0.372237806495737 0.525051898599263 1.90222615689770 0.00000000000000 -0.782265699115965 -0.270087241107142 0.261590016659385
# nat_m_mat_dev:
 -0.238182711436541 0.594678344148151 1.32150411627074 -0.547970625346253 -1.28075971917422 -0.941832500374556 -0.275297239921288 -0.118796350939932 0.231654141873750 1.00245403548140 0.0770165481214543 -0.0118925160159035 0.0899233222905326 0.613522519601958 0.540719014880824 0.550955582230426 0.686790588430893 -0.482347516128511 -0.638288463423835 0.343466652781840 0.229457387491329 -0.300272751075684 -0.375182605617518 0.426944314489243 0.625440093636288 0.537188524972740 0.0451622070782739 -0.802005216278556 -0.877895386072145 -0.230555043922070 0.716382591151352 0.131195366597831 0.590647218490257 0.273936892717015 -0.0776514868262629 0.0254045328908193 0.810003028699335 1.24200242016630 0.00000000000000 0.674511331411428 -0.103628660272854 -1.07834719176093
# nat_m_lg_dev:
 2.71259000227402 -3.13105061254377 -2.39914939361720 -0.215502144333392 2.98393541876198 -3.99785353965987 -3.98326457589087 0.889670751331721 3.51163436359090 3.37704912803701 -3.10280453231280 -3.90525657020091 -3.64308663255947 -3.62046371323155 -3.99579394546688 0.894843360485599 -3.71624290742608 -1.61213156173175 3.90248119066218 2.00316181652210 -3.99548836053315 -3.97846510711617 3.75414951270372 -0.377402160402442 2.66585391787856 3.52002780831202 1.72926398360548 2.24965260301587 1.09201238002957 0.299827903965889 3.88471371045133 0.552019314895323 -2.59668746876340 0.979563838620304 -0.486908142905048 -1.39579410758753 3.93785287977872 3.38712201737536 -2.57943554545400 -3.23823990007963 3.78922929155976 3.85436572795849
# q_dev:
 0.00000000000000 0.00000000000000 0.00000000000000 0.00000000000000 0.00000000000000 0.00000000000000 0.00000000000000 0.00000000000000 0.00000000000000 0.00000000000000 0.00000000000000 0.00000000000000 0.00000000000000 0.00000000000000 0.00000000000000 0.00000000000000 0.00000000000000 0.00000000000000 0.00000000000000 0.00000000000000 0.00000000000000 0.00000000000000 0.00000000000000 0.00000000000000 0.00000000000000 0.00000000000000 0.00000000000000 0.00000000000000 0.00000000000000 0.00000000000000 0.00000000000000 0.00000000000000 0.00000000000000 0.00000000000000 0.00000000000000 0.00000000000000 0.00000000000000 0.00000000000000 0.00000000000000 0.00000000000000 0.00000000000000 0.00000000000000
# q_mat_dev:
 0.00000000000000 0.00000000000000 0.00000000000000 0.00000000000000 0.00000000000000 0.00000000000000 0.00000000000000 0.00000000000000 0.00000000000000 0.00000000000000 0.00000000000000 0.00000000000000 0.00000000000000 0.00000000000000 0.00000000000000 0.00000000000000 0.00000000000000 0.00000000000000 0.00000000000000 0.00000000000000 0.00000000000000 0.00000000000000 0.00000000000000 0.00000000000000 0.00000000000000 0.00000000000000 0.00000000000000 0.00000000000000 0.00000000000000 0.00000000000000 0.00000000000000 0.00000000000000 0.00000000000000 0.00000000000000 0.00000000000000 0.00000000000000 0.00000000000000 0.00000000000000 0.00000000000000 0.00000000000000 0.00000000000000 0.00000000000000
# q_lg_dev:
 0.00000000000000 0.00000000000000 0.00000000000000 0.00000000000000 0.00000000000000 0.00000000000000 0.00000000000000 0.00000000000000 0.00000000000000 0.00000000000000 0.00000000000000 0.00000000000000 0.00000000000000 0.00000000000000 0.00000000000000 0.00000000000000 0.00000000000000 0.00000000000000 0.00000000000000 0.00000000000000 0.00000000000000 0.00000000000000 0.00000000000000 0.00000000000000 0.00000000000000 0.00000000000000 0.00000000000000 0.00000000000000 0.00000000000000 0.00000000000000 0.00000000000000 0.00000000000000 0.00000000000000 0.00000000000000 0.00000000000000 0.00000000000000 0.00000000000000 0.00000000000000 0.00000000000000 0.00000000000000 0.00000000000000 0.00000000000000
# log_avg_rec:
21.0866869735
# rec_devs:
 -0.118639330966 -0.144585392106 0.225780138327 0.973564245457 0.350050784960 0.318327434823 -0.0269988719744 0.306028548760 1.30892511556 1.64393762736 1.49012354025 0.645884806259 -0.614754543839 -0.731992130515 -0.419668270532 -0.393779720818 -0.549467595841 -0.912035341432 -0.696708564937 0.165155950265 0.232583566417 0.220234837575 0.0877644716139 -0.577214112130 -1.39643766152 -0.230676975396 0.669636938885 0.0772953131590 -0.122575384437 -0.100699023392 -0.0180192628990 0.146504100575 1.63152431310 1.56368296889 1.26899104005 -1.07222011262 -2.10633745022 -2.39625164757 -1.55518001330 -0.911732553952 0.776115401414 0.00000000000
# sigma_m:
 1.00000000000 1.00000000000 1.00000000000
# log_m_mu:
 -1.35304184333 -0.774265578831 -1.11145792778
# prop_rec:
 14.2475998748 2.92524708130
# sigma_q:
 0.100000000000 0.100000000000
# log_f:
0.137366046136
# f_dev:
 -1.26759455377 -1.90892352621 -0.423002042765 0.284588212500 -0.0126095419990 0.0677592952397 -0.224859778716 -0.282804076377 0.702525256006 0.549135012202 1.51074693771 0.814354753836 0.768999212396 0.388100136378 0.451770059233 0.501859262101 0.993882549693 -0.907380123950 -0.964571805642 0.0469563989505 0.201392396767 -0.879193059819 -1.17496076687 -0.517185884791 0.0946983060019 0.338849288569 -0.183859338321 -0.956452188570 -1.79369903258 -0.810021087784 0.0192288378666 0.414319219211 0.650836936606 0.438170929114 -0.130019522999 -0.0186067930999 1.03247493045 1.53201538330 1.78753557762 -1.13445576749
# fish_ret_sel_50:
96.9093094126
# fish_ret_sel_50_post:
102.052586765
# fish_ret_sel_slope:
0.214615410953
# fish_ret_sel_slope_post:
0.297360878767
# fish_tot_sel_offset:
-9.26539724535
# fish_tot_sel_offset_dev:
 35.3695861094 25.3795185758 19.1612659340 14.7260017164 37.6303531809 -21.3608465331 -29.5923478058 38.9189515790 -2.04059197752 -38.1916578842 -35.7684134366 5.60134520747 -1.64964960769 22.1064552288 -34.0484158740 -10.3029952326 -26.9929495650 -39.9248683114 32.6608812368 39.9501688331 -34.1574025671 -12.5362468715 30.0744109658 -20.2648044959 39.4624716382 -34.9998998815 -15.7124710224 32.0283752381 26.0181181406 -37.0564090256 38.6702150522 1.96216473883 -4.05242646411 39.6447532836 -16.9961395370 -24.5269998011 -3.79280586767 21.7608299055 -17.5064459754 -39.6510788276
# fish_tot_sel_slope:
-1.62410699561
# surv_omega:
0.569239125843
# surv_alpha1:
0.106071816512
# surv_beta1:
111.589700625
# surv_alpha2:
0.179560229933
# surv_beta2:
41.6216077913
