# Number of parameters = 308 Objective function value = 308.524545364972  Maximum gradient component = 0.000719964699928032
# log_n_imm:
 18.5624180542142 19.6727511007106 19.7547028711063 19.9026478436709 19.8713350915024 19.7893766113205 19.4940863301796 19.4072709647766 19.3791925126227 18.8505168713490 18.3241512024250 18.3689158414273 17.8283182656805 16.7965966564693 15.2468334136679 13.2765624184089 11.9710077193716 10.3163307862068 9.60519810426705 8.24085319316966 6.50798072659450
# log_n_mat:
 17.7545507185867 11.5477061639333 15.7576265940213 17.4077207327000 18.3652912537675 18.9527881097448 19.0075192071194 18.8872841595903 18.9274497391372 19.0203391052880 18.8414818847423 18.4289047870444 18.0582051270529 18.2773786090410 18.2089759084459 17.5262715203253 16.6925547105147 15.6785786473787 14.6322962650456 13.3564271645839 12.0372534047400
# nat_m_dev:
 -0.117882791799676 -0.415181845744597 -0.561907497615667 -1.04079582010272 -1.13738652232112 -0.907319428920470 -0.675298049647156 -0.407394719509828 -0.176442922340336 0.0881400390469469 -0.0293267855505166 0.187618297198580 0.135081583899759 0.229345601603182 0.558242067882256 0.685362698301515 0.224043590897023 -0.685280514743377 -0.454618414144940 0.229109290101489 -0.148423231442059 -0.286329384591608 -0.330059699286828 -0.259778555780789 -0.413054935805459 -0.322285961355015 -0.456483879656302 -0.383039103511493 0.328169734540472 0.287205248436138 0.0223328360153461 -0.0227389754655547 0.618746239801274 0.508435620029216 -0.135090638612213 -0.372239628065654 0.525050059462773 1.90222697007742 0.00000000000000 -0.782265849786775 -0.270087113349273 0.261589768876268
# nat_m_mat_dev:
 -0.238184904609744 0.594679866191543 1.32150435510092 -0.547969881330989 -1.28075897141746 -0.941832458150507 -0.275297492290121 -0.118796519001347 0.231653986283522 1.00245391032047 0.0770164169099726 -0.0118912439087812 0.0899241311738431 0.613522419888059 0.540717480007968 0.550957903428767 0.686790194163048 -0.482348134808317 -0.638288522643403 0.343467654343661 0.229456780256178 -0.300274157858585 -0.375182883515640 0.426945779403911 0.625438804582554 0.537188166063030 0.0451621071911442 -0.802004966383496 -0.877894983167511 -0.230555811079013 0.716382746341110 0.131196564874704 0.590648416309015 0.273937175753813 -0.0776520108939735 0.0254021382920724 0.810003945253911 1.24200195982344 0.00000000000000 0.674511406699947 -0.103629479675291 -1.07834709868197
# nat_m_lg_dev:
 1.32071574705545 3.73017012733762 -1.38274022436866 -3.95077625084042 3.13265903505178 2.85639126265037 -3.93769943475302 -3.24380320076355 -1.53371214571103 -3.87339474458768 -3.99713231187485 -1.49403196351833 2.14451275980429 3.68704884389608 -3.98833877723411 3.12598533958711 -3.11963361732631 -3.00969404884007 2.75414935585973 -0.804135907310705 -0.230742994034712 3.35339776529780 3.08966258498217 2.17355996230168 3.52569696302187 -0.757087286131619 3.72806149560454 -3.06871817334431 -2.69845245066073 -1.23374201858809 -3.05235872402710 3.29443549041196 -2.71396180647442 -1.33814686414516 2.91561826917210 -2.65100142512848 3.81803087530714 2.87340492274407 -3.60551096116117 -2.14117568057277 3.77157432386958 2.53091588744195
# q_dev:
 0.00000000000000 0.00000000000000 0.00000000000000 0.00000000000000 0.00000000000000 0.00000000000000 0.00000000000000 0.00000000000000 0.00000000000000 0.00000000000000 0.00000000000000 0.00000000000000 0.00000000000000 0.00000000000000 0.00000000000000 0.00000000000000 0.00000000000000 0.00000000000000 0.00000000000000 0.00000000000000 0.00000000000000 0.00000000000000 0.00000000000000 0.00000000000000 0.00000000000000 0.00000000000000 0.00000000000000 0.00000000000000 0.00000000000000 0.00000000000000 0.00000000000000 0.00000000000000 0.00000000000000 0.00000000000000 0.00000000000000 0.00000000000000 0.00000000000000 0.00000000000000 0.00000000000000 0.00000000000000 0.00000000000000 0.00000000000000
# q_mat_dev:
 0.00000000000000 0.00000000000000 0.00000000000000 0.00000000000000 0.00000000000000 0.00000000000000 0.00000000000000 0.00000000000000 0.00000000000000 0.00000000000000 0.00000000000000 0.00000000000000 0.00000000000000 0.00000000000000 0.00000000000000 0.00000000000000 0.00000000000000 0.00000000000000 0.00000000000000 0.00000000000000 0.00000000000000 0.00000000000000 0.00000000000000 0.00000000000000 0.00000000000000 0.00000000000000 0.00000000000000 0.00000000000000 0.00000000000000 0.00000000000000 0.00000000000000 0.00000000000000 0.00000000000000 0.00000000000000 0.00000000000000 0.00000000000000 0.00000000000000 0.00000000000000 0.00000000000000 0.00000000000000 0.00000000000000 0.00000000000000
# q_lg_dev:
 0.00000000000000 0.00000000000000 0.00000000000000 0.00000000000000 0.00000000000000 0.00000000000000 0.00000000000000 0.00000000000000 0.00000000000000 0.00000000000000 0.00000000000000 0.00000000000000 0.00000000000000 0.00000000000000 0.00000000000000 0.00000000000000 0.00000000000000 0.00000000000000 0.00000000000000 0.00000000000000 0.00000000000000 0.00000000000000 0.00000000000000 0.00000000000000 0.00000000000000 0.00000000000000 0.00000000000000 0.00000000000000 0.00000000000000 0.00000000000000 0.00000000000000 0.00000000000000 0.00000000000000 0.00000000000000 0.00000000000000 0.00000000000000 0.00000000000000 0.00000000000000 0.00000000000000 0.00000000000000 0.00000000000000 0.00000000000000
# log_avg_rec:
21.2316133182
# rec_devs:
 -0.263564784187 -0.289512508451 0.0808538801794 0.828637956303 0.205123641619 0.173401228276 -0.171926092817 0.161101219725 1.16399815445 1.49901018874 1.34519703069 0.500958906917 -0.759680387176 -0.876919155689 -0.564593940431 -0.538705835405 -0.694394587249 -1.05696149822 -0.841635948038 0.0202294729218 0.0876567251456 0.0753087751719 -0.0571615683912 -0.722142074421 -1.54136365350 -0.375603364098 0.524709109095 -0.0676306134394 -0.267502385303 -0.245625963133 -0.162946125433 0.00157826899226 1.48659839399 1.41875720347 1.12406378821 -1.21714610361 -2.25127012600 -2.54117618021 -1.70010636403 -1.05665898484 0.631188627851 0.00000000000
# sigma_m:
 1.00000000000 1.00000000000 1.00000000000
# log_m_mu:
 -1.35304210365 -0.774265434796 -1.11113239483
# prop_rec:
 14.2475969848 2.92524202578
# sigma_q:
 0.100000000000 0.100000000000
# log_f:
0.137366871944
# f_dev:
 -1.26759536353 -1.90892361726 -0.423001109394 0.284589116002 -0.0126087953042 0.0677597558105 -0.224859896064 -0.282804265504 0.702525027259 0.549134993069 1.51074632180 0.814354407661 0.768999422619 0.388099965307 0.451768669879 0.501858495778 0.993882163590 -0.907380306286 -0.964572010644 0.0469569758748 0.201393077434 -0.879193146471 -1.17496080704 -0.517185449642 0.0946987199987 0.338849751410 -0.183858742430 -0.956451950251 -1.79369891042 -0.810021025262 0.0192282212710 0.414318897805 0.650837613121 0.438170975629 -0.130019824647 -0.0186073962198 1.03247519811 1.53201540013 1.78753498128 -1.13445553447
# fish_ret_sel_50:
96.9093093517
# fish_ret_sel_50_post:
102.052586281
# fish_ret_sel_slope:
0.214615423681
# fish_ret_sel_slope_post:
0.297360856993
# fish_tot_sel_offset:
-9.26540326023
# fish_tot_sel_offset_dev:
 38.8007073711 -33.7563277291 -39.5106170119 -37.1850577781 36.0317703932 -19.0655290972 35.6992996886 -30.5962157670 -12.3224518874 -39.4380327010 -17.3406570009 32.6615589997 -38.2376070256 6.71726717750 8.77247743515 -39.7829699248 39.5295483818 38.4474639483 -36.0638426982 32.9193115604 21.1259381382 -39.7519008780 -39.8096661273 38.3140145010 9.11224076570 39.8365441926 37.6438230142 -19.9700412707 -39.4453984165 -39.9090356082 36.6086942247 -1.23806568010 -8.60356080041 -15.5756844812 -12.8434045124 25.8310525970 -11.3922517586 39.9266822125 23.8334719553 30.0264515976
# fish_tot_sel_slope:
-1.62410717009
# surv_omega:
0.569239001385
# surv_alpha1:
0.106071913607
# surv_beta1:
111.589701499
# surv_alpha2:
0.179560215861
# surv_beta2:
41.6216095520
