# Number of parameters = 308 Objective function value = 815.107778241342  Maximum gradient component = 10813.5905407873
# log_n_imm:
 16.8717609709129 17.2080321374229 19.0188200043867 20.2469206010086 20.4780752152521 19.1040416161703 19.4299249427097 18.8580968010930 19.8488448452107 18.7753094359299 18.5539547406379 19.0808601671088 12.5141389574945 18.5396209358477 16.0804499348002 15.5695705261190 11.5315652140849 12.7526540149154 11.2258597889933 8.21076890620537 6.65126498292319
# log_n_mat:
 15.9072842425011 12.9301338270376 13.5048200262905 17.0240801828916 18.6674278051657 19.2437664070400 19.8588486644966 19.7694305783889 19.1563792491554 18.7935462439305 18.5347436122298 18.2913972165838 18.8755181971879 17.1160896769327 18.5939395357081 16.5558742776817 18.1839751986074 6.96354014923401 15.2089341249903 14.9098753623468 11.6470821771439
# nat_m_dev:
 -0.0103184716316688 -0.338260699589968 -0.429005609410650 -0.716290794963296 -0.999045486816658 -0.758946040251845 -0.541078874444081 -0.113046635474834 -0.157546593426211 -0.0373196693209558 -0.255297198810712 -0.208254674398242 -0.225127539114231 -0.112047212957608 0.103776372196115 0.181618478437390 0.0279639879957457 -0.633947083092581 -0.0400704607750902 0.699010972759078 -0.00642951140228265 0.434779384639173 0.0360723401079767 0.556156820341156 0.205067061345090 0.0137107983061146 0.0529411033860686 -0.0879078843556466 0.552486388634414 0.404953501512772 -0.0203080042889546 0.358513674899360 0.475392079971913 0.291002446339980 -0.0888141581374621 -0.174687391834203 0.210517110820910 1.19895518971935 0.00000000000000 -0.692015507364391 -0.0550959156319061 0.403904346577031
# nat_m_mat_dev:
 -0.108557375835326 0.867223988431320 0.820107412390623 -0.260664182860024 -1.32774971208430 -1.01584608946237 -0.383659818464318 -0.177698134178249 0.171498877324496 1.11052746435723 0.0500430748714241 -0.220069946557082 -0.0646425198515122 0.181733416076180 0.150530695880123 0.412065859635277 0.893288485602908 -0.574472215696188 -0.410407578606423 0.285517736024995 0.339515164200875 -0.355410687614387 -0.297853701661381 0.249627434732673 0.495549167039134 0.351775175572553 -0.170785217940192 -1.37984089921565 -1.00936355284883 -0.474646883261636 0.907972676009533 -0.0115638668047394 0.332049328458981 0.184942336930999 -0.217371567899279 -0.240316725287840 0.644026100009379 1.08950269375213 0.00000000000000 0.943643789330179 -0.174997075971321 -1.42128005257202
# nat_m_lg_dev:
 0.0234668049829663 0.0426607393077959 -0.118404608024349 -0.0743021495075823 0.259789981890543 -0.209669257800113 -0.272175352200333 0.0958645834524921 -0.116716691725050 0.346371105060727 0.286856391508447 -0.0605446355163465 0.457364275030028 0.000772036955788044 -0.151313873853668 0.273347106532586 -0.0222696929814041 -0.0636956432569000 -0.0900739528105336 -0.321762486449899 0.0168932979997834 -0.0805796341010018 0.102356985690492 0.0527170877243897 -0.264702068398681 -0.114812376007350 0.0711803739729893 -0.126911192379255 0.000111437643213483 0.0482223901189636 -0.286650000526281 -0.195451523430484 0.165348969054590 -0.0706424735923995 0.132701174431146 -0.00161138545115873 -0.00955271491710634 -0.106659020772975 0.380156361833798 -0.269883715723792 -0.0189935131099738 0.291196859345898
# q_dev:
 0.00000000000000 0.00000000000000 0.00000000000000 0.00000000000000 0.00000000000000 0.00000000000000 0.00000000000000 0.00000000000000 0.00000000000000 0.00000000000000 0.00000000000000 0.00000000000000 0.00000000000000 0.00000000000000 0.00000000000000 0.00000000000000 0.00000000000000 0.00000000000000 0.00000000000000 0.00000000000000 0.00000000000000 0.00000000000000 0.00000000000000 0.00000000000000 0.00000000000000 0.00000000000000 0.00000000000000 0.00000000000000 0.00000000000000 0.00000000000000 0.00000000000000 0.00000000000000 0.00000000000000 0.00000000000000 0.00000000000000 0.00000000000000 0.00000000000000 0.00000000000000 0.00000000000000 0.00000000000000 0.00000000000000 0.00000000000000
# q_mat_dev:
 0.00000000000000 0.00000000000000 0.00000000000000 0.00000000000000 0.00000000000000 0.00000000000000 0.00000000000000 0.00000000000000 0.00000000000000 0.00000000000000 0.00000000000000 0.00000000000000 0.00000000000000 0.00000000000000 0.00000000000000 0.00000000000000 0.00000000000000 0.00000000000000 0.00000000000000 0.00000000000000 0.00000000000000 0.00000000000000 0.00000000000000 0.00000000000000 0.00000000000000 0.00000000000000 0.00000000000000 0.00000000000000 0.00000000000000 0.00000000000000 0.00000000000000 0.00000000000000 0.00000000000000 0.00000000000000 0.00000000000000 0.00000000000000 0.00000000000000 0.00000000000000 0.00000000000000 0.00000000000000 0.00000000000000 0.00000000000000
# q_lg_dev:
 0.00000000000000 0.00000000000000 0.00000000000000 0.00000000000000 0.00000000000000 0.00000000000000 0.00000000000000 0.00000000000000 0.00000000000000 0.00000000000000 0.00000000000000 0.00000000000000 0.00000000000000 0.00000000000000 0.00000000000000 0.00000000000000 0.00000000000000 0.00000000000000 0.00000000000000 0.00000000000000 0.00000000000000 0.00000000000000 0.00000000000000 0.00000000000000 0.00000000000000 0.00000000000000 0.00000000000000 0.00000000000000 0.00000000000000 0.00000000000000 0.00000000000000 0.00000000000000 0.00000000000000 0.00000000000000 0.00000000000000 0.00000000000000 0.00000000000000 0.00000000000000 0.00000000000000 0.00000000000000 0.00000000000000 0.00000000000000
# log_avg_rec:
20.4191489351
# rec_devs:
 0.602331119067 0.789565988564 0.254147194074 1.64614928292 0.646282833544 0.685548787447 -0.00150873632280 0.667593373840 1.17126176872 1.41792494840 1.40290759330 0.459135744179 -1.02367945995 -0.706739277821 -0.685462660786 -0.106248807741 -0.629251070200 -0.617728148539 -0.176500532996 0.270930950794 0.0885329389940 0.489406610882 0.128446184172 -0.227819561557 -0.798426375481 -0.356941144790 0.762740819219 0.203054187045 -0.443846297601 -0.167628369047 -0.0465258274887 -0.359528772465 1.12356834227 1.12349829091 0.590386698373 -1.56829095206 -2.23919830679 -2.40509055159 -0.879362466248 -0.500516858389 0.280357791758 0.00000000000
# sigma_m:
 1.00000000000 1.00000000000 1.00000000000
# log_m_mu:
 -2.67180985872 -0.632414088535 -0.879786816196
# prop_rec:
 22.7674874338 8.03151827431
# sigma_q:
 0.100000000000 0.100000000000
# log_f:
-0.244297117436
# f_dev:
 -2.10332438027 -1.89252086073 -0.287189885673 0.487144077358 0.316993946470 0.489805222731 -0.185047496477 -0.285351301510 0.824272776204 0.704314275126 1.73275375878 1.09086912683 0.758643767061 -0.0261483290570 0.355850285527 0.492530845859 1.36185082219 -0.557448401856 -0.706850461694 0.216179699386 0.0143642078094 -1.09568288133 -1.05017830419 -0.653870307392 -0.177986904905 0.199952450760 -0.153780648813 -0.949339126257 -1.76682667031 -0.723724410220 -0.0427290568109 0.559304383792 0.740907529572 0.478143009001 -0.206739812359 -0.231363581940 0.929255388072 1.45364341510 1.43167366228 -1.54234982812
# fish_ret_sel_50:
95.0336036125
# fish_ret_sel_50_post:
102.333787112
# fish_ret_sel_slope:
0.179152079390
# fish_ret_sel_slope_post:
1.47981924185
# fish_tot_sel_offset:
-9.65343660905
# fish_tot_sel_offset_dev:
 1.89965357455 -0.240117094213 -2.57710359385 -0.151568150121 -0.973879612118 1.99803852387 0.349269266638 0.154444245055 -0.951700274634 1.07248160378 -0.467841489101 0.227514740522 -1.88739069460 0.631916025216 -0.312102745740 1.33850700996 3.08873156474 -1.20484837823 0.305804272098 -1.62119382308 0.243626248379 -0.173451682071 -0.947936297411 -1.66142091779 1.39532513720 2.09414626158 -1.28719254807 2.28501087161 -0.305875937664 -0.229374065400 0.769420812838 -1.04202469614 -0.640066018890 0.601596123905 0.833499696628 2.73232217751 -1.29539378971 -0.893395328171 0.899440402548 -4.05687142163
# fish_tot_sel_slope:
-1.95580931756
# surv_omega:
0.332666680112
# surv_alpha1:
0.160551282797
# surv_beta1:
126.252857932
# surv_alpha2:
0.0623445528445
# surv_beta2:
42.4971220909
