# Number of parameters = 308 Objective function value = 308.524545369791  Maximum gradient component = 0.000755897380878614
# log_n_imm:
 18.5624236870003 19.6727502663664 19.7547023512098 19.9026472351105 19.8713347079081 19.7893762301953 19.4940861194584 19.4072703416210 19.3791924143665 18.8505162923010 18.3241503288856 18.3689152511230 17.8283176350657 16.7965967789845 15.2468341575116 13.2765649136641 11.9710199220144 10.3162600000622 9.60524545386966 8.24110031418201 6.51234438407287
# log_n_mat:
 17.7545503015376 11.5477269602879 15.7576283600877 17.4077210106177 18.3652903388964 18.9527877148399 19.0075190026607 18.8872841425048 18.9274498903808 19.0203392574500 18.8414817044001 18.4289053471923 18.0582049470741 18.2773791238160 18.2089758271617 17.5262712131056 16.6925541726632 15.6785787622230 14.6322972059172 13.3564279803377 12.0372349835996
# nat_m_dev:
 -0.117883889289871 -0.415182402180725 -0.561907971926500 -1.04079642588336 -1.13738654398132 -0.907319700471589 -0.675297469468892 -0.407394292183067 -0.176442146174036 0.0881401232050892 -0.0293269772216817 0.187618596177855 0.135081943414924 0.229345009849705 0.558242712681213 0.685362387232732 0.224043496372879 -0.685280148934584 -0.454618201414140 0.229109368422410 -0.148423270930875 -0.286329766758898 -0.330059619559441 -0.259778204213793 -0.413055086079008 -0.322284818424950 -0.456483630916418 -0.383039084797367 0.328169969915147 0.287206536623842 0.0223325094484113 -0.0227388874578744 0.618745568106169 0.508435565659065 -0.135089774260535 -0.372239995636260 0.525050067886865 1.90222691223948 0.00000000000000 -0.782265621528332 -0.270087628869394 0.261588174037357
# nat_m_mat_dev:
 -0.238185405157622 0.594678817383809 1.32150463484265 -0.547969952809102 -1.28075853126257 -0.941831915096458 -0.275297022606770 -0.118797176079720 0.231653967943023 1.00245377022500 0.0770162774802652 -0.0118920307620669 0.0899241664653527 0.613522576379910 0.540717835275198 0.550957536473789 0.686790241788784 -0.482348569545469 -0.638287693222972 0.343468515344174 0.229455172826424 -0.300274297045345 -0.375182746806216 0.426946218852450 0.625438806129379 0.537188625664108 0.0451625423403154 -0.802005366540435 -0.877895331093427 -0.230555722499760 0.716382513118689 0.131196510687363 0.590648164103767 0.273937681484038 -0.0776507284597348 0.0254030914847576 0.810003480398145 1.24200212508275 0.00000000000000 0.674511883946228 -0.103630076423939 -1.07834780363259
# nat_m_lg_dev:
 1.91410305387237 -3.84103859490337 -0.915973866115087 1.82999434970455 -2.29336548430575 3.74839222321266 -2.71856759711079 1.74866365308373 1.59435465884568 -0.562555391894161 -3.95120214537922 -2.00545262169065 1.75065081196558 -0.478133832902248 3.97677275058176 -3.99415738862154 2.55112479955125 2.96256556469937 -0.427033197526082 3.78609631876389 3.14403009815522 -1.70568398769627 -1.80137688000689 2.53118741203101 3.49933899027252 1.74385166156920 -1.84021565641709 -1.45944832962960 2.36430348555797 0.882828667933068 -2.94677470806383 3.90469417187216 -2.78320761807056 0.103662552175537 -3.18202058452748 -3.91217602970853 2.80091499215384 0.534184302286086 -3.88480229510024 -0.420343104192269 -1.60233979709614 -0.645845407329670
# q_dev:
 0.00000000000000 0.00000000000000 0.00000000000000 0.00000000000000 0.00000000000000 0.00000000000000 0.00000000000000 0.00000000000000 0.00000000000000 0.00000000000000 0.00000000000000 0.00000000000000 0.00000000000000 0.00000000000000 0.00000000000000 0.00000000000000 0.00000000000000 0.00000000000000 0.00000000000000 0.00000000000000 0.00000000000000 0.00000000000000 0.00000000000000 0.00000000000000 0.00000000000000 0.00000000000000 0.00000000000000 0.00000000000000 0.00000000000000 0.00000000000000 0.00000000000000 0.00000000000000 0.00000000000000 0.00000000000000 0.00000000000000 0.00000000000000 0.00000000000000 0.00000000000000 0.00000000000000 0.00000000000000 0.00000000000000 0.00000000000000
# q_mat_dev:
 0.00000000000000 0.00000000000000 0.00000000000000 0.00000000000000 0.00000000000000 0.00000000000000 0.00000000000000 0.00000000000000 0.00000000000000 0.00000000000000 0.00000000000000 0.00000000000000 0.00000000000000 0.00000000000000 0.00000000000000 0.00000000000000 0.00000000000000 0.00000000000000 0.00000000000000 0.00000000000000 0.00000000000000 0.00000000000000 0.00000000000000 0.00000000000000 0.00000000000000 0.00000000000000 0.00000000000000 0.00000000000000 0.00000000000000 0.00000000000000 0.00000000000000 0.00000000000000 0.00000000000000 0.00000000000000 0.00000000000000 0.00000000000000 0.00000000000000 0.00000000000000 0.00000000000000 0.00000000000000 0.00000000000000 0.00000000000000
# q_lg_dev:
 0.00000000000000 0.00000000000000 0.00000000000000 0.00000000000000 0.00000000000000 0.00000000000000 0.00000000000000 0.00000000000000 0.00000000000000 0.00000000000000 0.00000000000000 0.00000000000000 0.00000000000000 0.00000000000000 0.00000000000000 0.00000000000000 0.00000000000000 0.00000000000000 0.00000000000000 0.00000000000000 0.00000000000000 0.00000000000000 0.00000000000000 0.00000000000000 0.00000000000000 0.00000000000000 0.00000000000000 0.00000000000000 0.00000000000000 0.00000000000000 0.00000000000000 0.00000000000000 0.00000000000000 0.00000000000000 0.00000000000000 0.00000000000000 0.00000000000000 0.00000000000000 0.00000000000000 0.00000000000000 0.00000000000000 0.00000000000000
# log_avg_rec:
21.3060969378
# rec_devs:
 -0.338049139049 -0.363995807021 0.00637030880214 0.754154529525 0.130639819540 0.0989178046684 -0.246409327386 0.0866175371726 1.08951497437 1.42452659781 1.27071337200 0.426475200808 -0.834163942643 -0.951402585859 -0.639077387666 -0.613189538275 -0.768878317393 -1.13144511243 -0.916119267579 -0.0542540370217 0.0131733695900 0.000824806752219 -0.131644889776 -0.796625003722 -1.61584719341 -0.450086577748 0.450225888601 -0.142114485163 -0.341985337007 -0.320109672489 -0.237429781646 -0.0729053998164 1.41211482831 1.34427383667 1.04958016671 -1.29163064370 -2.32575302108 -2.61566028722 -1.77458963652 -1.13114282666 0.556705309451 0.00000000000
# sigma_m:
 1.00000000000 1.00000000000 1.00000000000
# log_m_mu:
 -1.35304209683 -0.774265527569 -0.973549943667
# prop_rec:
 14.2475924084 2.92523931169
# sigma_q:
 0.100000000000 0.100000000000
# log_f:
0.137366748667
# f_dev:
 -1.26759528664 -1.90892386318 -0.423001485895 0.284589061708 -0.0126087495070 0.0677596739248 -0.224859738806 -0.282804287941 0.702525244292 0.549134948536 1.51074620464 0.814354159294 0.768999263440 0.388099939782 0.451769014383 0.501858756993 0.993882410599 -0.907380502914 -0.964572234281 0.0469571714857 0.201393090363 -0.879193419915 -1.17496098893 -0.517185506445 0.0946984344307 0.338849470226 -0.183858532347 -0.956451609527 -1.79369893292 -0.810021091210 0.0192282043082 0.414318858493 0.650837356955 0.438171076858 -0.130019440061 -0.0186068326453 1.03247520574 1.53201526693 1.78753517961 -1.13445548984
# fish_ret_sel_50:
96.9093089415
# fish_ret_sel_50_post:
102.052586531
# fish_ret_sel_slope:
0.214615421262
# fish_ret_sel_slope_post:
0.297360849061
# fish_tot_sel_offset:
-9.26540334849
# fish_tot_sel_offset_dev:
 37.0202627798 -39.8400167876 0.545115392258 -37.3824117924 -3.73280222217 -38.3519768709 18.7598092172 -7.91954120515 12.9776189362 -33.4369355590 21.0566110677 -18.9305428421 24.3766177628 22.1448842317 39.2964131282 32.9062180180 -14.6813847299 -9.63120065077 -8.96557004047 -2.28876399682 -26.1101994448 37.5826684242 -33.2674318616 -35.4652002762 -36.8165294931 37.0937818066 -32.6126964980 -25.2177303125 -14.3810677007 -8.20204990346 7.49465164430 39.5881379701 39.5850560987 39.7469946474 14.6180002883 20.6985377054 17.4340568045 22.7871117592 -37.9479577609 -20.5305377342
# fish_tot_sel_slope:
-1.62410713453
# surv_omega:
0.569239011214
# surv_alpha1:
0.106071932814
# surv_beta1:
111.589700269
# surv_alpha2:
0.179560214476
# surv_beta2:
41.6216108882
