# Number of parameters = 308 Objective function value = 308.524545367377  Maximum gradient component = 0.000766177122429991
# log_n_imm:
 18.5624219727283 19.6727507063136 19.7547021988688 19.9026476701653 19.8713347350389 19.7893762551565 19.4940860053080 19.4072707738557 19.3791920684525 18.8505166859247 18.3241508141252 18.3689151915200 17.8283179966058 16.7965962137777 15.2468349069392 13.2765635944605 11.9710137808977 10.3162836822554 9.60518858202964 8.24092572562533 6.50585720262304
# log_n_mat:
 17.7545520534684 11.5477231198579 15.7576290487824 17.4077206804565 18.3652903822222 18.9527881085560 19.0075194234225 18.8872841657533 18.9274498474241 19.0203395337702 18.8414819609123 18.4289053949925 18.0582050512372 18.2773791368227 18.2089757469750 17.5262714245571 16.6925540203042 15.6785792122714 14.6322977129539 13.3564292349602 12.0372538434199
# nat_m_dev:
 -0.117884038395833 -0.415182307829008 -0.561907671752939 -1.04079637020380 -1.13738672782987 -0.907319520259527 -0.675297612331478 -0.407394367655543 -0.176442919740460 0.0881396624152861 -0.0293262053894532 0.187619555591407 0.135081366328211 0.229345505232775 0.558242645031967 0.685362169755145 0.224043419358895 -0.685280592177592 -0.454618180351661 0.229109301498848 -0.148422778479249 -0.286329103592393 -0.330059838692578 -0.259778572265735 -0.413056106901919 -0.322285359623677 -0.456483735337959 -0.383038480793267 0.328170199022399 0.287205597925526 0.0223328989825812 -0.0227385341720754 0.618745790193520 0.508435714035129 -0.135090838043520 -0.372239931226753 0.525050090947279 1.90222691158046 0.00000000000000 -0.782265661282167 -0.270087360785184 0.261589368241929
# nat_m_mat_dev:
 -0.238182676358208 0.594677947776427 1.32150464726518 -0.547970012486872 -1.28075923379399 -0.941832022561799 -0.275297039949962 -0.118796267138802 0.231653520153811 1.00245408905234 0.0770170177926358 -0.0118916020312817 0.0899235166708529 0.613523153708578 0.540717451044201 0.550957259369717 0.686790400815291 -0.482348560923069 -0.638287743502909 0.343467859824949 0.229455468834498 -0.300274192631834 -0.375182780587571 0.426945354834874 0.625438700353130 0.537188464265645 0.0451628516116202 -0.802005348327973 -0.877895551384717 -0.230555862955673 0.716382579149646 0.131196190033295 0.590648035726958 0.273937598935445 -0.0776507695953180 0.0254025531585519 0.810003717656572 1.24200209341522 0.00000000000000 0.674511757686757 -0.103629879655413 -1.07834789733651
# nat_m_lg_dev:
 -0.314346788777853 -0.0997412063961811 0.0247345625158191 0.0128144193943844 0.0795640720979696 0.189139818336295 -0.0605852730693226 -0.198270951429129 -0.0969156152105424 -0.113053816975841 -0.00822548693907143 0.0771842760733985 -0.268867132915653 0.0910271260820330 0.184922705527882 -0.285661587042985 0.0282715629376476 0.00139333134810894 -0.0984286626729791 0.177703062904712 0.0663181469654057 -0.0295375312961921 0.188526684821690 -0.0360328499268407 0.0968940024139149 0.156323201521778 -0.259030488945454 0.146418284055618 -0.0664083926090508 -0.0372586915988078 0.246609298822910 -0.0638221784339345 0.234992568986270 0.217633130934590 -0.0833713510081140 -0.400558184205472 0.0311083020495697 0.156231061971963 0.134843773822155 0.00452778698651258 -0.0186371420076201 -0.00842784910958304
# q_dev:
 0.00000000000000 0.00000000000000 0.00000000000000 0.00000000000000 0.00000000000000 0.00000000000000 0.00000000000000 0.00000000000000 0.00000000000000 0.00000000000000 0.00000000000000 0.00000000000000 0.00000000000000 0.00000000000000 0.00000000000000 0.00000000000000 0.00000000000000 0.00000000000000 0.00000000000000 0.00000000000000 0.00000000000000 0.00000000000000 0.00000000000000 0.00000000000000 0.00000000000000 0.00000000000000 0.00000000000000 0.00000000000000 0.00000000000000 0.00000000000000 0.00000000000000 0.00000000000000 0.00000000000000 0.00000000000000 0.00000000000000 0.00000000000000 0.00000000000000 0.00000000000000 0.00000000000000 0.00000000000000 0.00000000000000 0.00000000000000
# q_mat_dev:
 0.00000000000000 0.00000000000000 0.00000000000000 0.00000000000000 0.00000000000000 0.00000000000000 0.00000000000000 0.00000000000000 0.00000000000000 0.00000000000000 0.00000000000000 0.00000000000000 0.00000000000000 0.00000000000000 0.00000000000000 0.00000000000000 0.00000000000000 0.00000000000000 0.00000000000000 0.00000000000000 0.00000000000000 0.00000000000000 0.00000000000000 0.00000000000000 0.00000000000000 0.00000000000000 0.00000000000000 0.00000000000000 0.00000000000000 0.00000000000000 0.00000000000000 0.00000000000000 0.00000000000000 0.00000000000000 0.00000000000000 0.00000000000000 0.00000000000000 0.00000000000000 0.00000000000000 0.00000000000000 0.00000000000000 0.00000000000000
# q_lg_dev:
 0.00000000000000 0.00000000000000 0.00000000000000 0.00000000000000 0.00000000000000 0.00000000000000 0.00000000000000 0.00000000000000 0.00000000000000 0.00000000000000 0.00000000000000 0.00000000000000 0.00000000000000 0.00000000000000 0.00000000000000 0.00000000000000 0.00000000000000 0.00000000000000 0.00000000000000 0.00000000000000 0.00000000000000 0.00000000000000 0.00000000000000 0.00000000000000 0.00000000000000 0.00000000000000 0.00000000000000 0.00000000000000 0.00000000000000 0.00000000000000 0.00000000000000 0.00000000000000 0.00000000000000 0.00000000000000 0.00000000000000 0.00000000000000 0.00000000000000 0.00000000000000 0.00000000000000 0.00000000000000 0.00000000000000 0.00000000000000
# log_avg_rec:
20.8793354370
# rec_devs:
 0.0887125262072 0.0627657217968 0.433131980628 1.18091595332 0.557401540235 0.525679397669 0.180351952436 0.513379654604 1.51627645408 1.85128837906 1.69747526905 0.853236716344 -0.407402443992 -0.524641090478 -0.212316222131 -0.186428037738 -0.342116466255 -0.704683591228 -0.489357661338 0.372507510429 0.439934853329 0.427586286426 0.295116332156 -0.369863611119 -1.18908597023 -0.0233249468351 0.876987415991 0.284647129226 0.0847759196553 0.106651973420 0.189331782209 0.353856400567 1.83887633248 1.77103510630 1.47634158400 -0.864868044342 -1.89899167733 -2.18889849698 -1.34782802184 -0.704381147882 0.983466908909 0.00000000000
# sigma_m:
 1.00000000000 1.00000000000 1.00000000000
# log_m_mu:
 -1.35304206446 -0.774265458586 -1.22947684349
# prop_rec:
 14.2475933820 2.92523913273
# sigma_q:
 0.100000000000 0.100000000000
# log_f:
0.137366832951
# f_dev:
 -1.26759496114 -1.90892379963 -0.423001610562 0.284589136827 -0.0126087588073 0.0677596532997 -0.224859782812 -0.282804131239 0.702525237741 0.549134950541 1.51074656297 0.814354409448 0.768999201934 0.388100034067 0.451769211356 0.501858671941 0.993882321968 -0.907380470174 -0.964572092075 0.0469569407868 0.201392859222 -0.879193297884 -1.17496084089 -0.517185640036 0.0946981208829 0.338849372284 -0.183858600129 -0.956451583554 -1.79369884843 -0.810021026335 0.0192283221628 0.414318903709 0.650837225340 0.438170875491 -0.130019443775 -0.0186070833392 1.03247503921 1.53201532402 1.78753507986 -1.13445548425
# fish_ret_sel_50:
96.9093089202
# fish_ret_sel_50_post:
102.052586087
# fish_ret_sel_slope:
0.214615423016
# fish_ret_sel_slope_post:
0.297360857358
# fish_tot_sel_offset:
-9.26540388471
# fish_tot_sel_offset_dev:
 24.6583756242 -2.74380039814 -38.9808800707 -39.6518398951 9.06730635372 -28.2744541254 20.7634635719 16.2355522151 -22.9927248909 6.17669140881 -29.0498297958 -34.7754678783 8.53464500762 -1.31668063003 39.9659266810 -39.8042492686 30.8924059155 30.4068114702 -39.3618695864 25.2575287895 -21.6062633544 16.3143978071 8.59391587305 2.32970617784 35.0413753002 39.5430305600 32.3304351049 -11.3876228045 39.9006487439 -37.9055912017 -35.3689244432 -14.0832858664 -32.4201134890 16.8378318491 25.8606820142 24.4998150847 -39.9354648409 6.73729678290 -10.0729784473 19.7841986513
# fish_tot_sel_slope:
-1.62410714387
# surv_omega:
0.569239003541
# surv_alpha1:
0.106071937309
# surv_beta1:
111.589701202
# surv_alpha2:
0.179560205476
# surv_beta2:
41.6216117043
