# Number of parameters = 308 Objective function value = 308.524545384952  Maximum gradient component = 0.000933936661834114
# log_n_imm:
 18.5624206575476 19.6727501274964 19.7547027016925 19.9026475823159 19.8713350965605 19.7893762018771 19.4940859216975 19.4072691498506 19.3791921599873 18.8505155668217 18.3241503905042 18.3689159546006 17.8283166402632 16.7965962125270 15.2468315005209 13.2765625525733 11.9710318937886 10.3162003844157 9.60473907436657 8.23224594785848 6.51482337676639
# log_n_mat:
 17.7545488720740 11.5476014705341 15.7576338078534 17.4077216235670 18.3652908722321 18.9527880225018 19.0075195494495 18.8872849357866 18.9274497400117 19.0203394952816 18.8414826776403 18.4289055870058 18.0582057423748 18.2773795474887 18.2089767682924 17.5262715487594 16.6925548688251 15.6785796976924 14.6323017884635 13.3564691311431 12.0372204687669
# nat_m_dev:
 -0.117884201883856 -0.415177206605550 -0.561905716599743 -1.04079748766974 -1.13738789016140 -0.907319044030000 -0.675300162107220 -0.407395828960670 -0.176442375997019 0.0881385787361225 -0.0293259040307365 0.187619333923832 0.135083814241718 0.229344247365021 0.558242388062916 0.685362560326287 0.224044424082309 -0.685280190330010 -0.454616773427455 0.229109138349803 -0.148422947174111 -0.286327713155594 -0.330059832072366 -0.259778382059748 -0.413058811864238 -0.322294754915888 -0.456481447805562 -0.383035235231193 0.328166688953813 0.287205869026958 0.0223335158510048 -0.0227412358538776 0.618746513887699 0.508434643796732 -0.135089586287571 -0.372240191207434 0.525055961573886 1.90222633716497 0.00000000000000 -0.782267283023177 -0.270087062274559 0.261590641896582
# nat_m_mat_dev:
 -0.238178423456208 0.594677988380907 1.32150385106229 -0.547970809538019 -1.28075981646040 -0.941832404267506 -0.275296752939027 -0.118795655388634 0.231652755573818 1.00245492985698 0.0770156007122195 -0.0118913304218714 0.0899225401700200 0.613523038088026 0.540718197417709 0.550956715660550 0.686790265567447 -0.482347992022969 -0.638288113430209 0.343466458615945 0.229455634895782 -0.300274213728025 -0.375184155928716 0.426946063916903 0.625437287452195 0.537188402162598 0.0451653300802250 -0.802004259960278 -0.877896801279256 -0.230556530294334 0.716382767556103 0.131196249777828 0.590648004806102 0.273938738401431 -0.0776493084112383 0.0254027547943606 0.810003294146686 1.24200214060233 0.00000000000000 0.674511713127695 -0.103630654600703 -1.07834871504459
# nat_m_lg_dev:
 3.91810380788207 -3.99633717157584 -2.91037407874173 3.68540743142285 2.10210259450462 -2.44777344754216 -2.40440642971280 2.29539374820800 -0.812414942195021 -1.24300085254084 -1.39011034522098 1.45468133074218 3.08035009218039 -2.42819843328372 3.84798832801400 -3.62506858777376 -1.86788558370040 3.00751272632204 -2.31082146326605 3.79438011631157 -0.123536877023806 -3.58378834609180 -1.08082249313206 3.65448112651145 -3.66994484044598 -0.434632264647939 2.55915108424389 -0.842736961890513 1.07123677413828 1.35261343818381 3.52304540691166 -2.70721210362693 1.73157459294224 2.01496063216282 -2.59084817767897 3.33091731089503 -2.46191794048852 3.22462197054953 3.85137557648877 -3.84319868953698 -3.77464220240324 -2.95022585609517
# q_dev:
 0.00000000000000 0.00000000000000 0.00000000000000 0.00000000000000 0.00000000000000 0.00000000000000 0.00000000000000 0.00000000000000 0.00000000000000 0.00000000000000 0.00000000000000 0.00000000000000 0.00000000000000 0.00000000000000 0.00000000000000 0.00000000000000 0.00000000000000 0.00000000000000 0.00000000000000 0.00000000000000 0.00000000000000 0.00000000000000 0.00000000000000 0.00000000000000 0.00000000000000 0.00000000000000 0.00000000000000 0.00000000000000 0.00000000000000 0.00000000000000 0.00000000000000 0.00000000000000 0.00000000000000 0.00000000000000 0.00000000000000 0.00000000000000 0.00000000000000 0.00000000000000 0.00000000000000 0.00000000000000 0.00000000000000 0.00000000000000
# q_mat_dev:
 0.00000000000000 0.00000000000000 0.00000000000000 0.00000000000000 0.00000000000000 0.00000000000000 0.00000000000000 0.00000000000000 0.00000000000000 0.00000000000000 0.00000000000000 0.00000000000000 0.00000000000000 0.00000000000000 0.00000000000000 0.00000000000000 0.00000000000000 0.00000000000000 0.00000000000000 0.00000000000000 0.00000000000000 0.00000000000000 0.00000000000000 0.00000000000000 0.00000000000000 0.00000000000000 0.00000000000000 0.00000000000000 0.00000000000000 0.00000000000000 0.00000000000000 0.00000000000000 0.00000000000000 0.00000000000000 0.00000000000000 0.00000000000000 0.00000000000000 0.00000000000000 0.00000000000000 0.00000000000000 0.00000000000000 0.00000000000000
# q_lg_dev:
 0.00000000000000 0.00000000000000 0.00000000000000 0.00000000000000 0.00000000000000 0.00000000000000 0.00000000000000 0.00000000000000 0.00000000000000 0.00000000000000 0.00000000000000 0.00000000000000 0.00000000000000 0.00000000000000 0.00000000000000 0.00000000000000 0.00000000000000 0.00000000000000 0.00000000000000 0.00000000000000 0.00000000000000 0.00000000000000 0.00000000000000 0.00000000000000 0.00000000000000 0.00000000000000 0.00000000000000 0.00000000000000 0.00000000000000 0.00000000000000 0.00000000000000 0.00000000000000 0.00000000000000 0.00000000000000 0.00000000000000 0.00000000000000 0.00000000000000 0.00000000000000 0.00000000000000 0.00000000000000 0.00000000000000 0.00000000000000
# log_avg_rec:
21.1414379261
# rec_devs:
 -0.173389792652 -0.199336736590 0.171028638520 0.918812652088 0.295298970573 0.263575114600 -0.0817505942331 0.251275489944 1.25417340516 1.58918520396 1.43537243171 0.591134017530 -0.669506038314 -0.786744480754 -0.474419131213 -0.448530955275 -0.604219438365 -0.966786985342 -0.751461033903 0.110403757427 0.177831627484 0.165482391766 0.0330120920493 -0.631967429395 -1.45118917955 -0.285429224306 0.614883969941 0.0225436371140 -0.177327584473 -0.155451254423 -0.0727710182355 0.0917524192933 1.57677371902 1.50893272856 1.21423966192 -1.12696686113 -2.16109704468 -2.45100253182 -1.60993154940 -0.966484075212 0.721363194754 0.00000000000
# sigma_m:
 1.00000000000 1.00000000000 1.00000000000
# log_m_mu:
 -1.35304248981 -0.774265516435 -1.04963462300
# prop_rec:
 14.2476076807 2.92524674759
# sigma_q:
 0.100000000000 0.100000000000
# log_f:
0.137366862735
# f_dev:
 -1.26759439151 -1.90892273997 -0.423001280685 0.284588261146 -0.0126092075296 0.0677598575667 -0.224859300326 -0.282803915198 0.702524823996 0.549135239903 1.51074629544 0.814354615640 0.768998977232 0.388100070369 0.451769473507 0.501858887681 0.993881970955 -0.907380275364 -0.964571656373 0.0469565654822 0.201392343337 -0.879193453145 -1.17496069832 -0.517185650274 0.0946977472655 0.338849022577 -0.183858540180 -0.956451402173 -1.79369878334 -0.810021575302 0.0192276379152 0.414317941850 0.650836704680 0.438171192474 -0.130018970918 -0.0186068287989 1.03247475674 1.53201600703 1.78753551816 -1.13445524155
# fish_ret_sel_50:
96.9093078574
# fish_ret_sel_50_post:
102.052585511
# fish_ret_sel_slope:
0.214615405972
# fish_ret_sel_slope_post:
0.297360877233
# fish_tot_sel_offset:
-9.26540418291
# fish_tot_sel_offset_dev:
 -0.344034957366 -26.5011159605 -20.0065835539 33.5581437984 39.9479866098 -12.1025282638 7.95874469669 33.1702506210 27.3639480025 21.1878220958 -15.1553397330 13.8732504054 -34.7203853127 -33.6116244260 39.8789425862 15.5633442306 35.2746284617 -25.2266389453 -17.6845773672 12.1469385254 38.3252822679 -36.5799573064 -20.1904906432 38.5192376441 -12.7666974724 -36.7745741869 -13.7743516058 -29.0450264188 -39.0035474852 31.9917371388 30.3874401022 -6.36135286414 -19.2748414468 17.4747598477 -22.7553183137 -26.3808661279 27.0656139044 39.9986488133 -39.1740165733 -16.2528507875
# fish_tot_sel_slope:
-1.62410713314
# surv_omega:
0.569238924722
# surv_alpha1:
0.106071952876
# surv_beta1:
111.589707317
# surv_alpha2:
0.179560172960
# surv_beta2:
41.6216085274
