# Number of parameters = 308 Objective function value = 308.524545373187  Maximum gradient component = 0.000561318651805136
# log_n_imm:
 18.5624229835610 19.6727500393361 19.7547034160142 19.9026466271655 19.8713352773771 19.7893763896376 19.4940861626898 19.4072707696528 19.3791921321605 18.8505168157351 18.3241508077497 18.3689149989112 17.8283181263949 16.7965970794929 15.2468330893548 13.2765614672309 11.9710040623566 10.3164250762235 9.60522718769450 8.24083067051601 6.49995729592258
# log_n_mat:
 17.7545502398161 11.5477181187344 15.7576190549444 17.4077191898713 18.3652909924743 18.9527879638445 19.0075192000924 18.8872834157619 18.9274497250456 19.0203396242685 18.8414801031214 18.4289051914798 18.0582051990248 18.2773793611948 18.2089764796813 17.5262714929309 16.6925556878276 15.6785798121142 14.6322962923915 13.3564293513725 12.0372776226124
# nat_m_dev:
 -0.117884724830652 -0.415181306360046 -0.561906573512690 -1.04079687076776 -1.13738663716730 -0.907319907730266 -0.675297240582057 -0.407394576518248 -0.176442391337186 0.0881404225688753 -0.0293265553037203 0.187619282062090 0.135079982901051 0.229344801998183 0.558244032465921 0.685360968917804 0.224044660186258 -0.685280940586059 -0.454618511162394 0.229110314112128 -0.148423314084247 -0.286330069463065 -0.330060489531101 -0.259780893659858 -0.413055368497436 -0.322284989811915 -0.456483478667726 -0.383037833955368 0.328170358420600 0.287205087724393 0.0223325335538933 -0.0227376019277836 0.618746257734224 0.508434253985892 -0.135087922242993 -0.372239998493884 0.525050063218159 1.90222670235162 0.00000000000000 -0.782266056205908 -0.270087407965259 0.261589308416183
# nat_m_mat_dev:
 -0.238184031087618 0.594678704007417 1.32150466699390 -0.547970053975769 -1.28075820335875 -0.941830644863452 -0.275297158577422 -0.118797373602127 0.231653332245906 1.00245439836583 0.0770163417243340 -0.0118914956683113 0.0899236206756523 0.613522586721575 0.540718153452939 0.550956875515644 0.686791072456854 -0.482348340091461 -0.638287838617279 0.343468324692771 0.229454132196747 -0.300274546976880 -0.375182753288343 0.426946331781656 0.625438727800365 0.537188324327701 0.0451629736777480 -0.802005129047343 -0.877895134936573 -0.230556226519171 0.716382807440671 0.131196165368142 0.590648154598647 0.273937558747001 -0.0776518916720523 0.0254014407493098 0.810003654958759 1.24200212538543 0.00000000000000 0.674511934111511 -0.103629544849406 -1.07834726031600
# nat_m_lg_dev:
 -0.481313174829507 -2.31075892696382 1.36893248290791 3.47992840676784 -0.181805238273708 2.61565685970980 0.157800670810735 0.775578072720236 1.84059187335835 -1.38628365992464 1.10510218740561 1.54960617643206 0.0379481800716675 -0.115992087853711 0.0200811438192337 -3.64686614612810 2.00454873170788 1.53248508437247 -1.14700626341510 -0.112623696962760 -3.41495365670463 0.695976671817534 3.92833654735128 3.88200060597788 3.69131841348887 -0.704704341985341 -0.664836722188694 -2.01682215972879 -2.39153411691840 2.52481075808690 -0.966589922726847 0.251640422242744 2.67872202513317 -1.69802023432929 -3.11065275318260 1.19721550218600 -3.98850853777554 -0.966212891215845 -2.93417449124962 -0.482282631916401 -1.89078429730917 -0.725554864785626
# q_dev:
 0.00000000000000 0.00000000000000 0.00000000000000 0.00000000000000 0.00000000000000 0.00000000000000 0.00000000000000 0.00000000000000 0.00000000000000 0.00000000000000 0.00000000000000 0.00000000000000 0.00000000000000 0.00000000000000 0.00000000000000 0.00000000000000 0.00000000000000 0.00000000000000 0.00000000000000 0.00000000000000 0.00000000000000 0.00000000000000 0.00000000000000 0.00000000000000 0.00000000000000 0.00000000000000 0.00000000000000 0.00000000000000 0.00000000000000 0.00000000000000 0.00000000000000 0.00000000000000 0.00000000000000 0.00000000000000 0.00000000000000 0.00000000000000 0.00000000000000 0.00000000000000 0.00000000000000 0.00000000000000 0.00000000000000 0.00000000000000
# q_mat_dev:
 0.00000000000000 0.00000000000000 0.00000000000000 0.00000000000000 0.00000000000000 0.00000000000000 0.00000000000000 0.00000000000000 0.00000000000000 0.00000000000000 0.00000000000000 0.00000000000000 0.00000000000000 0.00000000000000 0.00000000000000 0.00000000000000 0.00000000000000 0.00000000000000 0.00000000000000 0.00000000000000 0.00000000000000 0.00000000000000 0.00000000000000 0.00000000000000 0.00000000000000 0.00000000000000 0.00000000000000 0.00000000000000 0.00000000000000 0.00000000000000 0.00000000000000 0.00000000000000 0.00000000000000 0.00000000000000 0.00000000000000 0.00000000000000 0.00000000000000 0.00000000000000 0.00000000000000 0.00000000000000 0.00000000000000 0.00000000000000
# q_lg_dev:
 0.00000000000000 0.00000000000000 0.00000000000000 0.00000000000000 0.00000000000000 0.00000000000000 0.00000000000000 0.00000000000000 0.00000000000000 0.00000000000000 0.00000000000000 0.00000000000000 0.00000000000000 0.00000000000000 0.00000000000000 0.00000000000000 0.00000000000000 0.00000000000000 0.00000000000000 0.00000000000000 0.00000000000000 0.00000000000000 0.00000000000000 0.00000000000000 0.00000000000000 0.00000000000000 0.00000000000000 0.00000000000000 0.00000000000000 0.00000000000000 0.00000000000000 0.00000000000000 0.00000000000000 0.00000000000000 0.00000000000000 0.00000000000000 0.00000000000000 0.00000000000000 0.00000000000000 0.00000000000000 0.00000000000000 0.00000000000000
# log_avg_rec:
21.0468098341
# rec_devs:
 -0.0787615087448 -0.104708616647 0.265657554459 1.01344161411 0.389926973928 0.358204920329 0.0128781430735 0.345905115726 1.34880214868 1.68381389330 1.53000055775 0.685762036363 -0.574876631052 -0.692115367805 -0.379790496256 -0.353902368904 -0.509590507977 -0.872158331449 -0.656831750526 0.205032840198 0.272459685269 0.260111379680 0.127641602083 -0.537338048342 -1.35656069112 -0.190799088227 0.709513047852 0.117172455687 -0.0826985786366 -0.0608225108100 0.0218575295117 0.186382184840 1.67140169943 1.60356078701 1.30886702935 -1.03234333499 -2.06646693127 -2.35637240109 -1.51530237775 -0.871855889712 0.815992410286 0.00000000000
# sigma_m:
 1.00000000000 1.00000000000 1.00000000000
# log_m_mu:
 -1.35304201500 -0.774265552658 -0.999563201010
# prop_rec:
 14.2475904632 2.92523801010
# sigma_q:
 0.100000000000 0.100000000000
# log_f:
0.137366534707
# f_dev:
 -1.26759553194 -1.90892371682 -0.423001522122 0.284589391739 -0.0126087623705 0.0677598270843 -0.224859639534 -0.282804162570 0.702524822938 0.549134859210 1.51074650670 0.814354362501 0.768999077652 0.388099904842 0.451768943811 0.501858723798 0.993882385030 -0.907380184932 -0.964571941105 0.0469574809200 0.201392832690 -0.879193464414 -1.17496097381 -0.517185417681 0.0946984469966 0.338849331708 -0.183858404586 -0.956451394153 -1.79369879286 -0.810020905071 0.0192283326981 0.414318394213 0.650837062565 0.438171110980 -0.130019550405 -0.0186073377334 1.03247473379 1.53201518508 1.78753528992 -1.13445530477
# fish_ret_sel_50:
96.9093095920
# fish_ret_sel_50_post:
102.052586872
# fish_ret_sel_slope:
0.214615401497
# fish_ret_sel_slope_post:
0.297360845031
# fish_tot_sel_offset:
-9.26540130310
# fish_tot_sel_offset_dev:
 28.8170015683 39.2674123994 15.6843028158 36.8925744913 24.1476993249 -20.1634195577 39.8455411651 -3.95313062422 -35.5552964057 -39.2993251257 7.17759305418 27.3420793090 37.4563958258 22.5869687661 -39.1718288399 -21.3171425312 -17.3207901803 35.6758730801 9.04610563683 -32.4026335536 -0.553646166701 -30.3977424259 -37.9003726606 39.8077176743 39.1345526261 -27.0057781071 -30.2613211661 -8.30168141318 -18.2304876565 -36.6740574348 -0.750570420864 -19.6748466532 -17.0904401041 26.1012251847 -37.5100957041 16.4992505522 -38.8929818052 11.5981224493 37.1949594676 18.1522131457
# fish_tot_sel_slope:
-1.62410716362
# surv_omega:
0.569239001930
# surv_alpha1:
0.106071944116
# surv_beta1:
111.589701849
# surv_alpha2:
0.179560225943
# surv_beta2:
41.6216107333
