# Number of parameters = 308 Objective function value = 308.524545370786  Maximum gradient component = 0.000791871158349531
# log_n_imm:
 18.5624219690906 19.6727497804920 19.7547025634679 19.9026474873534 19.8713342634269 19.7893761739221 19.4940857292712 19.4072707616717 19.3791920995396 18.8505164675993 18.3241505573760 18.3689149382144 17.8283176886950 16.7965967954994 15.2468340476419 13.2765630637872 11.9710081249985 10.3162805455451 9.60517865207245 8.24099875081584 6.50589990216058
# log_n_mat:
 17.7545504254519 11.5477165306939 15.7576282990876 17.4077209738562 18.3652904921156 18.9527879442519 19.0075193468862 18.8872844338482 18.9274498628979 19.0203395046287 18.8414822454841 18.4289052293005 18.0582051019945 18.2773789430073 18.2089758315163 17.5262714269722 16.6925542615578 15.6785789827688 14.6322973820995 13.3564277531241 12.0372602540920
# nat_m_dev:
 -0.117884826456514 -0.415182062626692 -0.561907824903661 -1.04079646345606 -1.13738637600049 -0.907319601163833 -0.675297446332995 -0.407394485819673 -0.176442928920547 0.0881396486314970 -0.0293265589635578 0.187618911483527 0.135082517979451 0.229345768480251 0.558242347261278 0.685361778080973 0.224044342958058 -0.685280550627032 -0.454618301575340 0.229109399542626 -0.148423168376201 -0.286329682244291 -0.330060164759341 -0.259778478014409 -0.413055735771561 -0.322285374349490 -0.456483155040779 -0.383038569666209 0.328170077811965 0.287205714030769 0.0223328369259540 -0.0227384446927327 0.618745280605359 0.508435850654612 -0.135090441251323 -0.372239635579978 0.525050100019990 1.90222684421799 0.00000000000000 -0.782265703697354 -0.270087511320554 0.261589453932328
# nat_m_mat_dev:
 -0.238182866760553 0.594678183140112 1.32150461186573 -0.547969711363883 -1.28075895918805 -0.941832410813978 -0.275297593585634 -0.118796232875220 0.231653771676053 1.00245393638589 0.0770168414499431 -0.0118914661474920 0.0899239313141474 0.613522748340137 0.540717433246605 0.550957229764149 0.686790483002446 -0.482348478571078 -0.638287906758431 0.343467679606241 0.229455259732228 -0.300274177748181 -0.375182776234698 0.426945859391232 0.625438635851129 0.537188239184315 0.0451628363625263 -0.802005212584807 -0.877895365207824 -0.230556002108226 0.716382636495906 0.131196462619404 0.590647908995100 0.273937748414626 -0.0776509497984316 0.0254028418916477 0.810003385060023 1.24200216293959 0.00000000000000 0.674511737642191 -0.103629845484436 -1.07834782433759
# nat_m_lg_dev:
 -0.0696370358355473 -0.528887576302515 -0.212086571191450 0.0363041153322084 0.0487347797833613 0.236905170054224 0.0681039714170198 0.120894365547535 -0.0407097529018318 -0.607330042007301 0.0250037388900125 -0.164272270713124 0.0493025736308053 -0.0977171455089475 0.258263251997952 -0.330871860948630 0.186668737551093 0.148040382111102 -0.0404089954238744 -0.405319649760590 0.192953847772271 0.176891237653693 -0.592199708280743 -0.599717925438963 0.0496505833696859 0.0539464634639580 -0.0631133078220542 0.303963047108924 0.0595728365688884 0.171609801713672 0.0716655858054510 -0.0189647883852843 0.274829126004344 0.275952748742698 0.262009707504130 0.0309620015151782 0.246890314738835 0.333306451636861 -0.487373248380617 0.344151700504690 0.126904131290498 0.105129207192384
# q_dev:
 0.00000000000000 0.00000000000000 0.00000000000000 0.00000000000000 0.00000000000000 0.00000000000000 0.00000000000000 0.00000000000000 0.00000000000000 0.00000000000000 0.00000000000000 0.00000000000000 0.00000000000000 0.00000000000000 0.00000000000000 0.00000000000000 0.00000000000000 0.00000000000000 0.00000000000000 0.00000000000000 0.00000000000000 0.00000000000000 0.00000000000000 0.00000000000000 0.00000000000000 0.00000000000000 0.00000000000000 0.00000000000000 0.00000000000000 0.00000000000000 0.00000000000000 0.00000000000000 0.00000000000000 0.00000000000000 0.00000000000000 0.00000000000000 0.00000000000000 0.00000000000000 0.00000000000000 0.00000000000000 0.00000000000000 0.00000000000000
# q_mat_dev:
 0.00000000000000 0.00000000000000 0.00000000000000 0.00000000000000 0.00000000000000 0.00000000000000 0.00000000000000 0.00000000000000 0.00000000000000 0.00000000000000 0.00000000000000 0.00000000000000 0.00000000000000 0.00000000000000 0.00000000000000 0.00000000000000 0.00000000000000 0.00000000000000 0.00000000000000 0.00000000000000 0.00000000000000 0.00000000000000 0.00000000000000 0.00000000000000 0.00000000000000 0.00000000000000 0.00000000000000 0.00000000000000 0.00000000000000 0.00000000000000 0.00000000000000 0.00000000000000 0.00000000000000 0.00000000000000 0.00000000000000 0.00000000000000 0.00000000000000 0.00000000000000 0.00000000000000 0.00000000000000 0.00000000000000 0.00000000000000
# q_lg_dev:
 0.00000000000000 0.00000000000000 0.00000000000000 0.00000000000000 0.00000000000000 0.00000000000000 0.00000000000000 0.00000000000000 0.00000000000000 0.00000000000000 0.00000000000000 0.00000000000000 0.00000000000000 0.00000000000000 0.00000000000000 0.00000000000000 0.00000000000000 0.00000000000000 0.00000000000000 0.00000000000000 0.00000000000000 0.00000000000000 0.00000000000000 0.00000000000000 0.00000000000000 0.00000000000000 0.00000000000000 0.00000000000000 0.00000000000000 0.00000000000000 0.00000000000000 0.00000000000000 0.00000000000000 0.00000000000000 0.00000000000000 0.00000000000000 0.00000000000000 0.00000000000000 0.00000000000000 0.00000000000000 0.00000000000000 0.00000000000000
# log_avg_rec:
21.0843656230
# rec_devs:
 -0.116317704822 -0.142264469065 0.228101697056 0.975885745800 0.352371330669 0.320649128473 -0.0246781630665 0.308349120810 1.31124621225 1.64625829734 1.49244510444 0.648206723303 -0.612432527793 -0.729671335165 -0.417346605863 -0.391458015030 -0.547146741739 -0.909713869781 -0.694388077892 0.167477242453 0.234904598844 0.222556071474 0.0900862152709 -0.574893388258 -1.39411660971 -0.228355073629 0.671957288641 0.0796167721724 -0.120254343588 -0.0983782628637 -0.0156984445661 0.148826124708 1.63384608821 1.56600503917 1.27131132644 -1.06989654505 -2.10402431595 -2.39392835687 -1.55285841942 -0.909411336285 0.778436437788 0.00000000000
# sigma_m:
 1.00000000000 1.00000000000 1.00000000000
# log_m_mu:
 -1.35304204764 -0.774265464299 -0.925200748955
# prop_rec:
 14.2475942208 2.92523999111
# sigma_q:
 0.100000000000 0.100000000000
# log_f:
0.137366833044
# f_dev:
 -1.26759497188 -1.90892372799 -0.423001577434 0.284589149248 -0.0126087744788 0.0677596964509 -0.224859867253 -0.282804266480 0.702525200013 0.549134966790 1.51074648071 0.814354528256 0.768999310972 0.388100074108 0.451769139552 0.501858735564 0.993882323538 -0.907380450395 -0.964572100614 0.0469569720243 0.201392788292 -0.879193476934 -1.17496100808 -0.517185562762 0.0946982724633 0.338849310605 -0.183858680421 -0.956451688142 -1.79369895227 -0.810021118934 0.0192282403532 0.414318955342 0.650837342050 0.438171011943 -0.130019439050 -0.0186069301948 1.03247497730 1.53201546628 1.78753514327 -1.13445549182
# fish_ret_sel_50:
96.9093088679
# fish_ret_sel_50_post:
102.052586439
# fish_ret_sel_slope:
0.214615418679
# fish_ret_sel_slope_post:
0.297360858691
# fish_tot_sel_offset:
-9.26540383525
# fish_tot_sel_offset_dev:
 0.429038364336 15.0322620740 -32.8599919570 31.0052381519 0.904648337214 -38.2135311344 -29.7185904853 6.22586644927 4.19712010747 5.23344697670 -18.0238314028 -31.4154184678 21.1951112332 -0.612037522995 18.1371331837 18.5018721632 36.1281189917 10.5979255846 -13.4991067889 -38.4101080246 29.9292465215 -31.9803001603 4.06019664317 -20.0904816818 2.23048080780 6.94402502219 8.04790236634 4.22360974089 39.6485237280 -33.1773277005 3.51119888543 9.83857715687 8.06364544869 0.310421849320 -25.0091314344 21.2139374541 32.6750284397 -21.9059083255 8.87007351615 -12.2388841112
# fish_tot_sel_slope:
-1.62410713386
# surv_omega:
0.569239013454
# surv_alpha1:
0.106071924676
# surv_beta1:
111.589700400
# surv_alpha2:
0.179560208972
# surv_beta2:
41.6216109508
