# Number of parameters = 308 Objective function value = 308.524545366046  Maximum gradient component = 0.000779838625690411
# log_n_imm:
 18.5624306704477 19.6727495812360 19.7547021649694 19.9026473762501 19.8713344662646 19.7893760730903 19.4940854500686 19.4072710204922 19.3791924595497 18.8505167770102 18.3241511004950 18.3689151825552 17.8283181724099 16.7965965306437 15.2468369859884 13.2765927453571 11.9707912586765 10.3162810123533 9.60521860649026 8.24112003691693 6.50674525972667
# log_n_mat:
 17.7545506362618 11.5476339537782 15.7576295839664 17.4077199093911 18.3652898546111 18.9527876899372 19.0075190372969 18.8872837427268 18.9274496144489 19.0203392268633 18.8414824139983 18.4289053961499 18.0582055578546 18.2773798879652 18.2089762057375 17.5262719767034 16.6925568481730 15.6785798727059 14.6322976620582 13.3564278768303 12.0372572126056
# nat_m_dev:
 -0.117885383766059 -0.415180971193664 -0.561912970247410 -1.04079328201611 -1.13738493688923 -0.907323282133376 -0.675295871535548 -0.407396371709182 -0.176425121873375 0.0881286241729649 -0.0293365316372408 0.187633459569261 0.135106482927611 0.229320468242652 0.558243054481634 0.685358980239909 0.224039864961590 -0.685281041714109 -0.454618239171504 0.229108037382319 -0.148424165808578 -0.286329515569198 -0.330071433397591 -0.259776760213367 -0.413054854358878 -0.322284846434895 -0.456475103647923 -0.383026461962798 0.328167945693798 0.287208159929167 0.0223369128139053 -0.0227336366575949 0.618724035825999 0.508434514339580 -0.135091473359459 -0.372246833654257 0.525057896161345 1.90222506125051 0.00000000000000 -0.782268096822922 -0.270083190515103 0.261594276549628
# nat_m_mat_dev:
 -0.238187630060016 0.594678336201305 1.32150454882304 -0.547974962306675 -1.28075950606452 -0.941831359028674 -0.275296468022716 -0.118796107070259 0.231654117907123 1.00245088825116 0.0770217341108397 -0.0118878849180251 0.0899221415136695 0.613517286294766 0.540716918286311 0.550956453789000 0.686791286373499 -0.482347013393170 -0.638287904334100 0.343467599043863 0.229455828017987 -0.300274295709665 -0.375181917220220 0.426947216018112 0.625439347673472 0.537189690430922 0.0451594268967976 -0.802006099431043 -0.877895922398807 -0.230558184801025 0.716380372401838 0.131194189320934 0.590644243683638 0.273944716294059 -0.0776405700987237 0.0254113999946790 0.810001992043214 1.24200158605024 0.00000000000000 0.674512042344917 -0.103631760297894 -1.07835098007878
# nat_m_lg_dev:
 -3.64312663439983 0.959080093423381 1.88652889809422 -3.61649806320582 -1.07904638017548 -2.11137831388619 1.35155470708287 3.69729938343756 3.04780159772149 2.20378943210156 2.23297995361641 0.630779612006933 -2.96912969880546 2.26198275915382 1.22870547325741 2.35956164060862 -3.36736533202643 -2.33028609937213 -3.71491022016576 -2.26821614327692 -0.143988708615724 3.96014872289065 1.86222505221763 0.930653529649054 3.98544857916437 -3.46795337729184 -3.88435742274945 -2.67175303244572 -3.54770809072436 3.61888971849145 -3.85104809412713 0.404033664732424 -0.168507519846256 3.07580095085442 -0.0948141819733771 3.57118101600443 -2.05355511118929 -1.08459477175456 3.43810999040859 1.28263671731545 -3.61611715110120 1.69516285490017
# q_dev:
 0.00000000000000 0.00000000000000 0.00000000000000 0.00000000000000 0.00000000000000 0.00000000000000 0.00000000000000 0.00000000000000 0.00000000000000 0.00000000000000 0.00000000000000 0.00000000000000 0.00000000000000 0.00000000000000 0.00000000000000 0.00000000000000 0.00000000000000 0.00000000000000 0.00000000000000 0.00000000000000 0.00000000000000 0.00000000000000 0.00000000000000 0.00000000000000 0.00000000000000 0.00000000000000 0.00000000000000 0.00000000000000 0.00000000000000 0.00000000000000 0.00000000000000 0.00000000000000 0.00000000000000 0.00000000000000 0.00000000000000 0.00000000000000 0.00000000000000 0.00000000000000 0.00000000000000 0.00000000000000 0.00000000000000 0.00000000000000
# q_mat_dev:
 0.00000000000000 0.00000000000000 0.00000000000000 0.00000000000000 0.00000000000000 0.00000000000000 0.00000000000000 0.00000000000000 0.00000000000000 0.00000000000000 0.00000000000000 0.00000000000000 0.00000000000000 0.00000000000000 0.00000000000000 0.00000000000000 0.00000000000000 0.00000000000000 0.00000000000000 0.00000000000000 0.00000000000000 0.00000000000000 0.00000000000000 0.00000000000000 0.00000000000000 0.00000000000000 0.00000000000000 0.00000000000000 0.00000000000000 0.00000000000000 0.00000000000000 0.00000000000000 0.00000000000000 0.00000000000000 0.00000000000000 0.00000000000000 0.00000000000000 0.00000000000000 0.00000000000000 0.00000000000000 0.00000000000000 0.00000000000000
# q_lg_dev:
 0.00000000000000 0.00000000000000 0.00000000000000 0.00000000000000 0.00000000000000 0.00000000000000 0.00000000000000 0.00000000000000 0.00000000000000 0.00000000000000 0.00000000000000 0.00000000000000 0.00000000000000 0.00000000000000 0.00000000000000 0.00000000000000 0.00000000000000 0.00000000000000 0.00000000000000 0.00000000000000 0.00000000000000 0.00000000000000 0.00000000000000 0.00000000000000 0.00000000000000 0.00000000000000 0.00000000000000 0.00000000000000 0.00000000000000 0.00000000000000 0.00000000000000 0.00000000000000 0.00000000000000 0.00000000000000 0.00000000000000 0.00000000000000 0.00000000000000 0.00000000000000 0.00000000000000 0.00000000000000 0.00000000000000 0.00000000000000
# log_avg_rec:
20.8643789562
# rec_devs:
 0.103668608051 0.0777225247129 0.448088893495 1.19587340640 0.572358788090 0.540636987157 0.195309889401 0.528339087113 1.53123339849 1.86624584109 1.71243516089 0.868194508980 -0.392450854202 -0.509687849481 -0.197360982718 -0.171472306363 -0.327160456646 -0.689727186007 -0.474400829883 0.387463916862 0.454891115620 0.442542526771 0.310074677290 -0.354907022168 -1.17412730889 -0.00836596548451 0.891945880452 0.299603407714 0.0997311306875 0.121606998684 0.204285338472 0.368807523753 1.85383062610 1.78599316225 1.49129924118 -0.849909621583 -1.88403500166 -2.17394116821 -1.33287079434 -0.689424295074 0.998423754785 0.00000000000
# sigma_m:
 1.00000000000 1.00000000000 1.00000000000
# log_m_mu:
 -1.35304125842 -0.774265077940 -1.19161174089
# prop_rec:
 14.2475804298 2.92522940763
# sigma_q:
 0.100000000000 0.100000000000
# log_f:
0.137366998524
# f_dev:
 -1.26759700659 -1.90892537769 -0.423002088539 0.284588698247 -0.0126095740749 0.0677593127442 -0.224859856688 -0.282804162617 0.702525795485 0.549134587671 1.51074518412 0.814354971364 0.769000770907 0.388101873731 0.451769808833 0.501858488591 0.993882680604 -0.907380169318 -0.964571877377 0.0469570271811 0.201392917101 -0.879193443118 -1.17496100207 -0.517185259251 0.0946985446974 0.338849626655 -0.183859328328 -0.956452586612 -1.79369838795 -0.810020651595 0.0192280131263 0.414319651392 0.650837114652 0.438171165665 -0.130018189343 -0.0186041361905 1.03247484887 1.53201405430 1.78753417795 -1.13445621655
# fish_ret_sel_50:
96.9093096932
# fish_ret_sel_50_post:
102.052586459
# fish_ret_sel_slope:
0.214615442636
# fish_ret_sel_slope_post:
0.297360852924
# fish_tot_sel_offset:
-9.26540201106
# fish_tot_sel_offset_dev:
 -33.8239046503 21.4072862067 -3.03019983787 23.7096970215 26.6251336678 -16.8226161352 39.3928953979 26.0847561497 -21.3272612289 -29.3353518703 6.42132605751 -6.41106076875 39.2410756946 -36.5293129808 -39.9504746314 26.0577933213 39.6180501385 6.60218594506 -27.0989085787 23.4336573199 -35.6330704500 -39.8688833898 -0.960796501514 0.998610103959 -25.2948549620 -19.9324514087 -32.8044361984 28.0622896758 16.1249435971 37.8412502360 34.4369941520 -30.8303550731 21.4215222919 26.3145328863 -29.2746037485 22.9046736272 -30.4330972027 -9.08548076562 -27.7336149224 29.4820618144
# fish_tot_sel_slope:
-1.62410708633
# surv_omega:
0.569238980884
# surv_alpha1:
0.106071952630
# surv_beta1:
111.589701351
# surv_alpha2:
0.179560265771
# surv_beta2:
41.6216125132
