# Number of parameters = 308 Objective function value = 574.058142492813  Maximum gradient component = 4649.35744269592
# log_n_imm:
 17.4155657907170 20.1200449343877 14.9891348250378 21.8345924096035 19.5865562955681 20.4273342069625 19.7250394659223 20.0840476650498 17.8264062156666 19.0980851074925 15.4123816762606 18.8877259612548 17.2912010067796 17.4806834357632 13.9985558744394 12.6290308936738 10.7075167240189 10.7597107353207 10.0700736771935 8.06752022229282 6.70991038077618
# log_n_mat:
 17.0392404339467 13.3508213666932 15.3047332459433 17.9447338610964 18.8095007268849 18.7913889083749 18.8974086322469 19.0741878014352 19.1761763096962 19.1667465139073 18.8675925019437 18.6192690268755 18.8725222713872 17.6616555609890 18.5303745628446 17.6191336088543 17.0046194613105 16.1429976474136 14.2541330461014 14.0797915878777 12.4843960960607
# nat_m_dev:
 0.147637893670165 -0.158863338466499 -0.120290625295581 -0.998429489903586 -0.826939650644175 -1.04507577414444 -0.535763882205341 -0.251514058847893 -0.170376268541216 -0.344565316995825 0.277497863760619 0.312383638121897 0.0125399043086278 0.428308900019311 0.711858471561256 0.758365018125494 0.107785148601421 -0.627729847765277 -0.387574574965440 0.295804821689223 0.0806471913145601 -0.517310409550150 -0.315452533726560 -0.168459410954759 -0.489228610295851 -0.0119359637128534 -0.232273523353556 -0.242831761975563 0.408890971890281 0.371442039991992 0.0394248830235599 -0.0322630430246700 0.629595496951013 0.296080244700168 -0.0277560982260395 -0.385733395002149 0.631406837629044 1.97055789713833 0.00000000000000 -0.565338609637821 0.156245401780096 0.560508502947318
# nat_m_mat_dev:
 -0.430597334908935 0.643277556695251 1.26039868170920 -0.212358672289536 -1.51226348624428 -1.02599421004314 -0.310679616613112 -0.171630358672816 0.320822016654736 0.931094797979815 0.0401087403264092 -0.171046977116298 0.0708512844232080 0.643537302327888 0.555067208171058 0.259119457452075 0.866275220399392 -0.253707186076955 -0.656224420699902 0.418779677090583 0.273943389538115 -0.633513121185495 -0.801864938025000 0.278801969899000 0.476168283982860 0.624425318767746 -0.188164929184765 -1.09857603703472 -1.05912129264030 -0.351098431255833 0.512396663663005 -0.0568234729776517 0.272853614689570 0.218992076651024 -0.0403144843085811 -0.289176839757643 0.540224794167144 0.954125769579251 0.00000000000000 0.445667891084211 -0.111971696719693 -1.22027106655657
# nat_m_lg_dev:
 -0.0272974193476986 -0.209316877171215 0.0935859850246868 -0.112134135348819 0.000676127712078674 -0.0235013985191629 -0.0841335713145960 -0.275692430284049 0.0386401800557890 0.0469621855957466 0.112098832011883 0.109741319052948 -0.0354671553406679 -0.0258069416819854 -0.249455851806531 0.197953406948526 0.364445577803464 0.134316537544537 -0.0666774331386590 -0.151779979982775 0.112656721808914 0.102956596521973 -0.104049440499300 -0.116998998684342 0.398865695596905 0.433911934440908 -0.185153784933007 0.104590877141063 -0.0314847414510776 -0.158810380769704 -0.0653710136809801 0.380812147837960 -0.113531064510736 -0.0727195298312745 -0.0819085439210786 0.0833000254357979 0.202972909744233 -0.108736391831446 0.179226322892533 -0.112021781097732 -0.430434371902840 -0.255230146120271
# q_dev:
 0.00000000000000 0.00000000000000 0.00000000000000 0.00000000000000 0.00000000000000 0.00000000000000 0.00000000000000 0.00000000000000 0.00000000000000 0.00000000000000 0.00000000000000 0.00000000000000 0.00000000000000 0.00000000000000 0.00000000000000 0.00000000000000 0.00000000000000 0.00000000000000 0.00000000000000 0.00000000000000 0.00000000000000 0.00000000000000 0.00000000000000 0.00000000000000 0.00000000000000 0.00000000000000 0.00000000000000 0.00000000000000 0.00000000000000 0.00000000000000 0.00000000000000 0.00000000000000 0.00000000000000 0.00000000000000 0.00000000000000 0.00000000000000 0.00000000000000 0.00000000000000 0.00000000000000 0.00000000000000 0.00000000000000 0.00000000000000
# q_mat_dev:
 0.00000000000000 0.00000000000000 0.00000000000000 0.00000000000000 0.00000000000000 0.00000000000000 0.00000000000000 0.00000000000000 0.00000000000000 0.00000000000000 0.00000000000000 0.00000000000000 0.00000000000000 0.00000000000000 0.00000000000000 0.00000000000000 0.00000000000000 0.00000000000000 0.00000000000000 0.00000000000000 0.00000000000000 0.00000000000000 0.00000000000000 0.00000000000000 0.00000000000000 0.00000000000000 0.00000000000000 0.00000000000000 0.00000000000000 0.00000000000000 0.00000000000000 0.00000000000000 0.00000000000000 0.00000000000000 0.00000000000000 0.00000000000000 0.00000000000000 0.00000000000000 0.00000000000000 0.00000000000000 0.00000000000000 0.00000000000000
# q_lg_dev:
 0.00000000000000 0.00000000000000 0.00000000000000 0.00000000000000 0.00000000000000 0.00000000000000 0.00000000000000 0.00000000000000 0.00000000000000 0.00000000000000 0.00000000000000 0.00000000000000 0.00000000000000 0.00000000000000 0.00000000000000 0.00000000000000 0.00000000000000 0.00000000000000 0.00000000000000 0.00000000000000 0.00000000000000 0.00000000000000 0.00000000000000 0.00000000000000 0.00000000000000 0.00000000000000 0.00000000000000 0.00000000000000 0.00000000000000 0.00000000000000 0.00000000000000 0.00000000000000 0.00000000000000 0.00000000000000 0.00000000000000 0.00000000000000 0.00000000000000 0.00000000000000 0.00000000000000 0.00000000000000 0.00000000000000 0.00000000000000
# log_avg_rec:
20.9362767371
# rec_devs:
 0.188699648135 0.0681331380311 0.496886059255 1.23704908377 0.536837836242 0.736358647049 0.220227474647 0.261509999133 1.38927730388 0.854903418123 1.95742477943 0.538504263054 -0.239613023361 -0.585252391865 -0.385986209774 -0.362026531288 -0.443743658932 -0.829142405412 -0.702974595191 0.756172937987 -1.91430373881 0.882962293626 -1.69656264505 0.407348759602 -1.38133720699 -0.212287734913 0.689093540019 0.0707258708035 -0.302741180027 0.107546876259 -0.107534648744 -0.224763561396 1.70392121818 1.40730492512 1.32637134959 -1.06421508749 -1.92423016718 -1.97858848216 -1.46644248615 -0.738708861955 0.617005160956 0.00000000000
# sigma_m:
 1.00000000000 1.00000000000 1.00000000000
# log_m_mu:
 -1.54422714928 -0.486155122858 -0.950811786428
# prop_rec:
 17.8395518994 8.90482357804
# sigma_q:
 0.100000000000 0.100000000000
# log_f:
0.659656060446
# f_dev:
 -1.61688739129 -2.07077411166 -0.469081744945 0.152912528240 -0.575875662853 -0.241716570515 -0.164840086835 0.0503021026530 0.968073894549 0.865415432236 1.33307200365 1.11331819598 1.04600351502 0.333222784828 0.715060278040 0.404789279108 0.773009696162 -0.757658378171 -0.978278783973 0.310402196627 0.512068173291 -0.952480852173 -1.57616699014 -0.638891834546 -0.111509200035 0.561040609474 -0.0647462012653 -1.09589194075 -1.90392849766 -0.809504774085 0.150843722363 0.234127989759 0.558104476992 0.596993371604 -0.138388235374 0.218398610522 1.22709616151 1.63338472938 1.78300802234 -1.37402651806
# fish_ret_sel_50:
98.0705067617
# fish_ret_sel_50_post:
101.850959222
# fish_ret_sel_slope:
0.295688099881
# fish_ret_sel_slope_post:
1.44910224310
# fish_tot_sel_offset:
-9.61141416145
# fish_tot_sel_offset_dev:
 -1.56851962137 -0.237603236980 1.66229410897 2.49343507371 1.71579906684 4.41264802772 -0.743282304942 -1.56979864007 1.31822826562 -0.110703909779 -1.60156875395 2.22957928423 0.561812912150 1.04029384708 1.83011548645 1.00722031564 -3.17546906444 1.09263350053 1.71942684019 2.27622914303 -3.42250736375 -0.726921379772 -2.69988707622 -4.33575368118 -0.921292501673 -0.886411850017 -0.0590479035624 -2.44369090907 -1.46455448992 0.605181127202 -1.00566608595 1.69154304378 -0.768612696222 -0.344649485126 -1.15323449477 1.97712103750 0.789415187430 1.08534914197 -0.327354164448 0.0582042031769
# fish_tot_sel_slope:
-1.48243763048
# surv_omega:
0.662592549484
# surv_alpha1:
0.0284401204866
# surv_beta1:
119.567708269
# surv_alpha2:
0.272327844133
# surv_beta2:
42.5609312072
