# Number of parameters = 308 Objective function value = 308.524545362670  Maximum gradient component = 0.000857431536312946
# log_n_imm:
 18.5624225959943 19.6727487119880 19.7547001270296 19.9026450397372 19.8713326313302 19.7893739647608 19.4940838874698 19.4072682026838 19.3791909551461 18.8505144851392 18.3241484641890 18.3689128815577 17.8283150675316 16.7965949438296 15.2468299808678 13.2765428056672 11.9711842588101 10.3163190716524 9.60493211667471 8.24091872586422 6.48738573114319
# log_n_mat:
 17.7545449775773 11.5476886680405 15.7576248078226 17.4077167313854 18.3652861131454 18.9527838361260 19.0075151768541 18.8872799067488 18.9274458068316 19.0203353349526 18.8414786858343 18.4289015583091 18.0582017815980 18.2773749532349 18.2089716762998 17.5262672666263 16.6925489760550 15.6785751013181 14.6322938044784 13.3564265812102 12.0373182703002
# nat_m_dev:
 -0.117899525295599 -0.415175228864936 -0.561906939035123 -1.04079715102430 -1.13738672833038 -0.907319399550403 -0.675298086435068 -0.407396125668807 -0.176446387703718 0.0881383536836948 -0.0293255579540477 0.187623755437366 0.135086994810988 0.229342451858086 0.558246020190601 0.685357437349911 0.224048635637533 -0.685281524682976 -0.454619270010281 0.229111528949218 -0.148424371708036 -0.286329481861074 -0.330060076006606 -0.259777572922791 -0.413056165982376 -0.322285875606114 -0.456486221662979 -0.383038570253559 0.328173470972458 0.287203096853334 0.0223274787328959 -0.0227403278525469 0.618747113085113 0.508436490908672 -0.135088523680275 -0.372241237235436 0.525054708207833 1.90222537659928 0.00000000000000 -0.782264281475480 -0.270085773079919 0.261594861317462
# nat_m_mat_dev:
 -0.238209442083560 0.594682206824671 1.32150522334877 -0.547969886054047 -1.28075947765842 -0.941832947389542 -0.275297266620907 -0.118795383592320 0.231653887057065 1.00245540789967 0.0770182936969850 -0.0118885890125593 0.0899247570634538 0.613523430859446 0.540717001909686 0.550956899032710 0.686790661633080 -0.482348927494187 -0.638286392389161 0.343467024100173 0.229456850445993 -0.300273109894139 -0.375182786667354 0.426945048584545 0.625439208934733 0.537188482127475 0.0451637223565744 -0.802004139147222 -0.877894319019614 -0.230555003186956 0.716382280195801 0.131197656299225 0.590649340313477 0.273939725259670 -0.0776505835379686 0.0254039402767321 0.810003683173890 1.24200189160353 0.00000000000000 0.674512669375275 -0.103628358753696 -1.07834788502208
# nat_m_lg_dev:
 0.426632842932083 1.97054282653610 -3.15564279835868 -3.79701988571442 -2.26390721858236 -3.70785640639624 -0.625167960229702 2.94411545744448 3.99814125761457 -3.72579571333141 -3.95767979125938 3.71318970781330 -3.30793180530226 -1.13562208764754 0.154547822706152 -2.94832630429218 -3.45637333224546 2.14310007122264 1.41455074795095 3.24531622430917 3.47994262558382 2.96977902429164 2.08142859768698 -2.92892893840184 -3.69702202749950 -3.53586780657773 -2.07517434717115 1.37000115843979 3.11266816785901 3.12212306636045 -2.45836848229244 3.05773962148437 1.28395959432725 0.0444685699113358 0.895294950377429 1.44656832655688 -1.52562148605368 2.86696467089118 1.70159591480262 1.42004478173672 1.91606636183416 -2.47647599931714
# q_dev:
 0.00000000000000 0.00000000000000 0.00000000000000 0.00000000000000 0.00000000000000 0.00000000000000 0.00000000000000 0.00000000000000 0.00000000000000 0.00000000000000 0.00000000000000 0.00000000000000 0.00000000000000 0.00000000000000 0.00000000000000 0.00000000000000 0.00000000000000 0.00000000000000 0.00000000000000 0.00000000000000 0.00000000000000 0.00000000000000 0.00000000000000 0.00000000000000 0.00000000000000 0.00000000000000 0.00000000000000 0.00000000000000 0.00000000000000 0.00000000000000 0.00000000000000 0.00000000000000 0.00000000000000 0.00000000000000 0.00000000000000 0.00000000000000 0.00000000000000 0.00000000000000 0.00000000000000 0.00000000000000 0.00000000000000 0.00000000000000
# q_mat_dev:
 0.00000000000000 0.00000000000000 0.00000000000000 0.00000000000000 0.00000000000000 0.00000000000000 0.00000000000000 0.00000000000000 0.00000000000000 0.00000000000000 0.00000000000000 0.00000000000000 0.00000000000000 0.00000000000000 0.00000000000000 0.00000000000000 0.00000000000000 0.00000000000000 0.00000000000000 0.00000000000000 0.00000000000000 0.00000000000000 0.00000000000000 0.00000000000000 0.00000000000000 0.00000000000000 0.00000000000000 0.00000000000000 0.00000000000000 0.00000000000000 0.00000000000000 0.00000000000000 0.00000000000000 0.00000000000000 0.00000000000000 0.00000000000000 0.00000000000000 0.00000000000000 0.00000000000000 0.00000000000000 0.00000000000000 0.00000000000000
# q_lg_dev:
 0.00000000000000 0.00000000000000 0.00000000000000 0.00000000000000 0.00000000000000 0.00000000000000 0.00000000000000 0.00000000000000 0.00000000000000 0.00000000000000 0.00000000000000 0.00000000000000 0.00000000000000 0.00000000000000 0.00000000000000 0.00000000000000 0.00000000000000 0.00000000000000 0.00000000000000 0.00000000000000 0.00000000000000 0.00000000000000 0.00000000000000 0.00000000000000 0.00000000000000 0.00000000000000 0.00000000000000 0.00000000000000 0.00000000000000 0.00000000000000 0.00000000000000 0.00000000000000 0.00000000000000 0.00000000000000 0.00000000000000 0.00000000000000 0.00000000000000 0.00000000000000 0.00000000000000 0.00000000000000 0.00000000000000 0.00000000000000
# log_avg_rec:
20.9989178942
# rec_devs:
 -0.0308702155852 -0.0568157853850 0.313549884642 1.06133373805 0.437819025997 0.406096774012 0.0607702179162 0.393798332648 1.39669555813 1.73170844867 1.57789556104 0.733656007643 -0.526984567564 -0.644222137224 -0.331898877959 -0.306009058517 -0.461698278727 -0.824265718376 -0.608939048669 0.252925560623 0.320352662338 0.308004031957 0.175534351285 -0.489446108419 -1.30866777374 -0.142906748792 0.757405522898 0.165064914876 -0.0348065767361 -0.0129308842482 0.0697504676593 0.234276383836 1.71929560461 1.65145386484 1.35675988725 -0.984452239126 -2.01857422422 -2.30848154225 -1.46740941136 -0.823963059204 0.863885536671 0.00000000000
# sigma_m:
 1.00000000000 1.00000000000 1.00000000000
# log_m_mu:
 -1.35304165966 -0.774265738665 -1.12751158901
# prop_rec:
 14.2475820487 2.92523066818
# sigma_q:
 0.100000000000 0.100000000000
# log_f:
0.137366799800
# f_dev:
 -1.26759646548 -1.90892597092 -0.423001675513 0.284589153657 -0.0126087361120 0.0677596485570 -0.224859793559 -0.282804233307 0.702524905890 0.549134616148 1.51074650750 0.814354680290 0.769000063944 0.388101168268 0.451769834450 0.501858751081 0.993882050726 -0.907380589875 -0.964572208574 0.0469565005524 0.201392923709 -0.879192853936 -1.17496048290 -0.517185554263 0.0946984102014 0.338849319896 -0.183858552709 -0.956451565716 -1.79369918689 -0.810020771930 0.0192283975235 0.414318422166 0.650837092175 0.438171249470 -0.130018985846 -0.0186064767850 1.03247537405 1.53201565427 1.78753497675 -1.13445559694
# fish_ret_sel_50:
96.9093098011
# fish_ret_sel_50_post:
102.052586560
# fish_ret_sel_slope:
0.214615438335
# fish_ret_sel_slope_post:
0.297360866674
# fish_tot_sel_offset:
-9.26540180667
# fish_tot_sel_offset_dev:
 -1.36783179479 20.4870186390 19.2179410922 32.9648640364 -28.7605997686 32.1538648746 39.8690974985 -24.9246135376 -39.8262798647 -37.1954692842 6.09424625153 0.485054853232 39.9169519645 39.8900205408 -30.1904339563 -12.7879312270 -36.2911500223 12.3888782029 -28.0016514286 -7.60034707791 -24.6202783717 -7.65031093809 -32.3818825539 -11.7177738539 -33.1067209000 3.56318813010 39.9680185961 11.3688978407 -26.9905250857 -3.76293473442 -31.1534268765 8.92760373385 39.1542100629 22.3412994740 -14.4809419886 21.3814280943 5.42479094795 39.6252606015 -39.3678138310 36.9562816607
# fish_tot_sel_slope:
-1.62410710451
# surv_omega:
0.569239037118
# surv_alpha1:
0.106071954812
# surv_beta1:
111.589699394
# surv_alpha2:
0.179560258791
# surv_beta2:
41.6216150846
