ParName   Value   Gradient
log_n_imm(1)      18.5624  8.89316e-06
log_n_imm(2)      19.6728   6.3025e-05
log_n_imm(3)      19.7547   6.6887e-05
log_n_imm(4)      19.9026  7.55102e-05
log_n_imm(5)      19.8713  3.53581e-05
log_n_imm(6)      19.7894 -9.38112e-05
log_n_imm(7)      19.4941   8.4139e-07
log_n_imm(8)      19.4073  7.96221e-05
log_n_imm(9)      19.3792  1.74765e-05
log_n_imm(10)      18.8505 -2.64479e-05
log_n_imm(11)      18.3242   6.1582e-05
log_n_imm(12)      18.3689 -9.75368e-06
log_n_imm(13)      17.8283 -6.54331e-05
log_n_imm(14)      16.7966  9.55817e-07
log_n_imm(15)      15.2468   1.2679e-05
log_n_imm(16)      13.2765 -5.47752e-06
log_n_imm(17)       11.971  4.47954e-06
log_n_imm(18)      10.3175  5.39074e-05
log_n_imm(19)      9.60576  1.27986e-05
log_n_imm(20)      8.24125 -1.90394e-06
log_n_imm(21)      6.55303 -2.33099e-05
log_n_mat(1)      17.7545 -4.08065e-06
log_n_mat(2)      11.5477  4.35191e-09
log_n_mat(3)      15.7576  4.51322e-06
log_n_mat(4)      17.4077  2.13464e-06
log_n_mat(5)      18.3653  2.74861e-05
log_n_mat(6)      18.9528 -1.45237e-05
log_n_mat(7)      19.0075  4.60868e-06
log_n_mat(8)      18.8873   6.0435e-06
log_n_mat(9)      18.9274  -2.2892e-06
log_n_mat(10)      19.0203 -1.43241e-06
log_n_mat(11)      18.8415  2.67632e-05
log_n_mat(12)      18.4289 -8.45896e-06
log_n_mat(13)      18.0582 -1.18876e-06
log_n_mat(14)      18.2774 -6.70309e-06
log_n_mat(15)       18.209 -5.89648e-06
log_n_mat(16)      17.5263  2.08659e-05
log_n_mat(17)      16.6926  2.70218e-06
log_n_mat(18)      15.6786    1.093e-05
log_n_mat(19)      14.6323 -9.52362e-07
log_n_mat(20)      13.3564   6.5456e-06
log_n_mat(21)      12.0371 -1.94743e-06
nat_m_dev(1982)    -0.117887 -5.84667e-05
nat_m_dev(1983)    -0.415182 -2.33646e-05
nat_m_dev(1984)    -0.561907  -1.4726e-05
nat_m_dev(1985)      -1.0408  -5.0672e-06
nat_m_dev(1986)     -1.13739 -7.76002e-06
nat_m_dev(1987)    -0.907319 -6.18482e-07
nat_m_dev(1988)    -0.675298 -3.00179e-07
nat_m_dev(1989)    -0.407395 -2.64024e-06
nat_m_dev(1990)    -0.176443 -8.15641e-06
nat_m_dev(1991)    0.0881405 -9.03062e-06
nat_m_dev(1992)   -0.0293274 -1.99479e-05
nat_m_dev(1993)     0.187619 -2.60914e-06
nat_m_dev(1994)     0.135082  4.77736e-06
nat_m_dev(1995)     0.229345 -2.63507e-06
nat_m_dev(1996)     0.558242  1.11756e-05
nat_m_dev(1997)     0.685362  2.92438e-05
nat_m_dev(1998)     0.224044  2.34054e-05
nat_m_dev(1999)    -0.685281 -6.07889e-06
nat_m_dev(2000)    -0.454618  -3.7737e-06
nat_m_dev(2001)      0.22911 -1.12185e-05
nat_m_dev(2002)    -0.148423 -1.33958e-05
nat_m_dev(2003)     -0.28633 -9.56647e-06
nat_m_dev(2004)    -0.330059 -3.81198e-06
nat_m_dev(2005)    -0.259779 -1.59646e-05
nat_m_dev(2006)    -0.413056 -1.15526e-05
nat_m_dev(2007)    -0.322285 -4.61046e-06
nat_m_dev(2008)    -0.456483 -1.47044e-05
nat_m_dev(2009)    -0.383039 -1.76821e-05
nat_m_dev(2010)     0.328171 -7.33294e-06
nat_m_dev(2011)     0.287206 -1.11946e-05
nat_m_dev(2012)    0.0223327 -1.82276e-05
nat_m_dev(2013)   -0.0227395 -2.59428e-05
nat_m_dev(2014)     0.618746 -1.28804e-05
nat_m_dev(2015)     0.508435  -2.0588e-05
nat_m_dev(2016)     -0.13509 -1.10911e-05
nat_m_dev(2017)    -0.372239 -1.04268e-05
nat_m_dev(2018)      0.52505 -2.59005e-05
nat_m_dev(2019)      1.90223 -4.38586e-05
nat_m_dev(2020)            0  6.40311e-06
nat_m_dev(2021)    -0.782265 -4.60525e-06
nat_m_dev(2022)    -0.270088 -1.07687e-05
nat_m_dev(2023)     0.261589 -8.24354e-06
nat_m_mat_dev(1982)    -0.238184 -6.39761e-06
nat_m_mat_dev(1983)     0.594679 -7.32123e-06
nat_m_mat_dev(1984)       1.3215 -3.18355e-05
nat_m_mat_dev(1985)     -0.54797 -4.67317e-06
nat_m_mat_dev(1986)     -1.28076 -3.19656e-06
nat_m_mat_dev(1987)    -0.941833  2.21908e-06
nat_m_mat_dev(1988)    -0.275298  1.18778e-05
nat_m_mat_dev(1989)    -0.118796  1.63138e-05
nat_m_mat_dev(1990)     0.231655   2.5846e-05
nat_m_mat_dev(1991)      1.00245  7.00055e-06
nat_m_mat_dev(1992)    0.0770168  3.23825e-06
nat_m_mat_dev(1993)    -0.011891  9.55127e-06
nat_m_mat_dev(1994)    0.0899236  1.24675e-06
nat_m_mat_dev(1995)     0.613523   7.1602e-06
nat_m_mat_dev(1996)     0.540717  7.11584e-07
nat_m_mat_dev(1997)     0.550957  5.75819e-06
nat_m_mat_dev(1998)     0.686791  2.37301e-05
nat_m_mat_dev(1999)    -0.482348  9.68486e-06
nat_m_mat_dev(2000)    -0.638288  1.18754e-05
nat_m_mat_dev(2001)     0.343468  1.64152e-05
nat_m_mat_dev(2002)     0.229456  9.21235e-06
nat_m_mat_dev(2003)    -0.300274  5.85351e-06
nat_m_mat_dev(2004)    -0.375183 -2.87608e-06
nat_m_mat_dev(2005)     0.426945 -1.01967e-05
nat_m_mat_dev(2006)     0.625439 -1.10385e-05
nat_m_mat_dev(2007)     0.537188 -6.24583e-06
nat_m_mat_dev(2008)    0.0451623 -1.67231e-06
nat_m_mat_dev(2009)    -0.802006 -1.42678e-06
nat_m_mat_dev(2010)    -0.877895  4.32213e-06
nat_m_mat_dev(2011)    -0.230556 -5.49162e-06
nat_m_mat_dev(2012)     0.716383  -1.5974e-05
nat_m_mat_dev(2013)     0.131196 -1.21976e-05
nat_m_mat_dev(2014)     0.590649  1.97022e-06
nat_m_mat_dev(2015)     0.273937 -3.16277e-07
nat_m_mat_dev(2016)   -0.0776512  2.40454e-06
nat_m_mat_dev(2017)    0.0254046  2.40544e-05
nat_m_mat_dev(2018)     0.810003  8.99058e-07
nat_m_mat_dev(2019)        1.242  -1.9111e-06
nat_m_mat_dev(2020)            0  1.63339e-05
nat_m_mat_dev(2021)     0.674512  2.31972e-05
nat_m_mat_dev(2022)     -0.10363  6.28642e-06
nat_m_mat_dev(2023)     -1.07835  8.77067e-06
nat_m_lg_dev(1982)     0.118165 -4.48485e-06
nat_m_lg_dev(1983)     0.302521 -4.45575e-06
nat_m_lg_dev(1984)    0.0988295 -4.48734e-06
nat_m_lg_dev(1985)     0.087179 -4.48879e-06
nat_m_lg_dev(1986)    -0.884707 -4.47607e-06
nat_m_lg_dev(1987)    -0.407262 -4.51523e-06
nat_m_lg_dev(1988)     0.304991 -4.45529e-06
nat_m_lg_dev(1989)    -0.271529 -4.51476e-06
nat_m_lg_dev(1990)     0.294096 -4.45729e-06
nat_m_lg_dev(1991)   -0.0499888 -4.50298e-06
nat_m_lg_dev(1992)    -0.977687 -4.46097e-06
nat_m_lg_dev(1993)    -0.899116 -4.47389e-06
nat_m_lg_dev(1994)    -0.778581 -4.49031e-06
nat_m_lg_dev(1995)     0.290249 -4.45799e-06
nat_m_lg_dev(1996)     0.432305 -4.42938e-06
nat_m_lg_dev(1997)     0.333114 -4.44998e-06
nat_m_lg_dev(1998)     0.163045 -4.47866e-06
nat_m_lg_dev(1999)     0.357355 -4.44521e-06
nat_m_lg_dev(2000)     0.184582 -4.47549e-06
nat_m_lg_dev(2001)     0.114857 -4.48528e-06
nat_m_lg_dev(2002)     0.113391 -4.48548e-06
nat_m_lg_dev(2003)     0.338096 -4.44901e-06
nat_m_lg_dev(2004)     -3.29467 -3.12132e-06
nat_m_lg_dev(2005)     0.313271 -4.45375e-06
nat_m_lg_dev(2006)    -0.245893  -4.5141e-06
nat_m_lg_dev(2007)      1.01926 -4.24645e-06
nat_m_lg_dev(2008)    -0.749473 -4.49366e-06
nat_m_lg_dev(2009)     0.347354  -4.4472e-06
nat_m_lg_dev(2010)     0.209166  -4.4717e-06
nat_m_lg_dev(2011)    0.0624523 -4.49174e-06
nat_m_lg_dev(2012)      1.68155 -3.89967e-06
nat_m_lg_dev(2013)    0.0891992 -4.48854e-06
nat_m_lg_dev(2014)     0.294545 -4.45721e-06
nat_m_lg_dev(2015)    0.0827174 -4.48934e-06
nat_m_lg_dev(2016)     0.351179 -4.44644e-06
nat_m_lg_dev(2017)        0.105 -4.48656e-06
nat_m_lg_dev(2018)     0.281502 -4.45956e-06
nat_m_lg_dev(2019)     0.548874 -4.40147e-06
nat_m_lg_dev(2020)     0.356746 -4.44533e-06
nat_m_lg_dev(2021)     0.485579 -4.41712e-06
nat_m_lg_dev(2022)    -0.310725 -4.51542e-06
nat_m_lg_dev(2023)    -0.891533 -4.47505e-06
log_avg_rec      20.9421  2.57098e-05
rec_devs(1982)    0.0259586 -1.33084e-05
rec_devs(1983)  1.19036e-05 -2.93638e-05
rec_devs(1984)     0.370378 -3.85758e-05
rec_devs(1985)      1.11816 -0.000169483
rec_devs(1986)     0.494648 -1.26324e-05
rec_devs(1987)     0.462925 -6.52898e-05
rec_devs(1988)     0.117598 -2.25802e-05
rec_devs(1989)     0.450625 -1.07797e-05
rec_devs(1990)      1.45352  6.11295e-05
rec_devs(1991)      1.78853 -5.36392e-06
rec_devs(1992)      1.63472 -6.89229e-05
rec_devs(1993)     0.790483 -4.36692e-05
rec_devs(1994)    -0.470157 -3.71793e-05
rec_devs(1995)    -0.587395 -1.84993e-05
rec_devs(1996)     -0.27507 -9.08482e-05
rec_devs(1997)    -0.249182  -7.2955e-05
rec_devs(1998)     -0.40487 -3.43474e-05
rec_devs(1999)    -0.767436   0.00011527
rec_devs(2000)    -0.552112  9.90488e-06
rec_devs(2001)     0.309754 -2.90605e-06
rec_devs(2002)     0.377181 -7.52869e-05
rec_devs(2003)     0.364832 -7.51514e-05
rec_devs(2004)     0.232363  8.50438e-05
rec_devs(2005)    -0.432617   1.2173e-05
rec_devs(2006)     -1.25184 -1.65851e-05
rec_devs(2007)   -0.0860787  4.08729e-05
rec_devs(2008)     0.814234  5.16634e-05
rec_devs(2009)     0.221893 -7.04127e-05
rec_devs(2010)    0.0220223  1.63665e-05
rec_devs(2011)    0.0438985  7.02261e-05
rec_devs(2012)     0.126578  1.36593e-05
rec_devs(2013)     0.291102 -1.91669e-05
rec_devs(2014)      1.77612 -2.47451e-05
rec_devs(2015)      1.70828 -2.06292e-05
rec_devs(2016)      1.41359  4.27982e-05
rec_devs(2017)    -0.927621 -3.43128e-05
rec_devs(2018)     -1.96175 -4.49208e-05
rec_devs(2019)     -2.25165 -3.39783e-05
rec_devs(2020)     -1.41058 -4.05691e-05
rec_devs(2021)    -0.767135 -1.43213e-05
rec_devs(2022)     0.920713 -1.98123e-05
rec_devs(2023)            0 -1.54703e-05
log_m_mu(1)     -1.35304 -7.56202e-05
log_m_mu(2)    -0.774265 -8.84545e-05
log_m_mu(3)     -1.61582 -6.11876e-08
prop_rec(1)      14.2476  2.88963e-06
prop_rec(2)      2.92524  4.56053e-05
log_f     0.137367  0.000103135
f_dev(1)      -1.2676  1.51916e-06
f_dev(2)     -1.90892  1.09613e-05
f_dev(3)    -0.423001   1.2435e-05
f_dev(4)     0.284589  2.16938e-05
f_dev(5)   -0.0126089   8.4422e-06
f_dev(6)    0.0677595   1.4273e-05
f_dev(7)     -0.22486  7.61307e-06
f_dev(8)    -0.282805  -8.3169e-06
f_dev(9)     0.702525 -4.61629e-06
f_dev(10)     0.549135 -7.88218e-06
f_dev(11)      1.51075  1.57609e-05
f_dev(12)     0.814355   1.4243e-05
f_dev(13)        0.769  1.77883e-05
f_dev(14)       0.3881  8.83312e-06
f_dev(15)     0.451769 -5.79424e-06
f_dev(16)     0.501859  1.12143e-05
f_dev(17)     0.993882  -2.8888e-06
f_dev(18)     -0.90738  9.15593e-06
f_dev(19)    -0.964572 -2.00224e-06
f_dev(20)     0.046957 -4.23596e-06
f_dev(21)     0.201393 -2.02464e-06
f_dev(22)    -0.879193  4.76495e-07
f_dev(23)     -1.17496  1.56438e-07
f_dev(24)    -0.517186  1.41679e-05
f_dev(25)    0.0946981  5.43892e-06
f_dev(26)      0.33885   1.3786e-05
f_dev(27)    -0.183859  6.95731e-06
f_dev(28)    -0.956452   2.1756e-05
f_dev(29)      -1.7937  1.38733e-05
f_dev(30)    -0.810021 -9.70645e-06
f_dev(31)    0.0192283   1.8124e-05
f_dev(32)     0.414319  1.22775e-05
f_dev(33)     0.650838  1.81082e-05
f_dev(34)     0.438171  1.79002e-05
f_dev(35)     -0.13002  9.75059e-06
f_dev(36)   -0.0186069 -2.39156e-06
f_dev(37)      1.03248  3.69038e-06
f_dev(38)      1.53202  1.68815e-06
f_dev(39)      1.78754  1.23406e-05
f_dev(40)     -1.13446  9.09711e-06
fish_ret_sel_50      96.9093 -0.000353526
fish_ret_sel_50_post      102.053 -3.99499e-05
fish_ret_sel_slope     0.214615  1.31849e-05
fish_ret_sel_slope_post     0.297361 -9.14303e-06
fish_tot_sel_offset     -9.26541  1.35384e-05
fish_tot_sel_offset_dev(1)     -39.7987 -1.41791e-05
fish_tot_sel_offset_dev(2)      37.0873 -5.14583e-05
fish_tot_sel_offset_dev(3)     -35.8992 -6.07805e-05
fish_tot_sel_offset_dev(4)      31.6406  -8.4148e-05
fish_tot_sel_offset_dev(5)     -33.9883 -7.26269e-05
fish_tot_sel_offset_dev(6)     -16.1026 -0.000125998
fish_tot_sel_offset_dev(7)      11.9845  -0.00013129
fish_tot_sel_offset_dev(8)       39.177   2.7584e-05
fish_tot_sel_offset_dev(9)     -37.8982 -4.41416e-05
fish_tot_sel_offset_dev(10)     -31.5184 -8.47898e-05
fish_tot_sel_offset_dev(11)     -37.0555 -5.19226e-05
fish_tot_sel_offset_dev(12)     -34.0641 -7.22051e-05
fish_tot_sel_offset_dev(13)     -39.9981  5.35117e-06
fish_tot_sel_offset_dev(14)       36.195 -5.85008e-05
fish_tot_sel_offset_dev(15)      30.1203 -9.05142e-05
fish_tot_sel_offset_dev(16)     -18.9556 -0.000121212
fish_tot_sel_offset_dev(17)       12.245 -0.000131005
fish_tot_sel_offset_dev(18)      37.6655  -4.6219e-05
fish_tot_sel_offset_dev(19)      34.2331 -7.11234e-05
fish_tot_sel_offset_dev(20)     -2.66669 -0.000137322
fish_tot_sel_offset_dev(21)      36.3509 -5.73442e-05
fish_tot_sel_offset_dev(22)      3.18319 -0.000137186
fish_tot_sel_offset_dev(23)      30.0469 -9.08025e-05
fish_tot_sel_offset_dev(24)     -32.0901  -8.2213e-05
fish_tot_sel_offset_dev(25)     -32.3715  -8.0897e-05
fish_tot_sel_offset_dev(26)     -35.7831 -6.15849e-05
fish_tot_sel_offset_dev(27)      13.2871 -0.000129797
fish_tot_sel_offset_dev(28)      39.4718 -2.20523e-05
fish_tot_sel_offset_dev(29)      32.5546 -7.99127e-05
fish_tot_sel_offset_dev(30)      30.6797 -8.82611e-05
fish_tot_sel_offset_dev(31)     -39.9629 -6.83815e-06
fish_tot_sel_offset_dev(32)     -37.5052 -4.79494e-05
fish_tot_sel_offset_dev(33)     -3.09057 -0.000137217
fish_tot_sel_offset_dev(34)      11.9597 -0.000131317
fish_tot_sel_offset_dev(35)      18.9115 -0.000121251
fish_tot_sel_offset_dev(36)      32.4215 -8.05508e-05
fish_tot_sel_offset_dev(37)     -20.9342 -0.000117297
fish_tot_sel_offset_dev(38)      39.8122  -1.2916e-05
fish_tot_sel_offset_dev(39)     -10.5446 -0.000132768
fish_tot_sel_offset_dev(40)     -18.7999 -0.000121498
fish_tot_sel_slope     -1.62411 -0.000165465
surv_omega     0.569239 -2.18423e-06
surv_alpha1     0.106072  0.000128632
surv_beta1       111.59  2.24046e-05
surv_alpha2      0.17956 -3.67934e-05
surv_beta2      41.6216  3.57678e-06
