# Number of parameters = 308 Objective function value = 308.524545399018  Maximum gradient component = 0.000353526024297924
# log_n_imm:
 18.5624196410408 19.6727502475288 19.7547021477467 19.9026471446978 19.8713342162754 19.7893753008786 19.4940854541681 19.4072707050875 19.3791918967224 18.8505158735950 18.3241510187917 18.3689143996814 17.8283171111315 16.7965968803628 15.2468330111060 13.2765465565061 11.9710178135045 10.3175109542743 9.60575900449070 8.24125105914550 6.55302673233606
# log_n_mat:
 17.7545493728711 11.5477165329185 15.7576308061888 17.4077208362433 18.3652909055843 18.9527877664132 19.0075193091945 18.8872842151211 18.9274499144816 19.0203393727217 18.8414823699061 18.4289050653266 18.0582052762166 18.2773789250887 18.2089757564811 17.5262717322778 16.6925542871501 15.6785737660134 14.6322939783459 13.3564249207106 12.0370848064223
# nat_m_dev:
 -0.117887034464782 -0.415182148247199 -0.561907392369015 -1.04079608071255 -1.13738680330182 -0.907319401469628 -0.675297701123711 -0.407394615263046 -0.176442879748656 0.0881404660482514 -0.0293274274036095 0.187619199644319 0.135082439152572 0.229345421373053 0.558242072289952 0.685362276580200 0.224044380137988 -0.685280760536966 -0.454617982910049 0.229110234365844 -0.148423282976103 -0.286329515773852 -0.330059469861683 -0.259778934985408 -0.413055749977915 -0.322284696416990 -0.456483432207972 -0.383038956590382 0.328170542804476 0.287206182425437 0.0223326885949253 -0.0227394837071960 0.618746260421893 0.508435081208862 -0.135090335415801 -0.372239367341671 0.525050332631364 1.90222680314018 0.00000000000000 -0.782265375319838 -0.270087625778200 0.261589444075802
# nat_m_mat_dev:
 -0.238183988108361 0.594678852283063 1.32150475660965 -0.547970400037358 -1.28075976183759 -0.941832774697833 -0.275297641517388 -0.118795994048463 0.231654626212338 1.00245372407569 0.0770168031674451 -0.0118910187731543 0.0899236203405024 0.613523020513212 0.540717325014638 0.550957061222529 0.686790699522606 -0.482348375869179 -0.638287788998381 0.343468077945889 0.229455515034580 -0.300273983393966 -0.375183330538735 0.426945113171501 0.625438774598718 0.537188404854531 0.0451622710910781 -0.802005575533407 -0.877894946752923 -0.230556065139064 0.716382554477975 0.131195776816217 0.590648677024743 0.273937306407609 -0.0776512071579381 0.0254046367362266 0.810003031231972 1.24200206393538 0.00000000000000 0.674512339893315 -0.103630100043817 -1.07834729348046
# nat_m_lg_dev:
 0.118165018786299 0.302520987202615 0.0988295051207925 0.0871790012797424 -0.884707226937844 -0.407262064308581 0.304990786606431 -0.271528583665575 0.294095630531316 -0.0499888362519699 -0.977687156253693 -0.899115556695816 -0.778580870001738 0.290248753526590 0.432304658890104 0.333114142458324 0.163044844899716 0.357355180552048 0.184581813575148 0.114856511712266 0.113391330476070 0.338095906329817 -3.29467006603148 0.313271002619954 -0.245892738206609 1.01925549137110 -0.749472654385868 0.347353657581728 0.209165838372482 0.0624522975123067 1.68154821140180 0.0891991635586588 0.294545386716507 0.0827173795651097 0.351179062620669 0.105000421818691 0.281502192746172 0.548874396090001 0.356745928128893 0.485578575601327 -0.310724813443780 -0.891532511469730
# q_dev:
 0.00000000000000 0.00000000000000 0.00000000000000 0.00000000000000 0.00000000000000 0.00000000000000 0.00000000000000 0.00000000000000 0.00000000000000 0.00000000000000 0.00000000000000 0.00000000000000 0.00000000000000 0.00000000000000 0.00000000000000 0.00000000000000 0.00000000000000 0.00000000000000 0.00000000000000 0.00000000000000 0.00000000000000 0.00000000000000 0.00000000000000 0.00000000000000 0.00000000000000 0.00000000000000 0.00000000000000 0.00000000000000 0.00000000000000 0.00000000000000 0.00000000000000 0.00000000000000 0.00000000000000 0.00000000000000 0.00000000000000 0.00000000000000 0.00000000000000 0.00000000000000 0.00000000000000 0.00000000000000 0.00000000000000 0.00000000000000
# q_mat_dev:
 0.00000000000000 0.00000000000000 0.00000000000000 0.00000000000000 0.00000000000000 0.00000000000000 0.00000000000000 0.00000000000000 0.00000000000000 0.00000000000000 0.00000000000000 0.00000000000000 0.00000000000000 0.00000000000000 0.00000000000000 0.00000000000000 0.00000000000000 0.00000000000000 0.00000000000000 0.00000000000000 0.00000000000000 0.00000000000000 0.00000000000000 0.00000000000000 0.00000000000000 0.00000000000000 0.00000000000000 0.00000000000000 0.00000000000000 0.00000000000000 0.00000000000000 0.00000000000000 0.00000000000000 0.00000000000000 0.00000000000000 0.00000000000000 0.00000000000000 0.00000000000000 0.00000000000000 0.00000000000000 0.00000000000000 0.00000000000000
# q_lg_dev:
 0.00000000000000 0.00000000000000 0.00000000000000 0.00000000000000 0.00000000000000 0.00000000000000 0.00000000000000 0.00000000000000 0.00000000000000 0.00000000000000 0.00000000000000 0.00000000000000 0.00000000000000 0.00000000000000 0.00000000000000 0.00000000000000 0.00000000000000 0.00000000000000 0.00000000000000 0.00000000000000 0.00000000000000 0.00000000000000 0.00000000000000 0.00000000000000 0.00000000000000 0.00000000000000 0.00000000000000 0.00000000000000 0.00000000000000 0.00000000000000 0.00000000000000 0.00000000000000 0.00000000000000 0.00000000000000 0.00000000000000 0.00000000000000 0.00000000000000 0.00000000000000 0.00000000000000 0.00000000000000 0.00000000000000 0.00000000000000
# log_avg_rec:
20.9420891524
# rec_devs:
 0.0259585704461 1.19036392416e-05 0.370378145054 1.11816192877 0.494648045799 0.462925259511 0.117598415760 0.450625347484 1.45352273735 1.78853450096 1.63472135296 0.790483308000 -0.470156508866 -0.587394686107 -0.275070222077 -0.249181543427 -0.404870298631 -0.767436485207 -0.552111829840 0.309753721911 0.377180794388 0.364832381858 0.232362846785 -0.432616959900 -1.25184016121 -0.0860786769795 0.814233802371 0.221893187098 0.0220222760562 0.0438984691062 0.126578076352 0.291102103386 1.77612240178 1.70828122546 1.41358808595 -0.927621049232 -1.96174874567 -2.25165253903 -1.41058228804 -0.767134969615 0.920712652783 0.00000000000
# sigma_m:
 1.00000000000 1.00000000000 1.00000000000
# log_m_mu:
 -1.35304214624 -0.774265470407 -1.61582158622
# prop_rec:
 14.2475995280 2.92524424673
# sigma_q:
 0.100000000000 0.100000000000
# log_f:
0.137367053755
# f_dev:
 -1.26759523202 -1.90892372723 -0.423001370427 0.284589419906 -0.0126088996887 0.0677595049067 -0.224860047826 -0.282804510778 0.702525289985 0.549135017375 1.51074675354 0.814354848031 0.768999619307 0.388100093806 0.451768970976 0.501858557661 0.993882037338 -0.907380434898 -0.964572104443 0.0469569978089 0.201393172795 -0.879193081472 -1.17496087583 -0.517185798223 0.0946980628636 0.338849515978 -0.183858641303 -0.956452019091 -1.79369902427 -0.810021357195 0.0192282692585 0.414318694402 0.650837537114 0.438171303736 -0.130019644388 -0.0186069060700 1.03247501715 1.53201509080 1.78753523922 -1.13445533880
# fish_ret_sel_50:
96.9093080669
# fish_ret_sel_50_post:
102.052586247
# fish_ret_sel_slope:
0.214615411210
# fish_ret_sel_slope_post:
0.297360855995
# fish_tot_sel_offset:
-9.26540591024
# fish_tot_sel_offset_dev:
 -39.7987186429 37.0873326157 -35.8991550625 31.6405638740 -33.9882635159 -16.1025812187 11.9845279533 39.1769628779 -37.8981533275 -31.5183707856 -37.0554646636 -34.0641294750 -39.9980726289 36.1949512788 30.1202504982 -18.9555594532 12.2449568423 37.6654699829 34.2330652605 -2.66668699116 36.3509165899 3.18319311927 30.0468902474 -32.0900859427 -32.3714685192 -35.7831152841 13.2870995478 39.4718086664 32.5545823896 30.6796825395 -39.9628865228 -37.5051794102 -3.09056516668 11.9596949884 18.9114776289 32.4215133303 -20.9341880823 39.8122193901 -10.5446342923 -18.7998806359
# fish_tot_sel_slope:
-1.62410715606
# surv_omega:
0.569238985673
# surv_alpha1:
0.106071953611
# surv_beta1:
111.589702355
# surv_alpha2:
0.179560170047
# surv_beta2:
41.6216111479
