ParName   Value   Gradient
log_n_imm(1)      18.5624  9.07514e-06
log_n_imm(2)      19.6728  3.62084e-07
log_n_imm(3)      19.7547 -1.37266e-05
log_n_imm(4)      19.9026 -1.95117e-05
log_n_imm(5)      19.8713  3.33709e-06
log_n_imm(6)      19.7894  2.21544e-05
log_n_imm(7)      19.4941  2.14472e-05
log_n_imm(8)      19.4073  4.33282e-06
log_n_imm(9)      19.3792  1.04234e-06
log_n_imm(10)      18.8505  3.35796e-07
log_n_imm(11)      18.3242  4.96009e-06
log_n_imm(12)      18.3689 -3.16208e-06
log_n_imm(13)      17.8283 -2.92152e-05
log_n_imm(14)      16.7966 -6.94795e-06
log_n_imm(15)      15.2468 -4.78678e-06
log_n_imm(16)      13.2766 -1.22047e-06
log_n_imm(17)       11.971   8.6486e-07
log_n_imm(18)      10.3165  7.63403e-06
log_n_imm(19)       9.6051 -1.97195e-06
log_n_imm(20)      8.24124 -1.82163e-06
log_n_imm(21)      6.50651  2.94311e-07
log_n_mat(1)      17.7546  5.45841e-06
log_n_mat(2)      11.5477 -1.61295e-07
log_n_mat(3)      15.7576  1.84635e-07
log_n_mat(4)      17.4077 -4.37112e-06
log_n_mat(5)      18.3653  6.81242e-06
log_n_mat(6)      18.9528  4.19405e-06
log_n_mat(7)      19.0075  2.46025e-06
log_n_mat(8)      18.8873  6.78899e-06
log_n_mat(9)      18.9275  1.99488e-06
log_n_mat(10)      19.0203  1.69418e-05
log_n_mat(11)      18.8415 -1.58645e-05
log_n_mat(12)      18.4289  1.05169e-05
log_n_mat(13)      18.0582 -2.24939e-05
log_n_mat(14)      18.2774  3.92225e-06
log_n_mat(15)       18.209   3.9222e-05
log_n_mat(16)      17.5263  9.61702e-06
log_n_mat(17)      16.6926  1.46836e-05
log_n_mat(18)      15.6786   4.0653e-05
log_n_mat(19)      14.6323 -8.26554e-07
log_n_mat(20)      13.3564 -6.47904e-06
log_n_mat(21)      12.0373  1.30314e-06
nat_m_dev(1982)    -0.117883  1.36747e-05
nat_m_dev(1983)    -0.415181  9.45288e-06
nat_m_dev(1984)    -0.561908  1.94569e-06
nat_m_dev(1985)      -1.0408 -1.04102e-06
nat_m_dev(1986)     -1.13739  7.08536e-07
nat_m_dev(1987)     -0.90732  5.27218e-06
nat_m_dev(1988)    -0.675298  9.86135e-06
nat_m_dev(1989)    -0.407395  1.14003e-05
nat_m_dev(1990)    -0.176443  1.62037e-05
nat_m_dev(1991)    0.0881406  1.97942e-05
nat_m_dev(1992)    -0.029327 -1.04692e-06
nat_m_dev(1993)     0.187619  1.16911e-05
nat_m_dev(1994)     0.135082  1.34633e-05
nat_m_dev(1995)     0.229345 -2.68424e-05
nat_m_dev(1996)     0.558242  -2.2643e-05
nat_m_dev(1997)     0.685362 -1.56217e-05
nat_m_dev(1998)     0.224044  6.46442e-06
nat_m_dev(1999)    -0.685281 -1.94758e-06
nat_m_dev(2000)    -0.454618  5.74506e-06
nat_m_dev(2001)     0.229109 -5.91665e-06
nat_m_dev(2002)    -0.148423  8.01648e-06
nat_m_dev(2003)     -0.28633  9.41926e-06
nat_m_dev(2004)     -0.33006  1.62902e-05
nat_m_dev(2005)    -0.259779  1.79373e-05
nat_m_dev(2006)    -0.413056  1.51302e-05
nat_m_dev(2007)    -0.322285  1.25193e-05
nat_m_dev(2008)    -0.456483  4.84273e-06
nat_m_dev(2009)    -0.383038  6.01503e-06
nat_m_dev(2010)     0.328169 -8.53077e-06
nat_m_dev(2011)     0.287206  -1.7378e-06
nat_m_dev(2012)    0.0223333   2.4049e-06
nat_m_dev(2013)   -0.0227381  3.06741e-06
nat_m_dev(2014)     0.618745 -2.70798e-06
nat_m_dev(2015)     0.508436  2.26981e-06
nat_m_dev(2016)     -0.13509  3.11165e-07
nat_m_dev(2017)     -0.37224  3.33753e-06
nat_m_dev(2018)      0.52505 -1.91274e-06
nat_m_dev(2019)      1.90223   -1.144e-05
nat_m_dev(2020)            0  2.53028e-06
nat_m_dev(2021)    -0.782266  1.29001e-06
nat_m_dev(2022)    -0.270088  2.93372e-07
nat_m_dev(2023)     0.261589 -3.17513e-06
nat_m_mat_dev(1982)    -0.238181  6.38173e-06
nat_m_mat_dev(1983)     0.594678  -6.7088e-06
nat_m_mat_dev(1984)       1.3215 -1.11014e-05
nat_m_mat_dev(1985)     -0.54797   1.1856e-06
nat_m_mat_dev(1986)     -1.28076 -5.31107e-06
nat_m_mat_dev(1987)    -0.941833  7.98987e-07
nat_m_mat_dev(1988)    -0.275298  2.31187e-07
nat_m_mat_dev(1989)    -0.118796 -9.52002e-08
nat_m_mat_dev(1990)     0.231654  1.80873e-06
nat_m_mat_dev(1991)      1.00245  8.91208e-06
nat_m_mat_dev(1992)    0.0770166  8.26044e-06
nat_m_mat_dev(1993)   -0.0118921  8.04736e-06
nat_m_mat_dev(1994)    0.0899236   9.8231e-06
nat_m_mat_dev(1995)     0.613523  1.58741e-05
nat_m_mat_dev(1996)     0.540717  5.58475e-07
nat_m_mat_dev(1997)     0.550957 -7.38239e-06
nat_m_mat_dev(1998)     0.686791 -1.62924e-06
nat_m_mat_dev(1999)    -0.482349 -2.16281e-06
nat_m_mat_dev(2000)    -0.638288  1.01742e-06
nat_m_mat_dev(2001)     0.343468  6.44787e-07
nat_m_mat_dev(2002)     0.229455  3.27539e-07
nat_m_mat_dev(2003)    -0.300274  6.83589e-06
nat_m_mat_dev(2004)    -0.375183  4.07382e-06
nat_m_mat_dev(2005)     0.426946  7.42336e-06
nat_m_mat_dev(2006)     0.625439   7.9258e-06
nat_m_mat_dev(2007)     0.537189  1.70918e-05
nat_m_mat_dev(2008)     0.045163  1.36037e-05
nat_m_mat_dev(2009)    -0.802005  6.64075e-06
nat_m_mat_dev(2010)    -0.877896  2.45601e-06
nat_m_mat_dev(2011)    -0.230556  3.25157e-06
nat_m_mat_dev(2012)     0.716383 -2.64555e-06
nat_m_mat_dev(2013)     0.131195 -1.51014e-05
nat_m_mat_dev(2014)     0.590648 -4.97343e-06
nat_m_mat_dev(2015)     0.273938  9.46633e-06
nat_m_mat_dev(2016)   -0.0776509  3.35476e-06
nat_m_mat_dev(2017)    0.0254027  2.32457e-06
nat_m_mat_dev(2018)     0.810004  3.31385e-06
nat_m_mat_dev(2019)        1.242  4.32149e-06
nat_m_mat_dev(2020)            0 -5.05766e-06
nat_m_mat_dev(2021)     0.674512  1.86032e-06
nat_m_mat_dev(2022)     -0.10363  1.22195e-06
nat_m_mat_dev(2023)     -1.07835  4.56942e-06
nat_m_lg_dev(1982)     -1.22284 -8.59114e-06
nat_m_lg_dev(1983)      1.63796  7.93485e-06
nat_m_lg_dev(1984)      3.64631   2.7845e-06
nat_m_lg_dev(1985)      2.47612 -6.67294e-06
nat_m_lg_dev(1986)      3.60839 -3.01569e-06
nat_m_lg_dev(1987)     -0.23973 -8.89829e-06
nat_m_lg_dev(1988)     -3.89278  3.70644e-06
nat_m_lg_dev(1989)      3.95409 -1.22661e-06
nat_m_lg_dev(1990)      3.65396  2.73557e-06
nat_m_lg_dev(1991)     -3.89319  -3.7059e-06
nat_m_lg_dev(1992)     -3.90399  3.69613e-06
nat_m_lg_dev(1993)     -2.04365  7.87612e-06
nat_m_lg_dev(1994)      1.68993 -7.87523e-06
nat_m_lg_dev(1995)     -3.13781 -6.01063e-06
nat_m_lg_dev(1996)   -0.0557928  8.89531e-06
nat_m_lg_dev(1997)     -3.04209  6.23279e-06
nat_m_lg_dev(1998)     -3.99176 -6.67916e-06
nat_m_lg_dev(1999)     -1.80258  8.13499e-06
nat_m_lg_dev(2000)      3.66825 -2.64192e-06
nat_m_lg_dev(2001)     -3.29219 -5.61872e-06
nat_m_lg_dev(2002)      3.02386  5.36644e-06
nat_m_lg_dev(2003)      3.95952 -1.47776e-06
nat_m_lg_dev(2004)      2.77197  6.03222e-06
nat_m_lg_dev(2005)     -3.65334  4.50117e-06
nat_m_lg_dev(2006)      3.74724  -2.0587e-06
nat_m_lg_dev(2007)     -2.07804 -7.83554e-06
nat_m_lg_dev(2008)      2.00905 -7.45982e-06
nat_m_lg_dev(2009)      2.15631  7.23689e-06
nat_m_lg_dev(2010)      3.00505   5.4209e-06
nat_m_lg_dev(2011)      1.69527  7.86898e-06
nat_m_lg_dev(2012)      3.81482   1.4285e-06
nat_m_lg_dev(2013)      2.73813  6.11241e-06
nat_m_lg_dev(2014)      3.34184   4.2889e-06
nat_m_lg_dev(2015)     -3.37921  5.37723e-06
nat_m_lg_dev(2016)     -3.52774 -4.92555e-06
nat_m_lg_dev(2017)     -1.51823  -8.3865e-06
nat_m_lg_dev(2018)      -2.6119 -7.07219e-06
nat_m_lg_dev(2019)     -3.61752 -4.62617e-06
nat_m_lg_dev(2020)     -2.69287  6.93171e-06
nat_m_lg_dev(2021)    -0.901595 -8.75276e-06
nat_m_lg_dev(2022)     0.650059  8.70782e-06
nat_m_lg_dev(2023)     -2.74928  -6.8294e-06
log_avg_rec      20.8186 -3.94291e-05
rec_devs(1982)     0.149448  3.75096e-05
rec_devs(1983)     0.123501  4.04893e-05
rec_devs(1984)     0.493867  7.64648e-07
rec_devs(1985)      1.24165 -2.72912e-06
rec_devs(1986)     0.618137  -1.2522e-05
rec_devs(1987)     0.586415 -7.51088e-05
rec_devs(1988)     0.241088 -2.17039e-05
rec_devs(1989)     0.574115  -3.5143e-05
rec_devs(1990)      1.57701  2.88352e-06
rec_devs(1991)      1.91202  2.09799e-05
rec_devs(1992)      1.75821  8.82991e-05
rec_devs(1993)     0.913972 -1.81055e-05
rec_devs(1994)    -0.346668 -3.30028e-05
rec_devs(1995)    -0.463906 -1.91539e-06
rec_devs(1996)     -0.15158  4.04717e-05
rec_devs(1997)    -0.125692 -2.65547e-05
rec_devs(1998)    -0.281381  3.52356e-05
rec_devs(1999)    -0.643948  8.05284e-06
rec_devs(2000)    -0.428622  5.73132e-06
rec_devs(2001)     0.433243 -8.50699e-05
rec_devs(2002)      0.50067 -5.21273e-05
rec_devs(2003)     0.488322 -7.32906e-05
rec_devs(2004)     0.355852 -3.86119e-05
rec_devs(2005)    -0.309128 -6.09756e-06
rec_devs(2006)     -1.12835 -3.27105e-06
rec_devs(2007)    0.0374107  3.99957e-05
rec_devs(2008)     0.937723  4.78741e-05
rec_devs(2009)     0.345382 -2.42971e-05
rec_devs(2010)     0.145511 -5.66447e-05
rec_devs(2011)     0.167388  9.34984e-05
rec_devs(2012)     0.250067  2.99578e-05
rec_devs(2013)     0.414592  9.13788e-06
rec_devs(2014)      1.89961 -1.04682e-05
rec_devs(2015)      1.83177   4.1602e-05
rec_devs(2016)      1.53708  8.45315e-06
rec_devs(2017)    -0.804136 -6.01969e-05
rec_devs(2018)     -1.83825 -3.19088e-06
rec_devs(2019)     -2.12816  -3.4254e-06
rec_devs(2020)     -1.28709   6.6555e-05
rec_devs(2021)    -0.643646  1.24869e-05
rec_devs(2022)       1.0442 -5.41985e-06
rec_devs(2023)            0 -7.29528e-06
log_m_mu(1)     -1.35304 -0.000135796
log_m_mu(2)    -0.774265 -5.51998e-06
log_m_mu(3)     -1.03358 -3.29677e-09
prop_rec(1)      14.2476  6.62362e-06
prop_rec(2)      2.92524 -2.15453e-05
log_f     0.137367 -0.000103614
f_dev(1)      -1.2676 -1.14031e-05
f_dev(2)     -1.90892 -7.12468e-06
f_dev(3)    -0.423001  9.86614e-06
f_dev(4)     0.284589 -9.19249e-06
f_dev(5)   -0.0126088  5.47043e-06
f_dev(6)    0.0677597 -4.34488e-06
f_dev(7)     -0.22486 -4.51699e-06
f_dev(8)    -0.282804 -2.43625e-06
f_dev(9)     0.702525  1.85701e-06
f_dev(10)     0.549135  -3.2773e-06
f_dev(11)      1.51075 -5.08533e-06
f_dev(12)     0.814355 -1.44621e-06
f_dev(13)     0.768999 -2.06897e-05
f_dev(14)       0.3881 -1.03716e-05
f_dev(15)     0.451769 -3.42163e-06
f_dev(16)     0.501859 -4.29701e-06
f_dev(17)     0.993882  5.88767e-06
f_dev(18)     -0.90738 -6.77815e-06
f_dev(19)    -0.964572  5.14383e-06
f_dev(20)    0.0469571   4.9806e-06
f_dev(21)     0.201393 -9.90786e-06
f_dev(22)    -0.879193 -4.86776e-07
f_dev(23)     -1.17496  4.68686e-06
f_dev(24)    -0.517186 -5.50999e-06
f_dev(25)    0.0946982 -8.41038e-06
f_dev(26)     0.338849 -1.12872e-05
f_dev(27)    -0.183858 -4.15928e-07
f_dev(28)    -0.956452 -2.89434e-05
f_dev(29)      -1.7937 -1.26675e-05
f_dev(30)    -0.810021 -9.02547e-06
f_dev(31)    0.0192283 -1.43535e-05
f_dev(32)     0.414319  5.77992e-06
f_dev(33)     0.650837  2.22375e-06
f_dev(34)     0.438171 -1.21857e-05
f_dev(35)    -0.130019 -5.44179e-06
f_dev(36)   -0.0186069  1.57572e-06
f_dev(37)      1.03247 -2.14581e-06
f_dev(38)      1.53202   -7.048e-06
f_dev(39)      1.78754 -6.44481e-07
f_dev(40)     -1.13446  1.46116e-06
fish_ret_sel_50      96.9093    0.0003174
fish_ret_sel_50_post      102.053   2.1437e-05
fish_ret_sel_slope     0.214615 -0.000131708
fish_ret_sel_slope_post     0.297361  6.48065e-05
fish_tot_sel_offset      -9.2654  7.26318e-06
fish_tot_sel_offset_dev(1)     -29.2434  0.000343319
fish_tot_sel_offset_dev(2)     -22.3938 -0.000416966
fish_tot_sel_offset_dev(3)       39.808  4.96455e-05
fish_tot_sel_offset_dev(4)     -29.6975  0.000337092
fish_tot_sel_offset_dev(5)      37.7756 -0.000165596
fish_tot_sel_offset_dev(6)           40  2.92205e-05
fish_tot_sel_offset_dev(7)     -35.2076 -0.000238782
fish_tot_sel_offset_dev(8)     0.805249  -0.00050315
fish_tot_sel_offset_dev(9)     -36.4654  0.000206748
fish_tot_sel_offset_dev(10)     -27.0314   0.00037091
fish_tot_sel_offset_dev(11)      16.9933 -0.000455598
fish_tot_sel_offset_dev(12)      36.4488  0.000207385
fish_tot_sel_offset_dev(13)     -31.2294 -0.000314413
fish_tot_sel_offset_dev(14)     -1.14626 -0.000503043
fish_tot_sel_offset_dev(15)      24.2529  0.000400225
fish_tot_sel_offset_dev(16)     -39.5829  7.22123e-05
fish_tot_sel_offset_dev(17)      18.4862  0.000446303
fish_tot_sel_offset_dev(18)     -31.6215 -0.000308147
fish_tot_sel_offset_dev(19)      37.8412  0.000163207
fish_tot_sel_offset_dev(20)      27.0774   0.00037045
fish_tot_sel_offset_dev(21)     -33.4056  0.000276747
fish_tot_sel_offset_dev(22)      29.1221  0.000345032
fish_tot_sel_offset_dev(23)      39.9945 -1.07287e-05
fish_tot_sel_offset_dev(24)     -24.3861  0.000398881
fish_tot_sel_offset_dev(25)      28.4427  0.000353887
fish_tot_sel_offset_dev(26)     -23.1544  0.000410337
fish_tot_sel_offset_dev(27)      39.5389  7.64524e-05
fish_tot_sel_offset_dev(28)      19.5264 -0.000439237
fish_tot_sel_offset_dev(29)      5.36408 -0.000498711
fish_tot_sel_offset_dev(30)      11.4475  0.000482214
fish_tot_sel_offset_dev(31)     -37.8992  0.000160831
fish_tot_sel_offset_dev(32)     -28.1396 -0.000357624
fish_tot_sel_offset_dev(33)     -22.9215 -0.000412402
fish_tot_sel_offset_dev(34)        -11.4  0.000482368
fish_tot_sel_offset_dev(35)      39.8869 -3.83355e-05
fish_tot_sel_offset_dev(36)     -20.3438 -0.000433279
fish_tot_sel_offset_dev(37)      9.12545 -0.000489989
fish_tot_sel_offset_dev(38)      36.9863  0.000191733
fish_tot_sel_offset_dev(39)     -23.1262  0.000410588
fish_tot_sel_offset_dev(40)     -30.5279 -0.000325137
fish_tot_sel_slope     -1.62411  0.000133493
surv_omega     0.569239 -4.69903e-05
surv_alpha1     0.106072  1.73937e-05
surv_beta1       111.59  3.26786e-05
surv_alpha2      0.17956  4.82351e-05
surv_beta2      41.6216  0.000150378
