# Number of parameters = 308 Objective function value = 308.524545367563  Maximum gradient component = 0.000503149996199212
# log_n_imm:
 18.5624203537569 19.6727507792070 19.7547025244060 19.9026475692189 19.8713347880972 19.7893765331966 19.4940861702699 19.4072707971559 19.3791923452409 18.8505166589406 18.3241507806849 18.3689151774321 17.8283179354404 16.7965968174933 15.2468339556061 13.2765614818665 11.9710138600083 10.3164590940941 9.60510440758537 8.24123507487431 6.50651018195185
# log_n_mat:
 17.7545515753042 11.5477066606825 15.7576286229347 17.4077205706135 18.3652907654101 18.9527882989060 19.0075196044700 18.8872845091880 18.9274501607792 19.0203398600574 18.8414823936899 18.4289057889070 18.0582052241675 18.2773794787139 18.2089765455586 17.5262720687818 16.6925550686781 15.6785776079830 14.6322986343663 13.3564290773376 12.0372545778308
# nat_m_dev:
 -0.117883255350328 -0.415181347038181 -0.561907506234936 -1.04079657111530 -1.13738677169509 -0.907319529851525 -0.675297635231021 -0.407394518424941 -0.176442601672139 0.0881405853971821 -0.0293269512459558 0.187618759383313 0.135081791089263 0.229344785167189 0.558242169097901 0.685362065721701 0.224044392020313 -0.685280805285338 -0.454618009294073 0.229109010689693 -0.148423336840945 -0.286329687856829 -0.330059842718438 -0.259778631255518 -0.413055738293027 -0.322285301577084 -0.456483434108673 -0.383038182502718 0.328169328514240 0.287205523695059 0.0223332860758584 -0.0227381236172278 0.618745076046493 0.508436124132437 -0.135090374945303 -0.372239722365297 0.525049995071339 1.90222683996987 0.00000000000000 -0.782265792353430 -0.270087783269667 0.261589099412499
# nat_m_mat_dev:
 -0.238181260984969 0.594678098727261 1.32150436235788 -0.547970336478531 -1.28075978789779 -0.941832573413408 -0.275297703046308 -0.118796365935082 0.231653626904687 1.00245389835242 0.0770166058469017 -0.0118921317794685 0.0899236173951940 0.613523294969774 0.540717403681634 0.550957131412630 0.686790754303986 -0.482348553425824 -0.638287935170696 0.343467853149273 0.229455401400686 -0.300273536146898 -0.375182625058198 0.426945664318946 0.625438545790195 0.537188552066261 0.0451629530869775 -0.802005310699003 -0.877895585095527 -0.230555892730689 0.716382865154141 0.131195481904778 0.590647861462223 0.273938342818840 -0.0776508965773328 0.0254027227214049 0.810003509883126 1.24200215421493 0.00000000000000 0.674511849263696 -0.103629826130627 -1.07834744367285
# nat_m_lg_dev:
 -1.22284484728992 1.63795705513311 3.64631037546081 2.47611751051295 3.60839305186241 -0.239729889789930 -3.89278488488532 3.95409494150501 3.65396281784814 -3.89319489243249 -3.90399197571351 -2.04365472069941 1.68992648383393 -3.13780653443454 -0.0557927819228681 -3.04209190037398 -3.99176064384130 -1.80257789648123 3.66825386749978 -3.29219497925645 3.02386379361439 3.95952227263811 2.77197170203188 -3.65333670663606 3.74724288420949 -2.07804193753142 2.00904935692217 2.15631414589908 3.00504558210367 1.69526779690585 3.81482134572747 2.73812611049073 3.34183659426144 -3.37920770617097 -3.52774231833507 -1.51822547756229 -2.61190106274398 -3.61752000817704 -2.69286526000191 -0.901594987378427 0.650059170861064 -2.74927544766336
# q_dev:
 0.00000000000000 0.00000000000000 0.00000000000000 0.00000000000000 0.00000000000000 0.00000000000000 0.00000000000000 0.00000000000000 0.00000000000000 0.00000000000000 0.00000000000000 0.00000000000000 0.00000000000000 0.00000000000000 0.00000000000000 0.00000000000000 0.00000000000000 0.00000000000000 0.00000000000000 0.00000000000000 0.00000000000000 0.00000000000000 0.00000000000000 0.00000000000000 0.00000000000000 0.00000000000000 0.00000000000000 0.00000000000000 0.00000000000000 0.00000000000000 0.00000000000000 0.00000000000000 0.00000000000000 0.00000000000000 0.00000000000000 0.00000000000000 0.00000000000000 0.00000000000000 0.00000000000000 0.00000000000000 0.00000000000000 0.00000000000000
# q_mat_dev:
 0.00000000000000 0.00000000000000 0.00000000000000 0.00000000000000 0.00000000000000 0.00000000000000 0.00000000000000 0.00000000000000 0.00000000000000 0.00000000000000 0.00000000000000 0.00000000000000 0.00000000000000 0.00000000000000 0.00000000000000 0.00000000000000 0.00000000000000 0.00000000000000 0.00000000000000 0.00000000000000 0.00000000000000 0.00000000000000 0.00000000000000 0.00000000000000 0.00000000000000 0.00000000000000 0.00000000000000 0.00000000000000 0.00000000000000 0.00000000000000 0.00000000000000 0.00000000000000 0.00000000000000 0.00000000000000 0.00000000000000 0.00000000000000 0.00000000000000 0.00000000000000 0.00000000000000 0.00000000000000 0.00000000000000 0.00000000000000
# q_lg_dev:
 0.00000000000000 0.00000000000000 0.00000000000000 0.00000000000000 0.00000000000000 0.00000000000000 0.00000000000000 0.00000000000000 0.00000000000000 0.00000000000000 0.00000000000000 0.00000000000000 0.00000000000000 0.00000000000000 0.00000000000000 0.00000000000000 0.00000000000000 0.00000000000000 0.00000000000000 0.00000000000000 0.00000000000000 0.00000000000000 0.00000000000000 0.00000000000000 0.00000000000000 0.00000000000000 0.00000000000000 0.00000000000000 0.00000000000000 0.00000000000000 0.00000000000000 0.00000000000000 0.00000000000000 0.00000000000000 0.00000000000000 0.00000000000000 0.00000000000000 0.00000000000000 0.00000000000000 0.00000000000000 0.00000000000000 0.00000000000000
# log_avg_rec:
20.8185997837
# rec_devs:
 0.149448424308 0.123501392508 0.493867389901 1.24165147138 0.618137082084 0.586414666929 0.241087582717 0.574114829018 1.57701204373 1.91202363296 1.75821046647 0.913972063131 -0.346667620501 -0.463905698417 -0.151580376838 -0.125692394927 -0.281380835458 -0.643948210063 -0.428622148451 0.433242736922 0.500670379114 0.488321662422 0.355852023920 -0.309127984610 -1.12835042260 0.0374107274923 0.937722880793 0.345382365613 0.145511083961 0.167388100365 0.250067461950 0.414592018719 1.89961192056 1.83177078590 1.53707729451 -0.804136158544 -1.83825308498 -2.12816429120 -1.28709197981 -0.643645609568 1.04420238979 0.00000000000
# sigma_m:
 1.00000000000 1.00000000000 1.00000000000
# log_m_mu:
 -1.35304213957 -0.774265492031 -1.03357946089
# prop_rec:
 14.2475924708 2.92523873303
# sigma_q:
 0.100000000000 0.100000000000
# log_f:
0.137366606056
# f_dev:
 -1.26759512175 -1.90892355333 -0.423001493709 0.284588825912 -0.0126088042874 0.0677596501947 -0.224859909271 -0.282804295244 0.702525324826 0.549135019426 1.51074654310 0.814354529597 0.768999025549 0.388100131116 0.451769223416 0.501858568911 0.993882285112 -0.907380444178 -0.964571900044 0.0469571112960 0.201392795606 -0.879193294077 -1.17496077008 -0.517185557914 0.0946981755924 0.338849313924 -0.183858482258 -0.956451701239 -1.79369885656 -0.810021050067 0.0192283359949 0.414318833208 0.650836997235 0.438170878512 -0.130019300037 -0.0186069415730 1.03247496040 1.53201531601 1.78753516888 -1.13445553819
# fish_ret_sel_50:
96.9093095941
# fish_ret_sel_50_post:
102.052586486
# fish_ret_sel_slope:
0.214615420323
# fish_ret_sel_slope_post:
0.297360867262
# fish_tot_sel_offset:
-9.26540200056
# fish_tot_sel_offset_dev:
 -29.2434002722 -22.3937617832 39.8080231710 -29.6975068493 37.7755868411 39.9999620862 -35.2075750633 0.805249187158 -36.4654496769 -27.0313947329 16.9933166732 36.4488321371 -31.2294208147 -1.14625548037 24.2529135485 -39.5829459358 18.4862425519 -31.6215110415 37.8412212667 27.0774208309 -33.4056404960 29.1220519515 39.9944710936 -24.3861344329 28.4427432916 -23.1543661509 39.5388563941 19.5263753771 5.36407790736 11.4475405273 -37.8992038097 -28.1396307284 -22.9214817471 -11.3999857187 39.8869192003 -20.3437952659 9.12544809239 36.9863114754 -23.1261918098 -30.5279117950
# fish_tot_sel_slope:
-1.62410713731
# surv_omega:
0.569238964880
# surv_alpha1:
0.106071951584
# surv_beta1:
111.589702443
# surv_alpha2:
0.179560205116
# surv_beta2:
41.6216118743
