# Number of parameters = 308 Objective function value = 308.524545384798  Maximum gradient component = 0.000882247621453828
# log_n_imm:
 18.5624226298831 19.6727470530910 19.7547037777038 19.9026459456188 19.8713347341663 19.7893764365614 19.4940854134096 19.4072704127866 19.3791920983357 18.8505161561932 18.3241503831333 18.3689149040212 17.8283164014940 16.7965960433615 15.2468307386596 13.2765590311506 11.9710136893500 10.3162498795201 9.60519908031609 8.24085481629812 6.50723946644030
# log_n_mat:
 17.7545496830987 11.5477196362918 15.7576287543232 17.4077209415298 18.3652896699909 18.9527873770840 19.0075194096724 18.8872839001559 18.9274499639800 19.0203397233716 18.8414821745855 18.4289050158127 18.0582053313412 18.2773795100264 18.2089761468043 17.5262711186597 16.6925534616750 15.6785786134216 14.6322963872138 13.3564302259899 12.0372530822317
# nat_m_dev:
 -0.117884382165668 -0.415183948261213 -0.561907948359578 -1.04079621287656 -1.13738606164834 -0.907319259374858 -0.675297471571175 -0.407393946712261 -0.176442893364815 0.0881386503118404 -0.0293254347230369 0.187615611950726 0.135084068273237 0.229344974523212 0.558244340078325 0.685361182926280 0.224043962675406 -0.685281000719108 -0.454617959614679 0.229110085683066 -0.148422976233727 -0.286329699814776 -0.330059714327610 -0.259778957530644 -0.413054468017953 -0.322285326575205 -0.456483637290835 -0.383039082151605 0.328168479581839 0.287206625954673 0.0223333469330116 -0.0227390798771332 0.618747130083270 0.508434180009840 -0.135090453096810 -0.372240118689424 0.525050823469256 1.90222698376893 0.00000000000000 -0.782265458521046 -0.270087415721037 0.261589834195650
# nat_m_mat_dev:
 -0.238183489990076 0.594679558420985 1.32150339937500 -0.547969500431936 -1.28075958195879 -0.941832823748967 -0.275297787092466 -0.118796475333521 0.231653786781822 1.00245440005662 0.0770165155720730 -0.0118917233989979 0.0899231886386844 0.613523662703803 0.540718369168777 0.550956415963175 0.686790794503053 -0.482347847776878 -0.638287765257961 0.343467681711058 0.229455114547143 -0.300272781115293 -0.375182810918466 0.426945064005910 0.625438787307314 0.537188605424170 0.0451627506086552 -0.802005306470143 -0.877895261342438 -0.230556887599359 0.716383582771333 0.131197193601908 0.590647338468965 0.273936992113056 -0.0776515719247182 0.0254028572115090 0.810003983849276 1.24200185450836 0.00000000000000 0.674511921888514 -0.103629607975516 -1.07834782654122
# nat_m_lg_dev:
 0.0185705665685256 -0.393129829290217 -0.181226040207041 0.145684941056887 0.152137766283407 -0.0701966893537229 -0.00191204482849663 0.352832375810800 -0.257260911855983 0.121177998828551 -0.233846351248876 0.0411699673413916 0.0656722505119178 -0.0937068546372582 -0.137575091243838 -0.124676447968312 -0.0972581050883446 -0.411039758417899 -0.138736152155216 0.409520760227927 -0.183891463810111 0.127244047939998 -0.256074247242746 -0.0561497718895223 0.151379853135752 0.0415597672317511 -0.151892310754171 -0.0638960824889339 0.0522807097108655 0.0840966050338021 0.138873547741618 0.0432415194279121 0.116653482607052 -0.256684918356223 0.238751006795795 -0.0556562584112801 0.0274823371423343 1.07888253231346 -0.0445375816620410 0.0637402344558058 -0.180725380052766 -0.0808799792025539
# q_dev:
 0.00000000000000 0.00000000000000 0.00000000000000 0.00000000000000 0.00000000000000 0.00000000000000 0.00000000000000 0.00000000000000 0.00000000000000 0.00000000000000 0.00000000000000 0.00000000000000 0.00000000000000 0.00000000000000 0.00000000000000 0.00000000000000 0.00000000000000 0.00000000000000 0.00000000000000 0.00000000000000 0.00000000000000 0.00000000000000 0.00000000000000 0.00000000000000 0.00000000000000 0.00000000000000 0.00000000000000 0.00000000000000 0.00000000000000 0.00000000000000 0.00000000000000 0.00000000000000 0.00000000000000 0.00000000000000 0.00000000000000 0.00000000000000 0.00000000000000 0.00000000000000 0.00000000000000 0.00000000000000 0.00000000000000 0.00000000000000
# q_mat_dev:
 0.00000000000000 0.00000000000000 0.00000000000000 0.00000000000000 0.00000000000000 0.00000000000000 0.00000000000000 0.00000000000000 0.00000000000000 0.00000000000000 0.00000000000000 0.00000000000000 0.00000000000000 0.00000000000000 0.00000000000000 0.00000000000000 0.00000000000000 0.00000000000000 0.00000000000000 0.00000000000000 0.00000000000000 0.00000000000000 0.00000000000000 0.00000000000000 0.00000000000000 0.00000000000000 0.00000000000000 0.00000000000000 0.00000000000000 0.00000000000000 0.00000000000000 0.00000000000000 0.00000000000000 0.00000000000000 0.00000000000000 0.00000000000000 0.00000000000000 0.00000000000000 0.00000000000000 0.00000000000000 0.00000000000000 0.00000000000000
# q_lg_dev:
 0.00000000000000 0.00000000000000 0.00000000000000 0.00000000000000 0.00000000000000 0.00000000000000 0.00000000000000 0.00000000000000 0.00000000000000 0.00000000000000 0.00000000000000 0.00000000000000 0.00000000000000 0.00000000000000 0.00000000000000 0.00000000000000 0.00000000000000 0.00000000000000 0.00000000000000 0.00000000000000 0.00000000000000 0.00000000000000 0.00000000000000 0.00000000000000 0.00000000000000 0.00000000000000 0.00000000000000 0.00000000000000 0.00000000000000 0.00000000000000 0.00000000000000 0.00000000000000 0.00000000000000 0.00000000000000 0.00000000000000 0.00000000000000 0.00000000000000 0.00000000000000 0.00000000000000 0.00000000000000 0.00000000000000 0.00000000000000
# log_avg_rec:
21.2982811631
# rec_devs:
 -0.330233482810 -0.356180416665 0.0141858571222 0.761970111414 0.138455776803 0.106733280709 -0.238594598284 0.0944344725394 1.09732985398 1.43234195336 1.27852916960 0.434291049813 -0.826347544682 -0.943587076687 -0.631261970396 -0.605374326319 -0.761062431810 -1.12362926950 -0.908303630028 -0.0464386224904 0.0209884881739 0.00864088673098 -0.123829677682 -0.788808799432 -1.60803209307 -0.442271212507 0.458040940371 -0.134299078036 -0.334169859809 -0.312293934359 -0.229613892479 -0.0650902221197 1.41992999167 1.35208892335 1.05739590246 -1.28381146971 -2.31793796513 -2.60784494090 -1.76677407004 -1.12332722693 0.564520945731 0.00000000000
# sigma_m:
 1.00000000000 1.00000000000 1.00000000000
# log_m_mu:
 -1.35304226937 -0.774265443292 -0.720790550630
# prop_rec:
 14.2476033382 2.92524472486
# sigma_q:
 0.100000000000 0.100000000000
# log_f:
0.137367729783
# f_dev:
 -1.26759535095 -1.90892308848 -0.423001817818 0.284588366951 -0.0126092456370 0.0677594420771 -0.224860168236 -0.282804422906 0.702525368100 0.549135368957 1.51074695517 0.814354560829 0.768998908887 0.388099984760 0.451769749507 0.501858612874 0.993882219109 -0.907380289764 -0.964571959865 0.0469571170524 0.201392894664 -0.879193161814 -1.17496054090 -0.517185662502 0.0946979218197 0.338849672134 -0.183858399714 -0.956451653564 -1.79369915240 -0.810021517103 0.0192280033760 0.414319615877 0.650837886633 0.438171126634 -0.130019727008 -0.0186071864271 1.03247526545 1.53201528168 1.78753481990 -1.13445579734
# fish_ret_sel_50:
96.9093101667
# fish_ret_sel_50_post:
102.052585900
# fish_ret_sel_slope:
0.214615449210
# fish_ret_sel_slope_post:
0.297360842126
# fish_tot_sel_offset:
-9.26541038490
# fish_tot_sel_offset_dev:
 26.9157552006 -22.0127493356 -28.3158270406 17.4607836133 16.7468868234 0.653450965752 33.2902654635 16.4124902694 -14.0370777257 36.6284651901 -21.0884294977 -7.95085178474 -29.4342024266 -39.9661961242 21.4448572909 -21.5101908105 -8.49255531561 17.0840125970 32.9687941919 27.2585429728 38.8790404806 3.33544651867 39.6085966767 13.9885410242 -30.0842420755 -28.7440787156 35.5807289875 -38.0130154393 39.9568384693 3.75784248319 38.8744359375 -18.8382464539 -25.0728578281 -5.30809158976 -13.1628593623 39.7707985285 -38.1720194244 -32.3437198001 -38.3097626702 -39.7596002643
# fish_tot_sel_slope:
-1.62410729724
# surv_omega:
0.569238975950
# surv_alpha1:
0.106071940504
# surv_beta1:
111.589700427
# surv_alpha2:
0.179560159812
# surv_beta2:
41.6216096374
