# Number of parameters = 308 Objective function value = 308.524545370782  Maximum gradient component = 0.000303578829402995
# log_n_imm:
 18.5624239816792 19.6727496021060 19.7547032461308 19.9026472151401 19.8713348589445 19.7893763729168 19.4940863988835 19.4072710799152 19.3791924099560 18.8505166616245 18.3241508905713 18.3689149280548 17.8283180097711 16.7965969772064 15.2468326718967 13.2765638327265 11.9710134892977 10.3162793386364 9.60520208124851 8.24090683450757 6.50564448907711
# log_n_mat:
 17.7545531129267 11.5477154517347 15.7576264054766 17.4077205283392 18.3652901806742 18.9527877039661 19.0075190521337 18.8872840156623 18.9274501016900 19.0203390518497 18.8414820579969 18.4289049742515 18.0582049711771 18.2773788806829 18.2089757761450 17.5262712689692 16.6925539156957 15.6785787390948 14.6322963045821 13.3564276096647 12.0372568856653
# nat_m_dev:
 -0.117882981562137 -0.415182154357859 -0.561907748550303 -1.04079651415802 -1.13738651032879 -0.907319709812693 -0.675297753699978 -0.407394694513977 -0.176442610119262 0.0881397305942615 -0.0293259445792797 0.187618312178167 0.135082557083304 0.229345361084159 0.558242371376899 0.685362190134873 0.224042828587402 -0.685280406462426 -0.454618388329060 0.229109820478738 -0.148423456400606 -0.286329115802760 -0.330059535655189 -0.259778737573026 -0.413055434794989 -0.322285308948629 -0.456483742367297 -0.383038987845677 0.328170002456202 0.287206011558402 0.0223328939880902 -0.0227381939118074 0.618745864034025 0.508434999991927 -0.135090891523865 -0.372239908011682 0.525049918247674 1.90222692690790 0.00000000000000 -0.782265627187890 -0.270087338512562 0.261589288860223
# nat_m_mat_dev:
 -0.238183701412364 0.594678047785370 1.32150493724537 -0.547969798173901 -1.28075876656934 -0.941832071958107 -0.275297554806183 -0.118796468443644 0.231653624560601 1.00245398011483 0.0770166106648945 -0.0118914960129449 0.0899239906254804 0.613522846603012 0.540717562171404 0.550957000825817 0.686790665331879 -0.482347803008026 -0.638287769687852 0.343467259090781 0.229455832307625 -0.300273665410000 -0.375182827126994 0.426945839650892 0.625438727065073 0.537188105979993 0.0451629372853354 -0.802005028311771 -0.877895297771020 -0.230556049416801 0.716382675155719 0.131196295109371 0.590648077841837 0.273937557666494 -0.0776514906589695 0.0254020412344035 0.810004152901177 1.24200196949992 0.00000000000000 0.674511728196510 -0.103629938234402 -1.07834795271977
# nat_m_lg_dev:
 -0.0994282955311005 -0.191895644463281 -0.0690328732650677 -0.268053950675313 -0.230706026741299 -0.0287549052761106 0.0537583756766727 0.0817476787485557 -0.459012317993910 0.235308578742835 -0.376425949222952 0.121823242556332 -0.118043878538539 -0.0814550831035614 -0.101473330252702 0.110886083961662 0.0252020374065345 -0.147175219838965 0.294596263192464 -0.0331856443346567 0.326074202214066 0.122620067079986 0.0418902241233386 0.233563339525810 -0.00926616970736655 -0.137977169810965 0.136774527744019 0.0550447556443455 0.0782883084642055 0.295357065258550 0.160890914496863 -0.267984451358795 -0.0237398420207011 -0.0471094691628777 -0.212955638098047 0.112237012592373 0.0376481348987095 -0.0904107216834160 0.338587281904437 -0.209875195995853 0.0552367262101581 0.286426956633564
# q_dev:
 0.00000000000000 0.00000000000000 0.00000000000000 0.00000000000000 0.00000000000000 0.00000000000000 0.00000000000000 0.00000000000000 0.00000000000000 0.00000000000000 0.00000000000000 0.00000000000000 0.00000000000000 0.00000000000000 0.00000000000000 0.00000000000000 0.00000000000000 0.00000000000000 0.00000000000000 0.00000000000000 0.00000000000000 0.00000000000000 0.00000000000000 0.00000000000000 0.00000000000000 0.00000000000000 0.00000000000000 0.00000000000000 0.00000000000000 0.00000000000000 0.00000000000000 0.00000000000000 0.00000000000000 0.00000000000000 0.00000000000000 0.00000000000000 0.00000000000000 0.00000000000000 0.00000000000000 0.00000000000000 0.00000000000000 0.00000000000000
# q_mat_dev:
 0.00000000000000 0.00000000000000 0.00000000000000 0.00000000000000 0.00000000000000 0.00000000000000 0.00000000000000 0.00000000000000 0.00000000000000 0.00000000000000 0.00000000000000 0.00000000000000 0.00000000000000 0.00000000000000 0.00000000000000 0.00000000000000 0.00000000000000 0.00000000000000 0.00000000000000 0.00000000000000 0.00000000000000 0.00000000000000 0.00000000000000 0.00000000000000 0.00000000000000 0.00000000000000 0.00000000000000 0.00000000000000 0.00000000000000 0.00000000000000 0.00000000000000 0.00000000000000 0.00000000000000 0.00000000000000 0.00000000000000 0.00000000000000 0.00000000000000 0.00000000000000 0.00000000000000 0.00000000000000 0.00000000000000 0.00000000000000
# q_lg_dev:
 0.00000000000000 0.00000000000000 0.00000000000000 0.00000000000000 0.00000000000000 0.00000000000000 0.00000000000000 0.00000000000000 0.00000000000000 0.00000000000000 0.00000000000000 0.00000000000000 0.00000000000000 0.00000000000000 0.00000000000000 0.00000000000000 0.00000000000000 0.00000000000000 0.00000000000000 0.00000000000000 0.00000000000000 0.00000000000000 0.00000000000000 0.00000000000000 0.00000000000000 0.00000000000000 0.00000000000000 0.00000000000000 0.00000000000000 0.00000000000000 0.00000000000000 0.00000000000000 0.00000000000000 0.00000000000000 0.00000000000000 0.00000000000000 0.00000000000000 0.00000000000000 0.00000000000000 0.00000000000000 0.00000000000000 0.00000000000000
# log_avg_rec:
20.9173956979
# rec_devs:
 0.0506520414632 0.0247053183781 0.395071492118 1.14285558349 0.519341175915 0.487618865212 0.142291559875 0.475318815439 1.47821604317 1.81322795232 1.65941476176 0.815176256248 -0.445463065610 -0.562700988204 -0.250376996589 -0.224488334918 -0.380176958781 -0.742743944748 -0.527418220082 0.334446999666 0.401874515995 0.389525884213 0.257055997041 -0.407923200063 -1.22714694513 -0.0613853264707 0.838927025092 0.246586228070 0.0467156355313 0.0685914035571 0.151271473024 0.315795595799 1.80081571484 1.73297449232 1.43828141842 -0.902926806400 -1.93705413054 -2.22695883571 -1.38588854022 -0.742441647749 0.945406286158 0.00000000000
# sigma_m:
 1.00000000000 1.00000000000 1.00000000000
# log_m_mu:
 -1.35304211938 -0.774265518422 -1.33955218320
# prop_rec:
 14.2475967404 2.92524261546
# sigma_q:
 0.100000000000 0.100000000000
# log_f:
0.137367107123
# f_dev:
 -1.26759504975 -1.90892386822 -0.423001343232 0.284589761931 -0.0126083686577 0.0677597839533 -0.224859960859 -0.282804399088 0.702525067777 0.549134861562 1.51074630944 0.814354349499 0.768999331879 0.388100044605 0.451769162474 0.501858582296 0.993882277456 -0.907380346635 -0.964572004297 0.0469568401223 0.201392757464 -0.879193373043 -1.17496089085 -0.517185526367 0.0946985556792 0.338849442675 -0.183858730736 -0.956451627958 -1.79369912469 -0.810021357245 0.0192281806269 0.414318806788 0.650837343591 0.438171109659 -0.130019396712 -0.0186071735531 1.03247514840 1.53201535805 1.78753501965 -1.13445555369
# fish_ret_sel_50:
96.9093084626
# fish_ret_sel_50_post:
102.052586675
# fish_ret_sel_slope:
0.214615409548
# fish_ret_sel_slope_post:
0.297360864969
# fish_tot_sel_offset:
-9.26540612688
# fish_tot_sel_offset_dev:
 13.5258064620 31.7289683870 -39.9926369840 -35.8364147197 26.7208868207 -21.1675494056 29.6733003713 34.8192387610 -19.1133242830 5.43642751276 -14.4360260890 37.1520976156 -39.8390902533 -1.25456978544 38.2931807872 36.1263187034 3.10834559966 30.7534256841 8.39956050318 -19.6870436485 -33.4612452064 -38.7410347027 -37.5808049259 -12.0669655694 -31.9997089337 39.5825333274 -9.59350264718 -38.3035189183 -28.4401976606 9.50248260672 24.7257640858 25.7320306867 33.6198725349 39.8992658674 -25.7160230320 -10.9870125619 -39.3239098191 12.4025110514 -11.5021359687 27.8406977460
# fish_tot_sel_slope:
-1.62410716129
# surv_omega:
0.569239001591
# surv_alpha1:
0.106071933711
# surv_beta1:
111.589700906
# surv_alpha2:
0.179560209000
# surv_beta2:
41.6216097581
