# Number of parameters = 308 Objective function value = 308.524545355161  Maximum gradient component = 0.000958184824898466
# log_n_imm:
 18.5624187653666 19.6727510129976 19.7547020090279 19.9026473492589 19.8713342523336 19.7893760702359 19.4940857675485 19.4072694960004 19.3791926216872 18.8505163910170 18.3241492501795 18.3689146597982 17.8283176906450 16.7965977070498 15.2468320766735 13.2765770527970 11.9710070977837 10.3162772472767 9.60520878236599 8.24094379111209 6.50609519379862
# log_n_mat:
 17.7545515260981 11.5477024639172 15.7576276538547 17.4077198160086 18.3652903683177 18.9527877548246 19.0075189399248 18.8872838408477 18.9274495366754 19.0203384810369 18.8414825338708 18.4289049530582 18.0582028876830 18.2773785832596 18.2089759310573 17.5262712416831 16.6925543794842 15.6785790638707 14.6322965126312 13.3564267528838 12.0372527770790
# nat_m_dev:
 -0.117884412495683 -0.415181760571370 -0.561908990497522 -1.04079643662272 -1.13738644137475 -0.907319310159840 -0.675296951208506 -0.407393925817885 -0.176443222408924 0.0881398019921976 -0.0293268179064253 0.187619065309180 0.135081664602689 0.229345240253009 0.558242329342550 0.685362318444028 0.224044282814903 -0.685281363862497 -0.454619039302262 0.229110025896406 -0.148423204529243 -0.286328272830847 -0.330059102001690 -0.259778005080816 -0.413055249355621 -0.322285223075874 -0.456483707958596 -0.383040212751862 0.328168723971856 0.287206705192663 0.0223332565482398 -0.0227396330170063 0.618745456378128 0.508436638547595 -0.135089735554668 -0.372239200937360 0.525048434998046 1.90222687677632 0.00000000000000 -0.782265393347914 -0.270086929330326 0.261589088425731
# nat_m_mat_dev:
 -0.238182622800263 0.594677146331073 1.32150453408457 -0.547970180636246 -1.28075854458357 -0.941832576320094 -0.275297899392029 -0.118796279499959 0.231653961322838 1.00245387912205 0.0770172289113343 -0.0118915934103884 0.0899238035864001 0.613522827699788 0.540717751931415 0.550957294066601 0.686790404810289 -0.482348292804134 -0.638287312888332 0.343467950004717 0.229455205137605 -0.300273905596091 -0.375183060896022 0.426945778369583 0.625438631100469 0.537188383002716 0.0451629357298711 -0.802005274022241 -0.877895133925983 -0.230555757482580 0.716382449872291 0.131196517225529 0.590647231711475 0.273939985627832 -0.0776521583372445 0.0254007686842972 0.810003599171770 1.24200230228119 0.00000000000000 0.674511586920633 -0.103629503349557 -1.07834726487518
# nat_m_lg_dev:
 0.0216732798745095 0.00271049046695585 -0.373597711828288 0.0264463322273056 0.0774581924754484 0.215038585267695 -0.0294686230858670 -0.0180446715645233 0.0198833800086979 0.0276268239991676 0.0280614124531557 0.0189477053974207 0.338126381999189 -0.135578121565824 0.434008463136999 0.0714173437035791 0.0105184160978182 0.0196795525493373 0.0240776407788385 0.0152686497037221 1.33397917851753 -0.299962772259665 -0.303069334023479 -0.0567354780074819 0.0255202328073029 -0.136997715449475 -0.353255069187296 0.420068576963543 0.0278273956160499 -0.344543528824536 0.0170141758033355 0.0419152607845494 -0.0556693218939715 -0.311357053701360 0.638092477165761 -0.351170282185712 -0.339907146931405 0.0565140391007905 0.0208700127634222 -0.346997250965524 -0.137750676659228 -0.338639241528491
# q_dev:
 0.00000000000000 0.00000000000000 0.00000000000000 0.00000000000000 0.00000000000000 0.00000000000000 0.00000000000000 0.00000000000000 0.00000000000000 0.00000000000000 0.00000000000000 0.00000000000000 0.00000000000000 0.00000000000000 0.00000000000000 0.00000000000000 0.00000000000000 0.00000000000000 0.00000000000000 0.00000000000000 0.00000000000000 0.00000000000000 0.00000000000000 0.00000000000000 0.00000000000000 0.00000000000000 0.00000000000000 0.00000000000000 0.00000000000000 0.00000000000000 0.00000000000000 0.00000000000000 0.00000000000000 0.00000000000000 0.00000000000000 0.00000000000000 0.00000000000000 0.00000000000000 0.00000000000000 0.00000000000000 0.00000000000000 0.00000000000000
# q_mat_dev:
 0.00000000000000 0.00000000000000 0.00000000000000 0.00000000000000 0.00000000000000 0.00000000000000 0.00000000000000 0.00000000000000 0.00000000000000 0.00000000000000 0.00000000000000 0.00000000000000 0.00000000000000 0.00000000000000 0.00000000000000 0.00000000000000 0.00000000000000 0.00000000000000 0.00000000000000 0.00000000000000 0.00000000000000 0.00000000000000 0.00000000000000 0.00000000000000 0.00000000000000 0.00000000000000 0.00000000000000 0.00000000000000 0.00000000000000 0.00000000000000 0.00000000000000 0.00000000000000 0.00000000000000 0.00000000000000 0.00000000000000 0.00000000000000 0.00000000000000 0.00000000000000 0.00000000000000 0.00000000000000 0.00000000000000 0.00000000000000
# q_lg_dev:
 0.00000000000000 0.00000000000000 0.00000000000000 0.00000000000000 0.00000000000000 0.00000000000000 0.00000000000000 0.00000000000000 0.00000000000000 0.00000000000000 0.00000000000000 0.00000000000000 0.00000000000000 0.00000000000000 0.00000000000000 0.00000000000000 0.00000000000000 0.00000000000000 0.00000000000000 0.00000000000000 0.00000000000000 0.00000000000000 0.00000000000000 0.00000000000000 0.00000000000000 0.00000000000000 0.00000000000000 0.00000000000000 0.00000000000000 0.00000000000000 0.00000000000000 0.00000000000000 0.00000000000000 0.00000000000000 0.00000000000000 0.00000000000000 0.00000000000000 0.00000000000000 0.00000000000000 0.00000000000000 0.00000000000000 0.00000000000000
# log_avg_rec:
20.8346114927
# rec_devs:
 0.133436596039 0.107489354106 0.477855792930 1.22563984655 0.602125830987 0.570402776309 0.225076378357 0.558102900723 1.56100015369 1.89601213186 1.74219920567 0.897960499431 -0.362677840381 -0.479917765869 -0.167591793987 -0.141704094241 -0.297392218845 -0.659959675592 -0.444633958359 0.417231367371 0.484659011710 0.472310086264 0.339840518070 -0.325139485620 -1.14436177827 0.0213983715851 0.921711131195 0.329370742798 0.129499092928 0.151375645829 0.234056061507 0.398579518111 1.88360023583 1.81575872732 1.52106509077 -0.820144357928 -1.85426965882 -2.14417539786 -1.30310456262 -0.659657327005 1.02819029004 0.00000000000
# sigma_m:
 1.00000000000 1.00000000000 1.00000000000
# log_m_mu:
 -1.35304214021 -0.774265460962 -1.30664901809
# prop_rec:
 14.2476028441 2.92524384824
# sigma_q:
 0.100000000000 0.100000000000
# log_f:
0.137366547962
# f_dev:
 -1.26759464494 -1.90892368774 -0.423001582131 0.284588883171 -0.0126089389192 0.0677595530572 -0.224859938764 -0.282804339956 0.702525219029 0.549134866951 1.51074624595 0.814354576642 0.768999364174 0.388100114827 0.451769219182 0.501858783425 0.993882105474 -0.907380612879 -0.964572043709 0.0469571843548 0.201392975774 -0.879193348895 -1.17496092095 -0.517185724549 0.0946982317610 0.338849383330 -0.183858506882 -0.956451488821 -1.79369886108 -0.810021008983 0.0192283031926 0.414318810519 0.650836915367 0.438170964774 -0.130019005586 -0.0186071438033 1.03247476709 1.53201546865 1.78753548701 -1.13445562513
# fish_ret_sel_50:
96.9093090225
# fish_ret_sel_50_post:
102.052586015
# fish_ret_sel_slope:
0.214615427063
# fish_ret_sel_slope_post:
0.297360837776
# fish_tot_sel_offset:
-9.26540187596
# fish_tot_sel_offset_dev:
 24.0450576481 -20.3501402221 7.15598996436 23.1528169716 13.4093813018 -36.2696248195 -22.2012312818 24.3776432905 -19.9822875166 -38.2279501009 -39.8746021817 39.1249080936 -36.9345012965 28.2308081818 -14.7160688705 5.53076208948 27.1516968071 14.2435255580 12.3306854592 -32.5692441039 -1.18293051720 21.6055973457 -34.2846052608 2.65372418422 -6.16773988421 11.6984005818 28.2091656202 -23.7596813720 39.8073059233 17.8293103569 36.2236260040 16.0389113060 23.3802743145 -22.2675635635 -5.11733240523 -39.9344849001 -39.5658981064 36.5279818731 -38.4849995249 19.1633130528
# fish_tot_sel_slope:
-1.62410710873
# surv_omega:
0.569238998632
# surv_alpha1:
0.106071943150
# surv_beta1:
111.589704883
# surv_alpha2:
0.179560192833
# surv_beta2:
41.6216102135
