# Number of parameters = 308 Objective function value = 308.524545361261  Maximum gradient component = 0.000739577693829086
# log_n_imm:
 18.5624166436157 19.6727506226331 19.7547023306540 19.9026471133806 19.8713346934522 19.7893759940439 19.4940856069587 19.4072709526389 19.3791921847577 18.8505160642813 18.3241501412785 18.3689126877750 17.8283180683953 16.7965979570784 15.2468342660479 13.2765643189060 11.9709773177624 10.3162957868073 9.60524633476655 8.24122387096132 6.51544762196013
# log_n_mat:
 17.7545498940998 11.5477160409410 15.7576272493158 17.4077213179857 18.3652906885282 18.9527880653068 19.0075194586845 18.8872827982800 18.9274499209774 19.0203396519640 18.8414814955488 18.4289052941527 18.0582058284453 18.2773789346552 18.2089762573632 17.5262719694529 16.6925546178310 15.6785790417892 14.6323036446694 13.3564268983592 12.0372339536619
# nat_m_dev:
 -0.117886690741595 -0.415179017150618 -0.561907601337209 -1.04079675863915 -1.13738659529922 -0.907319911781626 -0.675297932406778 -0.407393721684940 -0.176442287756336 0.0881399714990461 -0.0293265533489970 0.187617511511194 0.135082108878042 0.229345229148325 0.558241878304165 0.685363257769394 0.224043093586424 -0.685280403142140 -0.454618813575033 0.229108816672269 -0.148423073406844 -0.286329351594764 -0.330059912438315 -0.259778938541736 -0.413055058711616 -0.322285100628361 -0.456483715157311 -0.383038516603614 0.328171277965701 0.287204723897716 0.0223339207792450 -0.0227381120503414 0.618745154121697 0.508436760304750 -0.135091173876421 -0.372240479958243 0.525050382685300 1.90222670159001 0.00000000000000 -0.782265565316826 -0.270087856633257 0.261589729344641
# nat_m_mat_dev:
 -0.238184349096130 0.594680011255402 1.32150432348365 -0.547970315283944 -1.28075888347277 -0.941831463335746 -0.275296368853428 -0.118796525330386 0.231653348206256 1.00245376726630 0.0770166778169138 -0.0118922608428970 0.0899239015067362 0.613523568612836 0.540716670435634 0.550958185154809 0.686790040915784 -0.482348634907854 -0.638288354420452 0.343468241731678 0.229455672613036 -0.300273845107379 -0.375182945694685 0.426944858333585 0.625439452465446 0.537188312328983 0.0451624190965753 -0.802004959222562 -0.877895151344129 -0.230555648393136 0.716383225449963 0.131196184713768 0.590647137604183 0.273938155043198 -0.0776507608491456 0.0254018260072831 0.810003001581155 1.24200245247936 0.00000000000000 0.674511753903179 -0.103630025130483 -1.07834790308289
# nat_m_lg_dev:
 -1.64056906942147 0.549872148281269 3.64319678404273 0.414090464840441 0.743650848622280 -1.40233329234738 -1.28757201191769 -0.636908988248926 -2.15622745015404 -0.284930912027374 -3.59571224265905 -1.71010673837327 -1.06217145051267 0.115641491358303 0.841822693516113 1.70192629771948 -1.35500571441294 2.02875286590683 -1.02937384292965 3.57931553141485 -3.52677187493948 -3.79730727005726 -3.24645494827450 -0.850233590971951 -0.0471992802431030 0.733926654331919 2.59853076471610 -1.37524674627879 0.773837095435684 -0.208992252341219 0.994185075265864 -1.38518845149547 0.235132668223660 -1.33255801070124 1.91665527080229 0.448912158474001 3.99929688794954 1.30167959199540 0.467597084861527 3.79818065400028 0.782852004962843 0.261809101586085
# q_dev:
 0.00000000000000 0.00000000000000 0.00000000000000 0.00000000000000 0.00000000000000 0.00000000000000 0.00000000000000 0.00000000000000 0.00000000000000 0.00000000000000 0.00000000000000 0.00000000000000 0.00000000000000 0.00000000000000 0.00000000000000 0.00000000000000 0.00000000000000 0.00000000000000 0.00000000000000 0.00000000000000 0.00000000000000 0.00000000000000 0.00000000000000 0.00000000000000 0.00000000000000 0.00000000000000 0.00000000000000 0.00000000000000 0.00000000000000 0.00000000000000 0.00000000000000 0.00000000000000 0.00000000000000 0.00000000000000 0.00000000000000 0.00000000000000 0.00000000000000 0.00000000000000 0.00000000000000 0.00000000000000 0.00000000000000 0.00000000000000
# q_mat_dev:
 0.00000000000000 0.00000000000000 0.00000000000000 0.00000000000000 0.00000000000000 0.00000000000000 0.00000000000000 0.00000000000000 0.00000000000000 0.00000000000000 0.00000000000000 0.00000000000000 0.00000000000000 0.00000000000000 0.00000000000000 0.00000000000000 0.00000000000000 0.00000000000000 0.00000000000000 0.00000000000000 0.00000000000000 0.00000000000000 0.00000000000000 0.00000000000000 0.00000000000000 0.00000000000000 0.00000000000000 0.00000000000000 0.00000000000000 0.00000000000000 0.00000000000000 0.00000000000000 0.00000000000000 0.00000000000000 0.00000000000000 0.00000000000000 0.00000000000000 0.00000000000000 0.00000000000000 0.00000000000000 0.00000000000000 0.00000000000000
# q_lg_dev:
 0.00000000000000 0.00000000000000 0.00000000000000 0.00000000000000 0.00000000000000 0.00000000000000 0.00000000000000 0.00000000000000 0.00000000000000 0.00000000000000 0.00000000000000 0.00000000000000 0.00000000000000 0.00000000000000 0.00000000000000 0.00000000000000 0.00000000000000 0.00000000000000 0.00000000000000 0.00000000000000 0.00000000000000 0.00000000000000 0.00000000000000 0.00000000000000 0.00000000000000 0.00000000000000 0.00000000000000 0.00000000000000 0.00000000000000 0.00000000000000 0.00000000000000 0.00000000000000 0.00000000000000 0.00000000000000 0.00000000000000 0.00000000000000 0.00000000000000 0.00000000000000 0.00000000000000 0.00000000000000 0.00000000000000 0.00000000000000
# log_avg_rec:
21.1526930826
# rec_devs:
 -0.184644663988 -0.210591801916 0.159774261974 0.907558214397 0.284043634884 0.252321590094 -0.0930056873857 0.240021644349 1.24291863268 1.57793059453 1.42411741799 0.579879020473 -0.680759431328 -0.797999221793 -0.485673550029 -0.459785766720 -0.615474656644 -0.978040910093 -0.762715746208 0.0991495768133 0.166577339098 0.154227994768 0.0217591270298 -0.643222157075 -1.46244234076 -0.296683225464 0.603629837414 0.0112903989086 -0.188582058334 -0.166705569292 -0.0840261932393 0.0804978041078 1.56551879802 1.49767725144 1.20298390591 -1.13822610390 -2.17234866301 -2.46225663683 -1.62118602083 -0.977738753718 0.710108770657 0.00000000000
# sigma_m:
 1.00000000000 1.00000000000 1.00000000000
# log_m_mu:
 -1.35304200821 -0.774265540128 -1.24225311815
# prop_rec:
 14.2475970879 2.92524382220
# sigma_q:
 0.100000000000 0.100000000000
# log_f:
0.137367033058
# f_dev:
 -1.26759574228 -1.90892343790 -0.423001274267 0.284589145706 -0.0126087420144 0.0677598043712 -0.224859544083 -0.282804347188 0.702525313307 0.549134927771 1.51074674551 0.814354652942 0.768999069517 0.388100087692 0.451769098480 0.501858484695 0.993882472427 -0.907380303887 -0.964572207167 0.0469570276543 0.201393066590 -0.879193209403 -1.17496088444 -0.517185962268 0.0946981293044 0.338849421335 -0.183858716577 -0.956451777293 -1.79369909722 -0.810020996891 0.0192285860327 0.414319414913 0.650837059105 0.438170710659 -0.130019284311 -0.0186068875124 1.03247463335 1.53201515936 1.78753513090 -1.13445572692
# fish_ret_sel_50:
96.9093087583
# fish_ret_sel_50_post:
102.052586690
# fish_ret_sel_slope:
0.214615406989
# fish_ret_sel_slope_post:
0.297360871508
# fish_tot_sel_offset:
-9.26540497399
# fish_tot_sel_offset_dev:
 29.2306046449 -4.21674785739 6.12099320772 -39.8228424743 24.3073392479 -39.0843510310 14.3437906446 6.15947045195 -2.01466248733 -30.1952730006 39.9257551067 -12.1843460663 -36.0441121384 -18.2032495901 -22.5962389988 1.05839425317 -24.9578794065 25.5701318807 -23.0281167883 17.9339407099 7.81163559208 -15.3741866039 -0.247819329625 -28.9240586267 -7.60649677016 34.9909235009 36.2525339700 11.7934575251 34.0693278132 2.72491749408 -6.03304505650 -3.69682262358 -34.1280180305 5.40120667791 -13.0042220102 6.58443516027 19.5519762019 35.3337445703 29.3622901031 -27.1643798666
# fish_tot_sel_slope:
-1.62410716176
# surv_omega:
0.569239001133
# surv_alpha1:
0.106071948875
# surv_beta1:
111.589700554
# surv_alpha2:
0.179560196528
# surv_beta2:
41.6216106970
