ParName   Value   Gradient
log_n_imm(1)      15.2559     -3.25537
log_n_imm(2)      1.01217    0.0235874
log_n_imm(3)      19.2203     -212.988
log_n_imm(4)      19.4455     -66.6729
log_n_imm(5)      19.9237      59.5766
log_n_imm(6)      20.4109      322.365
log_n_imm(7)      18.6347     -90.2934
log_n_imm(8)      12.0219     -66.6405
log_n_imm(9)      19.7858      87.0437
log_n_imm(10)      18.2337     -29.5574
log_n_imm(11)      18.3619       1.3924
log_n_imm(12)      18.0713       25.333
log_n_imm(13)       16.723     -14.1172
log_n_imm(14)      16.0956      2.60602
log_n_imm(15)      14.4313     -2.57076
log_n_imm(16)      14.2313      3.41289
log_n_imm(17)        12.87     -5.06079
log_n_imm(18)      11.3731     0.555404
log_n_imm(19)      9.86534     0.114267
log_n_imm(20)      9.06263    0.0859681
log_n_imm(21)      6.00018   0.00447167
log_n_mat(1)       16.202    -0.513094
log_n_mat(2)       13.281     0.291233
log_n_mat(3)      15.9032      3.04388
log_n_mat(4)      16.7805      -6.4003
log_n_mat(5)      18.0082     -4.45622
log_n_mat(6)      16.7161     -60.4322
log_n_mat(7)      17.7151     -54.5525
log_n_mat(8)       16.244     -57.3562
log_n_mat(9)      19.1833      73.4998
log_n_mat(10)      19.1024      26.0551
log_n_mat(11)      18.8631     -5.98511
log_n_mat(12)        18.76      39.3301
log_n_mat(13)      18.2744       44.863
log_n_mat(14)      18.0407      27.7293
log_n_mat(15)      17.2079     -39.5658
log_n_mat(16)      16.3598       1.1353
log_n_mat(17)      14.6202     -33.2279
log_n_mat(18)      14.9173      15.6864
log_n_mat(19)      13.9205      5.83446
log_n_mat(20)      13.1297      4.57373
log_n_mat(21)      13.0034      6.33623
nat_m_dev(1982)     0.324265        86.61
nat_m_dev(1983)     0.033901      94.4723
nat_m_dev(1984)   -0.0219012      92.6314
nat_m_dev(1985)    -0.929425      68.1569
nat_m_dev(1986)    -0.852168      58.8766
nat_m_dev(1987)     -0.64989      53.7261
nat_m_dev(1988)    -0.501344      47.4584
nat_m_dev(1989)    -0.195403      39.2533
nat_m_dev(1990)   -0.0495931      25.9442
nat_m_dev(1991)      0.23092      8.99646
nat_m_dev(1992)    0.0828086      46.9413
nat_m_dev(1993)     0.222357      56.5208
nat_m_dev(1994)     0.234495      44.3542
nat_m_dev(1995)    0.0205501      49.1178
nat_m_dev(1996)     0.401812      19.4209
nat_m_dev(1997)     0.333372     0.862169
nat_m_dev(1998)     0.208901      30.2088
nat_m_dev(1999)    -0.599878      66.6635
nat_m_dev(2000)    -0.167132      70.2761
nat_m_dev(2001)     0.285597      52.9537
nat_m_dev(2002)    -0.146152      56.3922
nat_m_dev(2003)    -0.337004      62.4634
nat_m_dev(2004)    -0.428387      57.2709
nat_m_dev(2005)    -0.125375      49.0923
nat_m_dev(2006)    -0.325928      56.3365
nat_m_dev(2007)    -0.152462      58.3772
nat_m_dev(2008)    -0.358719      60.0537
nat_m_dev(2009)    -0.328487      53.0057
nat_m_dev(2010)    0.0881964      34.5108
nat_m_dev(2011)      0.17799      32.6032
nat_m_dev(2012)     0.251942      37.4573
nat_m_dev(2013)    -0.116488      53.2269
nat_m_dev(2014)     0.573692      34.5999
nat_m_dev(2015)     0.838675      12.4687
nat_m_dev(2016)    0.0237538      46.2332
nat_m_dev(2017)    -0.239047      49.9296
nat_m_dev(2018)     0.307822      19.2838
nat_m_dev(2019)      1.63202     -94.9355
nat_m_dev(2020)            0      75.0298
nat_m_dev(2021)    -0.530956      76.7767
nat_m_dev(2022)  -0.00223738      79.7865
nat_m_dev(2023)     0.458716       77.627
nat_m_mat_dev(1982)   0.00142968     -11.6865
nat_m_mat_dev(1983)     0.840371      -12.434
nat_m_mat_dev(1984)      1.67998     -19.5236
nat_m_mat_dev(1985)    -0.459278     -16.4769
nat_m_mat_dev(1986)     -1.36791      -14.556
nat_m_mat_dev(1987)   0.00308864     0.210293
nat_m_mat_dev(1988)     0.955872      15.1844
nat_m_mat_dev(1989)     0.509481     -11.7721
nat_m_mat_dev(1990)     0.493964     -42.9363
nat_m_mat_dev(1991)     0.676584     -75.1789
nat_m_mat_dev(1992)    -0.307118     -37.8878
nat_m_mat_dev(1993)     -0.32535      -36.537
nat_m_mat_dev(1994)    0.0756885      -47.152
nat_m_mat_dev(1995)      0.78503     -94.7908
nat_m_mat_dev(1996)     0.461057     -64.6693
nat_m_mat_dev(1997)    -0.158392     -59.1631
nat_m_mat_dev(1998)     -1.52942     -39.7666
nat_m_mat_dev(1999)    -0.858471     -55.2303
nat_m_mat_dev(2000)      -1.0066     -43.5906
nat_m_mat_dev(2001)    -0.298042     -66.6982
nat_m_mat_dev(2002)    0.0874509     -74.1457
nat_m_mat_dev(2003)    -0.347491     -43.0324
nat_m_mat_dev(2004)    -0.421105     -30.1255
nat_m_mat_dev(2005)     0.225041     -42.2314
nat_m_mat_dev(2006)     0.681825     -65.8393
nat_m_mat_dev(2007)     0.454385      -50.019
nat_m_mat_dev(2008)    -0.275706     -36.1426
nat_m_mat_dev(2009)    -0.889588     -27.6809
nat_m_mat_dev(2010)    -0.866027     -28.4305
nat_m_mat_dev(2011)    -0.419781     -41.4317
nat_m_mat_dev(2012)     0.296765      -82.992
nat_m_mat_dev(2013)    0.0574846     -63.9139
nat_m_mat_dev(2014)     0.570605     -84.9178
nat_m_mat_dev(2015)     0.148236     -53.0086
nat_m_mat_dev(2016)    -0.147555     -33.1528
nat_m_mat_dev(2017)   -0.0393306      -36.066
nat_m_mat_dev(2018)     0.615032      -72.301
nat_m_mat_dev(2019)     0.971583     -120.182
nat_m_mat_dev(2020)            0     -3.87851
nat_m_mat_dev(2021)     0.816769     -58.8102
nat_m_mat_dev(2022)   -0.0116551     -12.7716
nat_m_mat_dev(2023)     -1.39946      -12.192
nat_m_lg_dev(1982)     0.145318       17.167
nat_m_lg_dev(1983)    0.0505402      17.1776
nat_m_lg_dev(1984)    0.0661872      17.1765
nat_m_lg_dev(1985)    -0.145914      17.1687
nat_m_lg_dev(1986)    -0.294653      17.1344
nat_m_lg_dev(1987)     0.167148      17.1632
nat_m_lg_dev(1988)    -0.239761      17.1498
nat_m_lg_dev(1989)     0.288089      17.1328
nat_m_lg_dev(1990)     0.139709      17.1679
nat_m_lg_dev(1991)     0.123835      17.1702
nat_m_lg_dev(1992)     0.205358      17.1553
nat_m_lg_dev(1993)    -0.110113      17.1734
nat_m_lg_dev(1994)    -0.275707      17.1401
nat_m_lg_dev(1995)   -0.0135656      17.1792
nat_m_lg_dev(1996)   -0.0613096      17.1776
nat_m_lg_dev(1997)     0.240467      17.1467
nat_m_lg_dev(1998)    0.0652118      17.1766
nat_m_lg_dev(1999)    -0.509252      17.0426
nat_m_lg_dev(2000)   -0.0953022      17.1749
nat_m_lg_dev(2001)    -0.031486      17.1789
nat_m_lg_dev(2002)  -0.00310746      17.1793
nat_m_lg_dev(2003)    -0.115032      17.1728
nat_m_lg_dev(2004)    0.0429385       17.178
nat_m_lg_dev(2005)    -0.239476      17.1499
nat_m_lg_dev(2006)   -0.0259165       17.179
nat_m_lg_dev(2007)     0.201387      17.1562
nat_m_lg_dev(2008)     0.218391      17.1523
nat_m_lg_dev(2009)    -0.103857      17.1741
nat_m_lg_dev(2010)     0.144579      17.1671
nat_m_lg_dev(2011)     0.165932      17.1634
nat_m_lg_dev(2012)     0.189164      17.1588
nat_m_lg_dev(2013)    0.0549289      17.1773
nat_m_lg_dev(2014)    0.0281476      17.1786
nat_m_lg_dev(2015)     0.130743      17.1693
nat_m_lg_dev(2016)     0.143724      17.1673
nat_m_lg_dev(2017)  -0.00368018      17.1793
nat_m_lg_dev(2018)    -0.250872       17.147
nat_m_lg_dev(2019)     0.164588      17.1637
nat_m_lg_dev(2020)    -0.214458      17.1559
nat_m_lg_dev(2021)    -0.250228      17.1471
nat_m_lg_dev(2022)    0.0778488      17.1755
nat_m_lg_dev(2023)   -0.0705438       17.177
log_avg_rec      20.2186         8990
rec_devs(1982)     0.238623      396.235
rec_devs(1983)     0.371294      596.456
rec_devs(1984)     0.953537       775.91
rec_devs(1985)      2.25824       1374.1
rec_devs(1986)     0.644262       636.06
rec_devs(1987)      1.08371       704.75
rec_devs(1988)     0.350053      642.435
rec_devs(1989)     0.686594      703.409
rec_devs(1990)       2.2791      1167.19
rec_devs(1991)   -0.0891535      465.872
rec_devs(1992)     0.992045      301.411
rec_devs(1993)     0.871838      873.145
rec_devs(1994)    -0.493016      706.186
rec_devs(1995)     -1.19426      634.498
rec_devs(1996)     0.020638      907.669
rec_devs(1997)    -0.317185      734.858
rec_devs(1998)    -0.899791      507.562
rec_devs(1999)    -0.881432      536.073
rec_devs(2000)    -0.536401      652.314
rec_devs(2001)       1.1128      983.983
rec_devs(2002)     -3.13314      530.502
rec_devs(2003)     0.964137      795.542
rec_devs(2004)     0.503562      793.684
rec_devs(2005)    0.0493082      659.271
rec_devs(2006)    -0.436801      655.618
rec_devs(2007)    -0.471559      601.428
rec_devs(2008)     0.961223      872.906
rec_devs(2009)     0.982913      927.977
rec_devs(2010)    -0.356299      638.567
rec_devs(2011)     0.122402      635.395
rec_devs(2012)     0.274202      663.685
rec_devs(2013)     0.214203      660.428
rec_devs(2014)      1.66963      794.356
rec_devs(2015)      2.00095      789.788
rec_devs(2016)      -5.4171      494.297
rec_devs(2017)      1.00042      845.361
rec_devs(2018)      -2.0543      606.971
rec_devs(2019)     -1.75757      601.723
rec_devs(2020)     -1.94488        541.2
rec_devs(2021)    -0.905991      553.209
rec_devs(2022)     0.179831      563.509
rec_devs(2023)            0      590.791
log_m_mu(1)     -1.73672      -1487.7
log_m_mu(2)    -0.839157     -1465.77
log_m_mu(3)     -1.07049 -6.92166e-09
prop_rec(1)      23.5329      26.8099
prop_rec(2)         18.3      73.7153
log_f      2.30682      1048.96
f_dev(1)     -1.54393     -6.71926
f_dev(2)     -2.57391      8.02025
f_dev(3)    -0.183523       25.649
f_dev(4)     0.913591    -0.508231
f_dev(5)      1.34636      17.2298
f_dev(6)      1.10638      31.3767
f_dev(7)     0.797982      39.3647
f_dev(8)    -0.223306      21.2507
f_dev(9)      1.05967       13.928
f_dev(10)     0.218518     -12.9184
f_dev(11)      1.58977     -14.4305
f_dev(12)     0.627158     -8.28533
f_dev(13)      1.04796       17.285
f_dev(14)     0.734576      13.6254
f_dev(15)     0.973016      -8.4144
f_dev(16)     0.541929     -7.11622
f_dev(17)     0.473759     -28.1425
f_dev(18)     -1.41401      42.0566
f_dev(19)     -1.91573      24.3791
f_dev(20)    -0.205952        35.04
f_dev(21)     0.252581      19.1216
f_dev(22)     -0.88367      25.4381
f_dev(23)     -1.26736      20.6927
f_dev(24)    -0.608058      31.2434
f_dev(25)    0.0396711      27.8976
f_dev(26)     0.612072      12.4924
f_dev(27)    -0.318833      2.58676
f_dev(28)     -1.38137      13.9136
f_dev(29)     -2.86119      14.7241
f_dev(30)     -1.93508      1.46113
f_dev(31)    -0.147706      25.2229
f_dev(32)     0.869358       18.268
f_dev(33)     0.745565      11.1517
f_dev(34)     0.675792       14.117
f_dev(35)    -0.335591      14.2632
f_dev(36)    -0.254423     -3.07232
f_dev(37)      1.28518      14.7675
f_dev(38)      1.86125      23.6518
f_dev(39)      2.38879    -0.171641
f_dev(40)      -2.1073      2.48458
fish_ret_sel_50      101.377     -1346.59
fish_ret_sel_50_post      102.217     -127.997
fish_ret_sel_slope      0.27586       486.85
fish_ret_sel_slope_post     0.259921     -418.315
fish_tot_sel_offset     -8.71295      269.078
fish_tot_sel_offset_dev(1)      4.49212       -12546
fish_tot_sel_offset_dev(2)       5.2441     -12519.4
fish_tot_sel_offset_dev(3)     -1.75559     -12593.8
fish_tot_sel_offset_dev(4)     -1.17063     -12602.4
fish_tot_sel_offset_dev(5)     -1.06556     -12603.6
fish_tot_sel_offset_dev(6)     -1.89137     -12591.4
fish_tot_sel_offset_dev(7)     -1.37648     -12599.7
fish_tot_sel_offset_dev(8)     -1.33647     -12600.2
fish_tot_sel_offset_dev(9)     -1.50586     -12597.8
fish_tot_sel_offset_dev(10)       1.2128     -12609.5
fish_tot_sel_offset_dev(11)    -0.996848     -12604.4
fish_tot_sel_offset_dev(12)     -1.21908     -12601.8
fish_tot_sel_offset_dev(13)      1.39278     -12608.3
fish_tot_sel_offset_dev(14)     -1.74314       -12594
fish_tot_sel_offset_dev(15)    -0.453026     -12609.2
fish_tot_sel_offset_dev(16)    0.0898752     -12611.7
fish_tot_sel_offset_dev(17)     -1.85563       -12592
fish_tot_sel_offset_dev(18)     -1.11956       -12603
fish_tot_sel_offset_dev(19)      2.36557     -12596.9
fish_tot_sel_offset_dev(20)    -0.700664     -12607.3
fish_tot_sel_offset_dev(21)      3.04613     -12584.5
fish_tot_sel_offset_dev(22)      -1.4199       -12599
fish_tot_sel_offset_dev(23)    -0.888146     -12605.6
fish_tot_sel_offset_dev(24)       3.4285       -12576
fish_tot_sel_offset_dev(25)    -0.753962     -12606.9
fish_tot_sel_offset_dev(26)    -0.224692     -12610.6
fish_tot_sel_offset_dev(27)       3.3294     -12578.3
fish_tot_sel_offset_dev(28)    -0.392144     -12609.6
fish_tot_sel_offset_dev(29)    -0.396598     -12609.6
fish_tot_sel_offset_dev(30)    -0.752608     -12606.9
fish_tot_sel_offset_dev(31)     0.769633     -12611.6
fish_tot_sel_offset_dev(32)     -1.17081     -12602.4
fish_tot_sel_offset_dev(33)     -1.84603     -12592.2
fish_tot_sel_offset_dev(34)    -0.996543     -12604.4
fish_tot_sel_offset_dev(35)    -0.997306     -12604.4
fish_tot_sel_offset_dev(36)     0.477668     -12612.1
fish_tot_sel_offset_dev(37)     0.870318     -12611.3
fish_tot_sel_offset_dev(38)     -1.64676     -12595.6
fish_tot_sel_offset_dev(39)    -0.367873     -12609.8
fish_tot_sel_offset_dev(40)       3.3244     -12578.4
fish_tot_sel_slope      -1.4429     -1810.27
surv_omega     0.458754     -148.988
surv_alpha1      9.25625          nan
surv_beta1      109.977          nan
surv_alpha2    0.0887155      508.929
surv_beta2      29.8124      -100.17
