# Number of parameters = 308 Objective function value = 755.118870686407  Maximum gradient component = 12756.2840120865
# log_n_imm:
 15.2559100658658 1.01217429857667 19.2203464015990 19.4454967063866 19.9237362962466 20.4108934016985 18.6347355881300 12.0218783748623 19.7858316857688 18.2337362722664 18.3619479128152 18.0712652188660 16.7230416297656 16.0956230026974 14.4312697415208 14.2312983409709 12.8700247991776 11.3731487352791 9.86533827998471 9.06263429457114 6.00018217964800
# log_n_mat:
 16.2019878957957 13.2809503789872 15.9031730804535 16.7804781044086 18.0081938035284 16.7161439688449 17.7150718937321 16.2439865289155 19.1832963490645 19.1023741568890 18.8630901159045 18.7599535620807 18.2743708073020 18.0406595570441 17.2078922121079 16.3597975752480 14.6201591028784 14.9173066450592 13.9205290067335 13.1296722940395 13.0034204049602
# nat_m_dev:
 0.324265021245641 0.0339010058187676 -0.0219011596588835 -0.929424624610644 -0.852167996934720 -0.649890355417267 -0.501344467123176 -0.195403113197034 -0.0495931169187610 0.230920256160380 0.0828086362659854 0.222357192112333 0.234495380464448 0.0205500770376702 0.401811698144924 0.333371865188223 0.208901350958700 -0.599878421454004 -0.167131519054871 0.285597017017047 -0.146152486375575 -0.337004001632397 -0.428386533791153 -0.125374742945925 -0.325928257043213 -0.152461771548619 -0.358719456991313 -0.328487437303445 0.0881964052580588 0.177989665277509 0.251941933471962 -0.116488023624464 0.573692469849228 0.838674542922198 0.0237538076025260 -0.239046564271601 0.307821932103645 1.63202233644982 0.00000000000000 -0.530955632995136 -0.00223738393733382 0.458715977753978
# nat_m_mat_dev:
 0.00142968152123898 0.840371205854818 1.67997879819823 -0.459277658190180 -1.36791411257850 0.00308863673420987 0.955872393594676 0.509481041134494 0.493963807929361 0.676583582300373 -0.307118155398078 -0.325350047648688 0.0756885004808204 0.785030042033782 0.461056738107074 -0.158391911032278 -1.52941559062930 -0.858471003108974 -1.00660300662217 -0.298042431128825 0.0874509295224751 -0.347491097451727 -0.421105068375263 0.225041121932384 0.681824748321752 0.454384767639837 -0.275706336608545 -0.889587775897215 -0.866027258927068 -0.419781120643077 0.296765477559684 0.0574846447104328 0.570605283316156 0.148235968722692 -0.147555121765132 -0.0393305769936089 0.615032356827574 0.971582803955969 0.00000000000000 0.816768715364844 -0.0116550894766133 -1.39945729310133
# nat_m_lg_dev:
 0.145318135841459 0.0505402037463727 0.0661871874333937 -0.145914296852196 -0.294653358231342 0.167148146920078 -0.239761139737401 0.288088536440786 0.139709370992877 0.123834665312501 0.205358461445162 -0.110113362032353 -0.275706586579884 -0.0135656234689947 -0.0613095528228731 0.240467325764951 0.0652118288566775 -0.509251652664026 -0.0953022238529370 -0.0314860169036828 -0.00310745580879044 -0.115031878259325 0.0429384871056569 -0.239476333643074 -0.0259164982794082 0.201386922874765 0.218391427498785 -0.103857020503029 0.144579440301215 0.165931689796525 0.189164384698779 0.0549289412031826 0.0281475541677481 0.130742908438061 0.143723587159754 -0.00368018381685229 -0.250872384852462 0.164587607285289 -0.214458239893251 -0.250228044530109 0.0778488357130860 -0.0705437962651130
# q_dev:
 0.00000000000000 0.00000000000000 0.00000000000000 0.00000000000000 0.00000000000000 0.00000000000000 0.00000000000000 0.00000000000000 0.00000000000000 0.00000000000000 0.00000000000000 0.00000000000000 0.00000000000000 0.00000000000000 0.00000000000000 0.00000000000000 0.00000000000000 0.00000000000000 0.00000000000000 0.00000000000000 0.00000000000000 0.00000000000000 0.00000000000000 0.00000000000000 0.00000000000000 0.00000000000000 0.00000000000000 0.00000000000000 0.00000000000000 0.00000000000000 0.00000000000000 0.00000000000000 0.00000000000000 0.00000000000000 0.00000000000000 0.00000000000000 0.00000000000000 0.00000000000000 0.00000000000000 0.00000000000000 0.00000000000000 0.00000000000000
# q_mat_dev:
 0.00000000000000 0.00000000000000 0.00000000000000 0.00000000000000 0.00000000000000 0.00000000000000 0.00000000000000 0.00000000000000 0.00000000000000 0.00000000000000 0.00000000000000 0.00000000000000 0.00000000000000 0.00000000000000 0.00000000000000 0.00000000000000 0.00000000000000 0.00000000000000 0.00000000000000 0.00000000000000 0.00000000000000 0.00000000000000 0.00000000000000 0.00000000000000 0.00000000000000 0.00000000000000 0.00000000000000 0.00000000000000 0.00000000000000 0.00000000000000 0.00000000000000 0.00000000000000 0.00000000000000 0.00000000000000 0.00000000000000 0.00000000000000 0.00000000000000 0.00000000000000 0.00000000000000 0.00000000000000 0.00000000000000 0.00000000000000
# q_lg_dev:
 0.00000000000000 0.00000000000000 0.00000000000000 0.00000000000000 0.00000000000000 0.00000000000000 0.00000000000000 0.00000000000000 0.00000000000000 0.00000000000000 0.00000000000000 0.00000000000000 0.00000000000000 0.00000000000000 0.00000000000000 0.00000000000000 0.00000000000000 0.00000000000000 0.00000000000000 0.00000000000000 0.00000000000000 0.00000000000000 0.00000000000000 0.00000000000000 0.00000000000000 0.00000000000000 0.00000000000000 0.00000000000000 0.00000000000000 0.00000000000000 0.00000000000000 0.00000000000000 0.00000000000000 0.00000000000000 0.00000000000000 0.00000000000000 0.00000000000000 0.00000000000000 0.00000000000000 0.00000000000000 0.00000000000000 0.00000000000000
# log_avg_rec:
20.2186053502
# rec_devs:
 0.238622683447 0.371293790968 0.953536784376 2.25823556729 0.644262424794 1.08370641940 0.350053441780 0.686594349140 2.27909541938 -0.0891535066613 0.992044842697 0.871838196177 -0.493015710678 -1.19425657674 0.0206379948689 -0.317184551671 -0.899791162993 -0.881432115184 -0.536401423107 1.11279997829 -3.13314204146 0.964136958136 0.503561915057 0.0493081715301 -0.436801222559 -0.471559274278 0.961223436828 0.982913065977 -0.356299268771 0.122401934510 0.274201566034 0.214203277089 1.66963234661 2.00095335982 -5.41710319375 1.00041568484 -2.05430383372 -1.75756647021 -1.94488018014 -0.905990668248 0.179831192186 0.00000000000
# sigma_m:
 1.00000000000 1.00000000000 1.00000000000
# log_m_mu:
 -1.73672234766 -0.839156982899 -1.07049253961
# prop_rec:
 23.5329187424 18.3000259095
# sigma_q:
 0.100000000000 0.100000000000
# log_f:
2.30681729485
# f_dev:
 -1.54392706329 -2.57390930608 -0.183522664913 0.913590752204 1.34636035628 1.10638263635 0.797981519093 -0.223305602042 1.05967336883 0.218517853568 1.58977420726 0.627158341562 1.04796105467 0.734575781887 0.973016049279 0.541929399662 0.473759239808 -1.41400544307 -1.91573268996 -0.205952369245 0.252580560514 -0.883669864539 -1.26736160835 -0.608057717079 0.0396711068718 0.612071765106 -0.318832784766 -1.38136946864 -2.86119074652 -1.93507898926 -0.147705651440 0.869358433690 0.745565088552 0.675791854888 -0.335590567621 -0.254422952416 1.28517505887 1.86125477355 2.38878879432 -2.10730250759
# fish_ret_sel_50:
101.376964199
# fish_ret_sel_50_post:
102.217087209
# fish_ret_sel_slope:
0.275860457831
# fish_ret_sel_slope_post:
0.259920906351
# fish_tot_sel_offset:
-8.71295044968
# fish_tot_sel_offset_dev:
 4.49212088899 5.24410110407 -1.75559414060 -1.17063280813 -1.06556483592 -1.89137172034 -1.37648193553 -1.33646716441 -1.50586424402 1.21279755056 -0.996847600556 -1.21907554440 1.39278108764 -1.74314047269 -0.453026012910 0.0898752467664 -1.85562578172 -1.11956167920 2.36556930929 -0.700663846040 3.04612601210 -1.41989768363 -0.888146337455 3.42849553937 -0.753961810284 -0.224691642458 3.32940218051 -0.392144085357 -0.396597707729 -0.752608320746 0.769632654684 -1.17080914056 -1.84602923752 -0.996543316131 -0.997305719352 0.477667726303 0.870318236896 -1.64676436486 -0.367872893891 3.32440250929
# fish_tot_sel_slope:
-1.44290139657
# surv_omega:
0.458753731757
# surv_alpha1:
9.25624945924
# surv_beta1:
109.976682631
# surv_alpha2:
0.0887155174853
# surv_beta2:
29.8124011546
