ParName   Value   Gradient
log_n_imm(1)      15.5037     -2.21483
log_n_imm(2)      17.1515     -38.7814
log_n_imm(3)      20.1315      -314.57
log_n_imm(4)      20.3812     -99.4744
log_n_imm(5)      21.0499     -111.974
log_n_imm(6)      20.4592      -393.23
log_n_imm(7)      14.9609     -84.3259
log_n_imm(8)      19.7109     -322.601
log_n_imm(9)      19.5163     -210.658
log_n_imm(10)      18.8635     -105.798
log_n_imm(11)      19.6254     -45.0619
log_n_imm(12)      15.8341     -42.7457
log_n_imm(13)      18.1945     -157.264
log_n_imm(14)      16.1771     -45.1823
log_n_imm(15)      14.3621     -12.1403
log_n_imm(16)      16.2597     -96.8237
log_n_imm(17)       12.533     -10.1581
log_n_imm(18)      11.7648    -0.381894
log_n_imm(19)      9.96081    -0.873511
log_n_imm(20)      6.60783   -0.0239656
log_n_imm(21)      6.69784  -0.00961901
log_n_mat(1)      19.1026      2.65756
log_n_mat(2)      12.4615    0.0097198
log_n_mat(3)      15.6618    -0.231367
log_n_mat(4)      11.1069     -8.54557
log_n_mat(5)      18.9159      29.1962
log_n_mat(6)      16.9192     -46.9991
log_n_mat(7)       18.079     -30.9844
log_n_mat(8)       11.595     -57.6583
log_n_mat(9)      19.2988      43.2513
log_n_mat(10)      17.7277     -61.3577
log_n_mat(11)      15.8899     -55.2838
log_n_mat(12)      19.3401      46.5582
log_n_mat(13)      16.6579      -28.619
log_n_mat(14)       18.294     -39.0203
log_n_mat(15)      18.2812     -44.1587
log_n_mat(16)       12.682     -12.0919
log_n_mat(17)      15.2387     -60.8617
log_n_mat(18)      16.4225     -10.2541
log_n_mat(19)       13.289     -10.8456
log_n_mat(20)      12.3837      -3.4397
log_n_mat(21)      11.9143    -0.804178
nat_m_dev(1982)    -0.193234      89.9579
nat_m_dev(1983)    -0.195578      83.1317
nat_m_dev(1984)    -0.527444       40.754
nat_m_dev(1985)     -1.08078      11.2458
nat_m_dev(1986)    -0.780392      17.3781
nat_m_dev(1987)    -0.661194      23.6496
nat_m_dev(1988)    -0.608926      30.2565
nat_m_dev(1989)    -0.391677      41.1665
nat_m_dev(1990)   -0.0758339      59.8116
nat_m_dev(1991)     0.192669      71.7056
nat_m_dev(1992)    -0.176249      40.4541
nat_m_dev(1993)     0.533378      50.6628
nat_m_dev(1994)     0.360493      28.4062
nat_m_dev(1995)     0.398869      20.7184
nat_m_dev(1996)     0.561006      20.4497
nat_m_dev(1997)     0.797672      36.1901
nat_m_dev(1998)     0.271645      41.5686
nat_m_dev(1999)    -0.699742      27.6595
nat_m_dev(2000)    -0.333214      41.1309
nat_m_dev(2001)     0.240596      67.9456
nat_m_dev(2002)     0.283212      81.4906
nat_m_dev(2003)   -0.0849258       56.454
nat_m_dev(2004)      0.21779      64.7755
nat_m_dev(2005)    -0.370753      35.9095
nat_m_dev(2006)    -0.406014        34.25
nat_m_dev(2007)    -0.164514      37.1669
nat_m_dev(2008)    -0.262894      35.9478
nat_m_dev(2009)     -0.14976      42.9629
nat_m_dev(2010)     0.592208      73.6563
nat_m_dev(2011)     0.573222      79.2758
nat_m_dev(2012)      0.19278      61.3329
nat_m_dev(2013)  -0.00298457      49.8674
nat_m_dev(2014)     0.781947      81.8046
nat_m_dev(2015)     0.636286      57.8485
nat_m_dev(2016)     0.157368      26.4199
nat_m_dev(2017)    -0.108859      7.39442
nat_m_dev(2018)     0.298516      -22.392
nat_m_dev(2019)     0.639036     -59.3276
nat_m_dev(2020)            0      14.0853
nat_m_dev(2021)    -0.927254      6.59814
nat_m_dev(2022)   -0.0548514       16.391
nat_m_dev(2023)     0.329038      16.0521
nat_m_mat_dev(1982)     0.514379      1.50886
nat_m_mat_dev(1983)     0.994286      23.6634
nat_m_mat_dev(1984)      2.88049      2157.72
nat_m_mat_dev(1985)    -0.162366     -149.017
nat_m_mat_dev(1986)     -1.14019      -144.44
nat_m_mat_dev(1987)     -1.22066      -149.73
nat_m_mat_dev(1988)   -0.0636839     -110.392
nat_m_mat_dev(1989)   -0.0149967     -108.416
nat_m_mat_dev(1990)      1.02645      9.18198
nat_m_mat_dev(1991)      1.44551      200.949
nat_m_mat_dev(1992)     0.426048     -18.5326
nat_m_mat_dev(1993)    -0.118184     -82.3663
nat_m_mat_dev(1994)     0.180553      -64.903
nat_m_mat_dev(1995)     0.111632     -84.9523
nat_m_mat_dev(1996)    0.0223199     -89.7735
nat_m_mat_dev(1997)       0.1675     -83.1425
nat_m_mat_dev(1998)     0.320852     -72.3118
nat_m_mat_dev(1999)    -0.516571     -111.306
nat_m_mat_dev(2000)     -1.03972     -127.912
nat_m_mat_dev(2001)    -0.179349     -102.162
nat_m_mat_dev(2002)   -0.0908842      -85.309
nat_m_mat_dev(2003)    -0.375119     -76.9495
nat_m_mat_dev(2004)    -0.696431     -95.9733
nat_m_mat_dev(2005)    -0.100554     -85.0887
nat_m_mat_dev(2006)    0.0241371     -88.1773
nat_m_mat_dev(2007)     0.225622     -56.7218
nat_m_mat_dev(2008)    -0.124076     -78.8965
nat_m_mat_dev(2009)     -1.20717     -121.922
nat_m_mat_dev(2010)     -1.09625     -112.947
nat_m_mat_dev(2011)    -0.526419     -101.799
nat_m_mat_dev(2012)    0.0350657     -81.8671
nat_m_mat_dev(2013)    0.0458641     -65.9562
nat_m_mat_dev(2014)     0.295392     -30.3333
nat_m_mat_dev(2015)    -0.131763     -94.6542
nat_m_mat_dev(2016)    -0.314257     -112.534
nat_m_mat_dev(2017)    -0.292679     -93.2172
nat_m_mat_dev(2018)     0.284332     -58.3046
nat_m_mat_dev(2019)      1.47163      8.31546
nat_m_mat_dev(2020)            0     -148.688
nat_m_mat_dev(2021)     0.457999     -215.275
nat_m_mat_dev(2022)    -0.164181     -160.995
nat_m_mat_dev(2023)     -1.17606     -149.531
nat_m_lg_dev(1982)     0.328514     -2.32223
nat_m_lg_dev(1983)    -0.338661     -2.32166
nat_m_lg_dev(1984)    -0.204938     -2.32698
nat_m_lg_dev(1985)     0.283274     -2.32425
nat_m_lg_dev(1986)   -0.0474796      -2.3299
nat_m_lg_dev(1987)     0.133332     -2.32878
nat_m_lg_dev(1988)     0.313514     -2.32293
nat_m_lg_dev(1989)     -0.18164     -2.32764
nat_m_lg_dev(1990)    0.0198021     -2.33004
nat_m_lg_dev(1991)     0.224672     -2.32641
nat_m_lg_dev(1992)    0.0140219     -2.33005
nat_m_lg_dev(1993)    -0.021449     -2.33003
nat_m_lg_dev(1994)     0.531336     -2.30948
nat_m_lg_dev(1995)     -0.19099     -2.32739
nat_m_lg_dev(1996)    -0.252552     -2.32539
nat_m_lg_dev(1997)    -0.134087     -2.32874
nat_m_lg_dev(1998)     0.213077     -2.32678
nat_m_lg_dev(1999)  -0.00712793     -2.33006
nat_m_lg_dev(2000)    -0.179395      -2.3277
nat_m_lg_dev(2001)    -0.161596     -2.32814
nat_m_lg_dev(2002)    0.0953229     -2.32941
nat_m_lg_dev(2003)    -0.143037     -2.32856
nat_m_lg_dev(2004)    0.0605891      -2.3298
nat_m_lg_dev(2005)    0.0887549      -2.3295
nat_m_lg_dev(2006)     0.118115     -2.32906
nat_m_lg_dev(2007)    -0.131085      -2.3288
nat_m_lg_dev(2008)    -0.242482     -2.32575
nat_m_lg_dev(2009)   -0.0718784     -2.32968
nat_m_lg_dev(2010)   -0.0811595     -2.32958
nat_m_lg_dev(2011)    -0.175754     -2.32779
nat_m_lg_dev(2012)    0.0315558        -2.33
nat_m_lg_dev(2013)     0.404181     -2.31818
nat_m_lg_dev(2014)   -0.0333009     -2.32998
nat_m_lg_dev(2015)    -0.174525     -2.32783
nat_m_lg_dev(2016)    0.0748011     -2.32967
nat_m_lg_dev(2017)   -0.0629408     -2.32977
nat_m_lg_dev(2018)     0.314782     -2.32287
nat_m_lg_dev(2019)   -0.0306761     -2.32999
nat_m_lg_dev(2020)    -0.171259     -2.32791
nat_m_lg_dev(2021)    -0.125064     -2.32891
nat_m_lg_dev(2022)     0.067388     -2.32974
nat_m_lg_dev(2023)    -0.153957     -2.32832
log_avg_rec      20.8562     -8704.95
rec_devs(1982)     0.755178      886.697
rec_devs(1983)     0.207578      878.281
rec_devs(1984)      0.44143      831.193
rec_devs(1985)      1.61909      863.638
rec_devs(1986)     0.841602      769.839
rec_devs(1987)     0.653367      726.229
rec_devs(1988)     0.418706      757.623
rec_devs(1989)     0.376822      820.192
rec_devs(1990)      1.49349      723.136
rec_devs(1991)      1.13954      698.091
rec_devs(1992)      1.73321      829.245
rec_devs(1993)      1.02849      941.004
rec_devs(1994)    -0.454036       889.31
rec_devs(1995)    -0.809163      854.372
rec_devs(1996)    -0.524086      853.299
rec_devs(1997)     0.129938      761.372
rec_devs(1998)     -1.61153      702.774
rec_devs(1999)     -1.09424      673.343
rec_devs(2000)     -0.83898      781.611
rec_devs(2001)  -0.00821757      671.744
rec_devs(2002)       0.2856      730.268
rec_devs(2003)     0.402517      808.044
rec_devs(2004)     0.298072      817.746
rec_devs(2005)    -0.775053      812.744
rec_devs(2006)     -1.31632      851.804
rec_devs(2007)      -0.5574      796.617
rec_devs(2008)     0.709813       592.01
rec_devs(2009)    -0.616852      760.593
rec_devs(2010)    -0.066557      762.452
rec_devs(2011)    -0.132178      786.744
rec_devs(2012)    -0.229806      774.231
rec_devs(2013)   0.00856836      827.736
rec_devs(2014)      1.51535      721.563
rec_devs(2015)       1.2315      1006.02
rec_devs(2016)     0.369852       950.55
rec_devs(2017)    0.0811836      1083.13
rec_devs(2018)     -2.28033      924.719
rec_devs(2019)     -1.33394      937.451
rec_devs(2020)     -2.15387      812.449
rec_devs(2021)     -1.12371      800.911
rec_devs(2022)    0.0419298      800.085
rec_devs(2023)            0      924.099
log_m_mu(1)     -1.84819      603.289
log_m_mu(2)     0.118096      6627.45
log_m_mu(3)     -1.18786 -1.84631e-08
prop_rec(1)      16.4171     -38.7677
prop_rec(2)      8.69195      53.7656
log_f    -0.527231     -1546.94
f_dev(1)     -1.61872     -92.1396
f_dev(2)     -2.15243     -84.3802
f_dev(3)    -0.719898     -102.428
f_dev(4)     0.297778     -14.2826
f_dev(5)     0.171209       1.0569
f_dev(6)     0.597836      91.6511
f_dev(7)    -0.199869        23.82
f_dev(8)    0.0656772      30.8391
f_dev(9)     0.770398      46.0569
f_dev(10)     0.424125      22.0518
f_dev(11)      1.78163      47.5128
f_dev(12)     0.770614     -2.48604
f_dev(13)     0.774164     -1.31629
f_dev(14)     0.168305     -6.11314
f_dev(15)     0.620271      39.4316
f_dev(16)     0.466518      20.9867
f_dev(17)     0.853287      33.6663
f_dev(18)     -1.06651    -0.120201
f_dev(19)     -1.08032     -2.51748
f_dev(20)   -0.0910762      9.02183
f_dev(21)   -0.0145735      31.9908
f_dev(22)     -1.01283     -1.81785
f_dev(23)     -1.29699     -56.7219
f_dev(24)    -0.448646     -21.6883
f_dev(25)      0.06757      -5.5171
f_dev(26)      0.14951     -6.33253
f_dev(27)    -0.199388      3.34531
f_dev(28)     -1.06027      9.76409
f_dev(29)     -2.05384     -11.8564
f_dev(30)    -0.800512     0.837476
f_dev(31)     0.220795      10.7731
f_dev(32)     0.652283      14.3954
f_dev(33)     0.801715    -0.294089
f_dev(34)      0.59348     -9.52187
f_dev(35)  0.000166538      16.6586
f_dev(36)    -0.101832     0.301516
f_dev(37)     0.979128     -1.77803
f_dev(38)      1.65599      7.29386
f_dev(39)      1.74976      19.5637
f_dev(40)     -0.71451      117.407
fish_ret_sel_50      87.0693      1150.75
fish_ret_sel_50_post      106.686      2349.74
fish_ret_sel_slope     0.116944      1373.17
fish_ret_sel_slope_post     0.351755      -1087.9
fish_tot_sel_offset      -9.8097     -82.5453
fish_tot_sel_offset_dev(1)       3.7114     -1933.74
fish_tot_sel_offset_dev(2)     0.546345      -1941.7
fish_tot_sel_offset_dev(3)      1.39574     -1940.76
fish_tot_sel_offset_dev(4)     -2.54734      -1937.7
fish_tot_sel_offset_dev(5)     -3.98358     -1931.88
fish_tot_sel_offset_dev(6)    -0.206957     -1941.79
fish_tot_sel_offset_dev(7)     -1.48569     -1940.38
fish_tot_sel_offset_dev(8)    -0.879881      -1941.3
fish_tot_sel_offset_dev(9)    -0.193189      -1941.8
fish_tot_sel_offset_dev(10)      -1.6901     -1939.97
fish_tot_sel_offset_dev(11)      4.67743     -1928.87
fish_tot_sel_offset_dev(12)      4.78454     -1928.26
fish_tot_sel_offset_dev(13)      -1.0172     -1941.13
fish_tot_sel_offset_dev(14)     -4.41101     -1929.66
fish_tot_sel_offset_dev(15)         1.36     -1940.82
fish_tot_sel_offset_dev(16)       1.9048     -1939.78
fish_tot_sel_offset_dev(17)    -0.216483     -1941.79
fish_tot_sel_offset_dev(18)      1.23856        -1941
fish_tot_sel_offset_dev(19)    -0.918467     -1941.25
fish_tot_sel_offset_dev(20)     -1.07778     -1941.05
fish_tot_sel_offset_dev(21)      0.67476     -1941.61
fish_tot_sel_offset_dev(22)       3.2024     -1935.84
fish_tot_sel_offset_dev(23)    -0.401333     -1941.71
fish_tot_sel_offset_dev(24)     -1.30834      -1940.7
fish_tot_sel_offset_dev(25)     0.507053     -1941.72
fish_tot_sel_offset_dev(26)      1.04406     -1941.25
fish_tot_sel_offset_dev(27)     -6.23869      -1917.6
fish_tot_sel_offset_dev(28)     -1.18234      -1940.9
fish_tot_sel_offset_dev(29)      3.21272      -1935.8
fish_tot_sel_offset_dev(30)     0.118997     -1941.84
fish_tot_sel_offset_dev(31)    -0.792864     -1941.39
fish_tot_sel_offset_dev(32)      1.22401     -1941.02
fish_tot_sel_offset_dev(33)     0.594067     -1941.67
fish_tot_sel_offset_dev(34)    -0.915873     -1941.26
fish_tot_sel_offset_dev(35)      -1.3557     -1940.62
fish_tot_sel_offset_dev(36)    -0.534592     -1941.62
fish_tot_sel_offset_dev(37)     -1.23158     -1940.82
fish_tot_sel_offset_dev(38)      1.89026     -1939.81
fish_tot_sel_offset_dev(39)       1.5149     -1940.56
fish_tot_sel_offset_dev(40)     -1.01304     -1941.14
fish_tot_sel_slope    -0.982229      1927.01
surv_omega      0.47139      173.972
surv_alpha1      14.9116          nan
surv_beta1      98.8288          nan
surv_alpha2     0.204291      2259.56
surv_beta2      44.1664      1322.58
