# Number of parameters = 308 Objective function value = 1309.31154774197  Maximum gradient component = 5058.55914326981
# log_n_imm:
 15.5036782223597 17.1515103925446 20.1315237004740 20.3811830446568 21.0499223437620 20.4591636223250 14.9609216428925 19.7108733852991 19.5163210711264 18.8635376885651 19.6254297392565 15.8340569908868 18.1944782651460 16.1770676716507 14.3621059880989 16.2597115613340 12.5330420782690 11.7647706266436 9.96080926659233 6.60783289544311 6.69784432807690
# log_n_mat:
 19.1026370363848 12.4614585260432 15.6618355576595 11.1069086725240 18.9159381855621 16.9191722529898 18.0789953953293 11.5949972946710 19.2988376154767 17.7276604833024 15.8899008449106 19.3400880091358 16.6579257400822 18.2939761538403 18.2812410061297 12.6819949577455 15.2386852287350 16.4225378126279 13.2889731848681 12.3836903007133 11.9142947153960
# nat_m_dev:
 -0.193233583119882 -0.195578073131408 -0.527443548076373 -1.08078037191403 -0.780391557635110 -0.661193680832407 -0.608926255243096 -0.391677479895133 -0.0758339422240169 0.192668667975693 -0.176249096770301 0.533377504721660 0.360493173520199 0.398869144409558 0.561006265442373 0.797671856741433 0.271644736243523 -0.699742457579001 -0.333213823797735 0.240595546278124 0.283212226565050 -0.0849257618563693 0.217789601500926 -0.370753145483443 -0.406014080742792 -0.164514410545810 -0.262893853079002 -0.149759665003863 0.592207729890603 0.573221918229372 0.192779871497379 -0.00298456698462074 0.781946566848548 0.636286449382506 0.157367604211203 -0.108858836967368 0.298516129308172 0.639035872744896 0.00000000000000 -0.927253987605865 -0.0548513825257447 0.329038253819742
# nat_m_mat_dev:
 0.514378856501718 0.994285547143754 2.88048714142650 -0.162366164081787 -1.14019165000196 -1.22065687608838 -0.0636839414850849 -0.0149967473376222 1.02645226142330 1.44551307570122 0.426047987492310 -0.118183579853178 0.180552622280208 0.111632319385128 0.0223198981466386 0.167499501366636 0.320851604041369 -0.516571065397922 -1.03972332821991 -0.179349361009787 -0.0908841548191492 -0.375119031916916 -0.696430889434443 -0.100553843003616 0.0241370566754882 0.225622402201150 -0.124076222436870 -1.20716832145128 -1.09624634869137 -0.526419230154475 0.0350656839887835 0.0458640779320139 0.295391738390352 -0.131762853436143 -0.314256920081111 -0.292678620815616 0.284331766045290 1.47162835774736 0.00000000000000 0.457998665241862 -0.164181317072877 -1.17605524377009
# nat_m_lg_dev:
 0.328514435626505 -0.338661034331720 -0.204937768436938 0.283274359006480 -0.0474796142930211 0.133332337797571 0.313513530119698 -0.181640267559805 0.0198020593790152 0.224672053091208 0.0140218845289931 -0.0214489935344384 0.531335551743410 -0.190989965202968 -0.252552129011389 -0.134087125546133 0.213077455267591 -0.00712792905214704 -0.179394956367442 -0.161596195481679 0.0953229394032980 -0.143037210182406 0.0605890553060589 0.0887548777191268 0.118115459509125 -0.131084784271628 -0.242481536479848 -0.0718784234830145 -0.0811595181743174 -0.175754233569198 0.0315557643727973 0.404181483844155 -0.0333009400298684 -0.174525390378530 0.0748010822905443 -0.0629407696844383 0.314782100310514 -0.0306761012083038 -0.171259054284740 -0.125063866103648 0.0673879899050028 -0.153956612553471
# q_dev:
 0.00000000000000 0.00000000000000 0.00000000000000 0.00000000000000 0.00000000000000 0.00000000000000 0.00000000000000 0.00000000000000 0.00000000000000 0.00000000000000 0.00000000000000 0.00000000000000 0.00000000000000 0.00000000000000 0.00000000000000 0.00000000000000 0.00000000000000 0.00000000000000 0.00000000000000 0.00000000000000 0.00000000000000 0.00000000000000 0.00000000000000 0.00000000000000 0.00000000000000 0.00000000000000 0.00000000000000 0.00000000000000 0.00000000000000 0.00000000000000 0.00000000000000 0.00000000000000 0.00000000000000 0.00000000000000 0.00000000000000 0.00000000000000 0.00000000000000 0.00000000000000 0.00000000000000 0.00000000000000 0.00000000000000 0.00000000000000
# q_mat_dev:
 0.00000000000000 0.00000000000000 0.00000000000000 0.00000000000000 0.00000000000000 0.00000000000000 0.00000000000000 0.00000000000000 0.00000000000000 0.00000000000000 0.00000000000000 0.00000000000000 0.00000000000000 0.00000000000000 0.00000000000000 0.00000000000000 0.00000000000000 0.00000000000000 0.00000000000000 0.00000000000000 0.00000000000000 0.00000000000000 0.00000000000000 0.00000000000000 0.00000000000000 0.00000000000000 0.00000000000000 0.00000000000000 0.00000000000000 0.00000000000000 0.00000000000000 0.00000000000000 0.00000000000000 0.00000000000000 0.00000000000000 0.00000000000000 0.00000000000000 0.00000000000000 0.00000000000000 0.00000000000000 0.00000000000000 0.00000000000000
# q_lg_dev:
 0.00000000000000 0.00000000000000 0.00000000000000 0.00000000000000 0.00000000000000 0.00000000000000 0.00000000000000 0.00000000000000 0.00000000000000 0.00000000000000 0.00000000000000 0.00000000000000 0.00000000000000 0.00000000000000 0.00000000000000 0.00000000000000 0.00000000000000 0.00000000000000 0.00000000000000 0.00000000000000 0.00000000000000 0.00000000000000 0.00000000000000 0.00000000000000 0.00000000000000 0.00000000000000 0.00000000000000 0.00000000000000 0.00000000000000 0.00000000000000 0.00000000000000 0.00000000000000 0.00000000000000 0.00000000000000 0.00000000000000 0.00000000000000 0.00000000000000 0.00000000000000 0.00000000000000 0.00000000000000 0.00000000000000 0.00000000000000
# log_avg_rec:
20.8561507219
# rec_devs:
 0.755177970630 0.207578072784 0.441429790062 1.61908569836 0.841601523876 0.653367243503 0.418706007449 0.376822092887 1.49348671768 1.13954290812 1.73321109205 1.02849394442 -0.454036184340 -0.809162836715 -0.524086025726 0.129938117067 -1.61153259004 -1.09423535166 -0.838979857971 -0.00821756549174 0.285600417337 0.402516943482 0.298071931549 -0.775053329696 -1.31631968651 -0.557400375236 0.709812973699 -0.616851666431 -0.0665569920954 -0.132177743047 -0.229805840847 0.00856836089561 1.51535338425 1.23149832016 0.369851920818 0.0811836424311 -2.28032531436 -1.33393945774 -2.15386647562 -1.12371204772 0.0419298366799 0.00000000000
# sigma_m:
 1.00000000000 1.00000000000 1.00000000000
# log_m_mu:
 -1.84819135088 0.118095818314 -1.18785577450
# prop_rec:
 16.4171461874 8.69195197402
# sigma_q:
 0.100000000000 0.100000000000
# log_f:
-0.527231158502
# f_dev:
 -1.61871761476 -2.15243189647 -0.719898337533 0.297777712655 0.171208898180 0.597836246543 -0.199868887615 0.0656771621606 0.770398130038 0.424125010147 1.78163383167 0.770614321662 0.774164491674 0.168305353047 0.620271482448 0.466517537801 0.853287352458 -1.06651347089 -1.08032165550 -0.0910761726881 -0.0145735449441 -1.01282776942 -1.29699330098 -0.448645550720 0.0675700233549 0.149510116781 -0.199387626750 -1.06026539974 -2.05383974526 -0.800512163641 0.220795137045 0.652283320075 0.801714543616 0.593479826881 0.000166538205496 -0.101832480896 0.979128330657 1.65598958270 1.74976047044 -0.714509802433
# fish_ret_sel_50:
87.0693220446
# fish_ret_sel_50_post:
106.686477046
# fish_ret_sel_slope:
0.116944000853
# fish_ret_sel_slope_post:
0.351754840165
# fish_tot_sel_offset:
-9.80970269359
# fish_tot_sel_offset_dev:
 3.71139729916 0.546344848026 1.39573945290 -2.54733752196 -3.98357544561 -0.206957227890 -1.48569016107 -0.879881177987 -0.193188568823 -1.69010234809 4.67743137792 4.78453553274 -1.01720273852 -4.41101328130 1.35999568488 1.90480288804 -0.216483140333 1.23856280588 -0.918467440279 -1.07778106781 0.674760299787 3.20239668250 -0.401333353790 -1.30833579472 0.507053290419 1.04406006816 -6.23869298240 -1.18234372093 3.21272302283 0.118997010212 -0.792863944309 1.22401476885 0.594067283277 -0.915873009265 -1.35570362519 -0.534592307080 -1.23157927625 1.89025632790 1.51489893855 -1.01303944842
# fish_tot_sel_slope:
-0.982229194295
# surv_omega:
0.471390172454
# surv_alpha1:
14.9116048565
# surv_beta1:
98.8287568026
# surv_alpha2:
0.204291123755
# surv_beta2:
44.1663542087
