# Number of parameters = 308 Objective function value = 308.524545484641  Maximum gradient component = 0.000920661959312064
# log_n_imm:
 18.5624324776471 19.6727476175440 19.7547055312537 19.9026463030610 19.8713336852507 19.7893788814854 19.4940863996703 19.4072727746724 19.3791920244181 18.8505188369206 18.3241501552173 18.3689156070590 17.8283140799447 16.7965899475825 15.2468438385419 13.2765909059034 11.9709387443287 10.3162761026997 9.59738858429606 8.23794854845973 6.56249769379439
# log_n_mat:
 17.7545779782619 11.5477150745332 15.7576311955278 17.4077249238881 18.3652893346560 18.9527877537511 19.0075204073051 18.8872848545093 18.9274500650613 19.0203388622279 18.8414820931884 18.4289060595242 18.0582050781247 18.2773801734372 18.2089767179997 17.5262699195036 16.6925540223055 15.6785789848862 14.6323383996507 13.3564340613002 12.0370472054545
# nat_m_dev:
 -0.117878456411136 -0.415181194979349 -0.561917048406474 -1.04079774339563 -1.13738719865437 -0.907320885209943 -0.675300697055485 -0.407394541380862 -0.176438924393226 0.0881430796675221 -0.0293262994245084 0.187619797079974 0.135077324896671 0.229347257337714 0.558247478210435 0.685357599392279 0.224048458409211 -0.685283805897298 -0.454621083126750 0.229117934081026 -0.148422561678904 -0.286330000264113 -0.330055183892773 -0.259781727596266 -0.413059287407093 -0.322275024926903 -0.456485310499882 -0.383040345452163 0.328170917594028 0.287209887403947 0.0223306452971049 -0.0227414622978398 0.618750082235233 0.508434923453727 -0.135094213738720 -0.372243880733586 0.525042008536824 1.90222934698924 0.00000000000000 -0.782264151386765 -0.270086803273207 0.261588478120076
# nat_m_mat_dev:
 -0.238181485606297 0.594678339001414 1.32150339601426 -0.547972150175395 -1.28075987351222 -0.941831876447127 -0.275297264205856 -0.118799799100308 0.231660859080659 1.00245329180636 0.0770146752462065 -0.0118946361017588 0.0899248004135397 0.613523425669696 0.540718938831825 0.550959058728726 0.686788317373057 -0.482349891172235 -0.638288337242282 0.343471524383240 0.229452950828252 -0.300276046696148 -0.375183039380947 0.426942461054072 0.625439907090474 0.537185975370280 0.0451733747172253 -0.802003189612364 -0.877893783266569 -0.230553444757689 0.716380104162550 0.131197816649017 0.590649124671013 0.273933085555607 -0.0776519132112733 0.0254008520112075 0.810006360052780 1.24200144317266 0.00000000000000 0.674511927902248 -0.103633873396562 -1.07834665061838
# nat_m_lg_dev:
 0.266668804092374 0.202509241145613 0.423490779242649 -0.00283624795666328 0.210281946083610 -0.271454540251073 0.0584489921414970 0.125775680979608 0.0359993737193516 0.237991095571225 -0.147878641958568 -0.104146898645800 -0.189218822501933 -0.000751438751352550 0.0398479627046668 -0.213342989596037 -0.0124319072524448 0.0326069405578912 -0.0573211076728979 0.213613827558943 0.161160138328601 -0.532850418491668 0.0719777282581739 0.102669203643995 -0.371046131977246 -0.198425016395672 -0.359868955450972 0.0516671744464199 0.222881754684601 -0.0924063130876534 -0.0407785588051877 0.0498134222977542 0.132167708259884 -0.00292827420001165 0.147485848639029 -0.414972203705228 0.191330012169674 0.148011937589990 -0.203693529763917 0.136623313682377 -0.388675796323042 0.342004906989440
# q_dev:
 0.00000000000000 0.00000000000000 0.00000000000000 0.00000000000000 0.00000000000000 0.00000000000000 0.00000000000000 0.00000000000000 0.00000000000000 0.00000000000000 0.00000000000000 0.00000000000000 0.00000000000000 0.00000000000000 0.00000000000000 0.00000000000000 0.00000000000000 0.00000000000000 0.00000000000000 0.00000000000000 0.00000000000000 0.00000000000000 0.00000000000000 0.00000000000000 0.00000000000000 0.00000000000000 0.00000000000000 0.00000000000000 0.00000000000000 0.00000000000000 0.00000000000000 0.00000000000000 0.00000000000000 0.00000000000000 0.00000000000000 0.00000000000000 0.00000000000000 0.00000000000000 0.00000000000000 0.00000000000000 0.00000000000000 0.00000000000000
# q_mat_dev:
 0.00000000000000 0.00000000000000 0.00000000000000 0.00000000000000 0.00000000000000 0.00000000000000 0.00000000000000 0.00000000000000 0.00000000000000 0.00000000000000 0.00000000000000 0.00000000000000 0.00000000000000 0.00000000000000 0.00000000000000 0.00000000000000 0.00000000000000 0.00000000000000 0.00000000000000 0.00000000000000 0.00000000000000 0.00000000000000 0.00000000000000 0.00000000000000 0.00000000000000 0.00000000000000 0.00000000000000 0.00000000000000 0.00000000000000 0.00000000000000 0.00000000000000 0.00000000000000 0.00000000000000 0.00000000000000 0.00000000000000 0.00000000000000 0.00000000000000 0.00000000000000 0.00000000000000 0.00000000000000 0.00000000000000 0.00000000000000
# q_lg_dev:
 0.00000000000000 0.00000000000000 0.00000000000000 0.00000000000000 0.00000000000000 0.00000000000000 0.00000000000000 0.00000000000000 0.00000000000000 0.00000000000000 0.00000000000000 0.00000000000000 0.00000000000000 0.00000000000000 0.00000000000000 0.00000000000000 0.00000000000000 0.00000000000000 0.00000000000000 0.00000000000000 0.00000000000000 0.00000000000000 0.00000000000000 0.00000000000000 0.00000000000000 0.00000000000000 0.00000000000000 0.00000000000000 0.00000000000000 0.00000000000000 0.00000000000000 0.00000000000000 0.00000000000000 0.00000000000000 0.00000000000000 0.00000000000000 0.00000000000000 0.00000000000000 0.00000000000000 0.00000000000000 0.00000000000000 0.00000000000000
# log_avg_rec:
21.0842443146
# rec_devs:
 -0.116197053963 -0.142144072275 0.228222729162 0.976007705765 0.352493623296 0.320770802169 -0.0245544373255 0.308470831231 1.31136842499 1.64638079099 1.49256650031 0.648328915792 -0.612311555640 -0.729548645437 -0.417223735513 -0.391337249875 -0.547023950547 -0.909591703003 -0.694265162186 0.167599364281 0.235026715880 0.222678760915 0.0902088678450 -0.574770306091 -1.39399476493 -0.228233214374 0.672079054520 0.0797396893654 -0.120132621223 -0.0982558396901 -0.0155763719318 0.148945793237 1.63396696142 1.56612445226 1.27143076629 -1.06976099415 -2.10390644527 -2.39380441256 -1.55273773566 -0.909289977118 0.778558328041 0.00000000000
# sigma_m:
 1.00000000000 1.00000000000 1.00000000000
# log_m_mu:
 -1.35304198107 -0.774265430173 -1.23573928011
# prop_rec:
 14.2476119184 2.92525712349
# sigma_q:
 0.100000000000 0.100000000000
# log_f:
0.137369106928
# f_dev:
 -1.26759396228 -1.90892229923 -0.423001348303 0.284588565781 -0.0126089688132 0.0677596313233 -0.224860353629 -0.282805418638 0.702524526674 0.549135775899 1.51074629177 0.814354003329 0.768998234781 0.388099058998 0.451769036040 0.501859497374 0.993882430313 -0.907382386922 -0.964573499942 0.0469574952737 0.201394789877 -0.879192084780 -1.17496100239 -0.517186200887 0.0946982363556 0.338848899200 -0.183857705070 -0.956450676556 -1.79369920882 -0.810020991765 0.0192279503731 0.414318018737 0.650838049618 0.438170847124 -0.130019631907 -0.0186073867929 1.03247710943 1.53201376415 1.78753584788 -1.13445493357
# fish_ret_sel_50:
96.9093035765
# fish_ret_sel_50_post:
102.052587069
# fish_ret_sel_slope:
0.214615360166
# fish_ret_sel_slope_post:
0.297360894271
# fish_tot_sel_offset:
-9.26542593045
# fish_tot_sel_offset_dev:
 -19.2920986291 13.4095475249 -21.5552707300 16.2246673344 32.1111435990 -33.0319032822 -8.86201499599 -33.3530711069 4.47729240691 35.6325800190 -14.1420572496 -39.5360726582 36.2804663093 -5.15293242143 -14.3658732435 -11.6217059983 39.7625182008 -31.1064524453 -32.8503876811 -26.9566940116 31.7362354472 14.2113507094 -27.4482387360 34.6052222478 -36.6029690155 32.6067412883 -38.1704757475 11.1573016991 -29.0114273777 39.9197481137 31.6599058842 21.4174626280 -12.7079497305 32.7145213249 0.831666161614 14.6527847675 -37.2559576732 36.7956538508 10.4221841064 -17.6054408894
# fish_tot_sel_slope:
-1.62410733416
# surv_omega:
0.569239103686
# surv_alpha1:
0.106071860163
# surv_beta1:
111.589690115
# surv_alpha2:
0.179560016075
# surv_beta2:
41.6216156338
