# Number of parameters = 308 Objective function value = 870.308018249970  Maximum gradient component = 1991.98558730860
# log_n_imm:
 21.1954107280068 19.9401118514122 20.1708569387579 19.6485526467511 20.6112611093549 1.63624492585979 19.8412616669716 19.4393626336084 19.5204254163947 18.6548571926017 18.3832176276268 16.4118830265286 18.1918927129494 16.0410665346964 14.9332998171516 14.0772890331822 12.9463775821865 7.86733937246003 12.2219284722628 2.93320119555868 12.8406069553005
# log_n_mat:
 19.2381232987870 2.79601738915618 15.8138623538421 18.0695376951694 18.8655440569878 19.5360778734583 19.7685596387922 19.2474623173267 19.1973287561204 19.0008026213803 19.5964359686725 18.8553736758291 18.7949968288852 18.5346849254288 17.4805247127624 17.3433808045581 16.2747013427302 15.5796590137028 14.1160539571032 13.6576833808099 4.88421069117457
# nat_m_dev:
 -0.101584627408443 0.381839818378898 0.469354594946983 -0.586096283159587 -0.312851007020488 -0.0149892560618043 0.426874917278049 -0.114190701994688 -0.115672113683906 0.778835639313303 0.741891233027254 0.900983996679137 -0.0257035522877584 -0.152567420946687 0.725884158338225 0.371351574125120 -0.529790742809569 -1.73388201612273 -1.18932317108549 1.18295112456129 0.648417095137661 0.151896792996929 -2.24289430600413 -2.77775792944502 -0.972444362824077 0.300546392817708 0.0749514017926248 -1.30045027620075 -1.34157873951248 -0.951545524247569 0.188160024644482 0.520682756600809 0.982145860996194 1.07528179321299 0.491109376391475 -0.0667509587396375 1.11069946738780 -1.79783821573627 0.00000000000000 -0.667437212537849 0.157531029787483 1.45916344556574
# nat_m_mat_dev:
 1.04021153281794 1.09251428469073 1.10976689720566 0.488773181068466 -1.05178749334053 -0.739534595675442 -0.278810503817502 0.188941554758649 0.955495763050161 1.29453038107910 0.0916952886967819 -0.0871341758161239 0.582102428361388 0.873452061757870 -0.405171399346933 0.523678695172033 0.923368316580766 0.480971253380115 -0.0551038110099428 0.557325061613264 0.116850147658304 -0.0882779810540903 -0.141156041804067 -0.185664717789951 -0.983951221174695 1.28609781514248 -1.00841777416036 -1.02002878812074 -0.484594339713462 0.0798272891218777 0.387306922592014 1.18345964098512 0.893638622875361 0.490793456628851 -2.46771045728224 -3.06066862301416 -0.300752732979806 1.19294524983402 0.00000000000000 0.167398879336600 1.12153619169088 -0.829165155951827
# nat_m_lg_dev:
 -0.0508146066240433 -0.0993240329913960 -0.117670600007524 0.0183181307226730 0.134545007798745 -0.199980374332623 -0.119304721372751 -0.0830676306392139 0.192486729407221 -0.0191789135592412 0.0489878310517287 0.0241364146601284 0.100719114033573 -5.10946285756115e-05 -0.373631657494219 0.129891538987010 0.140908238186040 0.217537582723635 -0.0130216140789802 -0.0335715896130772 -0.156187270263763 -0.238680096690750 0.117816537368539 0.0617040614183711 0.0440196585025468 0.0654551123825634 0.164791897716385 0.0443401545803651 0.258890155622579 -0.0806821426871211 0.230878149192932 -0.0339662733337062 -0.151004300339103 0.0142650039721831 -0.549794049981834 0.187258511705165 -0.112097701522501 0.120200664252297 -0.0649078961398807 0.0839121140204964 -0.124216072370808 0.220090030365936
# q_dev:
 0.00000000000000 0.00000000000000 0.00000000000000 0.00000000000000 0.00000000000000 0.00000000000000 0.00000000000000 0.00000000000000 0.00000000000000 0.00000000000000 0.00000000000000 0.00000000000000 0.00000000000000 0.00000000000000 0.00000000000000 0.00000000000000 0.00000000000000 0.00000000000000 0.00000000000000 0.00000000000000 0.00000000000000 0.00000000000000 0.00000000000000 0.00000000000000 0.00000000000000 0.00000000000000 0.00000000000000 0.00000000000000 0.00000000000000 0.00000000000000 0.00000000000000 0.00000000000000 0.00000000000000 0.00000000000000 0.00000000000000 0.00000000000000 0.00000000000000 0.00000000000000 0.00000000000000 0.00000000000000 0.00000000000000 0.00000000000000
# q_mat_dev:
 0.00000000000000 0.00000000000000 0.00000000000000 0.00000000000000 0.00000000000000 0.00000000000000 0.00000000000000 0.00000000000000 0.00000000000000 0.00000000000000 0.00000000000000 0.00000000000000 0.00000000000000 0.00000000000000 0.00000000000000 0.00000000000000 0.00000000000000 0.00000000000000 0.00000000000000 0.00000000000000 0.00000000000000 0.00000000000000 0.00000000000000 0.00000000000000 0.00000000000000 0.00000000000000 0.00000000000000 0.00000000000000 0.00000000000000 0.00000000000000 0.00000000000000 0.00000000000000 0.00000000000000 0.00000000000000 0.00000000000000 0.00000000000000 0.00000000000000 0.00000000000000 0.00000000000000 0.00000000000000 0.00000000000000 0.00000000000000
# q_lg_dev:
 0.00000000000000 0.00000000000000 0.00000000000000 0.00000000000000 0.00000000000000 0.00000000000000 0.00000000000000 0.00000000000000 0.00000000000000 0.00000000000000 0.00000000000000 0.00000000000000 0.00000000000000 0.00000000000000 0.00000000000000 0.00000000000000 0.00000000000000 0.00000000000000 0.00000000000000 0.00000000000000 0.00000000000000 0.00000000000000 0.00000000000000 0.00000000000000 0.00000000000000 0.00000000000000 0.00000000000000 0.00000000000000 0.00000000000000 0.00000000000000 0.00000000000000 0.00000000000000 0.00000000000000 0.00000000000000 0.00000000000000 0.00000000000000 0.00000000000000 0.00000000000000 0.00000000000000 0.00000000000000 0.00000000000000 0.00000000000000
# log_avg_rec:
20.0183691540
# rec_devs:
 -6.73753134874 1.92803862278 1.09895142987 2.23832853619 2.68342938506 0.928623531502 1.88905788176 1.99697548083 3.16442064612 3.06255662048 3.59584896641 -5.82119816433 1.28618194523 0.227088272140 0.512045713142 0.592794550553 0.294252253720 0.978249002259 -8.08551565115 1.69408888862 1.06814459406 1.38115225303 -4.78808444853 1.04864456398 0.510630481676 0.724314284246 1.04755983458 1.39565426509 0.128777477653 0.940243160241 1.53878472533 1.23539497309 3.41806909102 -5.71847147136 2.64363698803 -5.36828931958 -3.98636005821 -1.12561064739 -0.552860140687 0.394050369857 1.32783838709 0.00000000000
# sigma_m:
 1.00000000000 1.00000000000 1.00000000000
# log_m_mu:
 -1.15587511076 -0.719016871451 -0.995316401760
# prop_rec:
 16.1944588973 9.89036582217
# sigma_q:
 0.100000000000 0.100000000000
# log_f:
2.72463703453
# f_dev:
 -1.78645988122 -2.46553446816 0.123608582112 0.656143718479 0.266751777425 -0.370549901118 -0.789694820402 -1.05947930286 0.209222577260 0.0186552449580 2.07441025654 0.725632278126 1.39831824687 2.56243265656 -0.0315014292497 -0.958343117467 0.430726966256 -0.771537060324 -1.12293048993 0.156378844230 0.477292334914 -0.742255977319 -1.24065296229 -0.531871770469 -0.807700408983 -0.385980463388 -0.735822032857 -1.46387340588 -2.53002286015 -1.41390817513 -0.661274544830 0.467133542051 1.91449463635 4.33926521049 2.33009669799 1.58811662660 0.914379228255 1.18664676070 1.50345808771 -3.47377120184
# fish_ret_sel_50:
100.774650127
# fish_ret_sel_50_post:
102.292965100
# fish_ret_sel_slope:
0.283390286781
# fish_ret_sel_slope_post:
2.39682063250
# fish_tot_sel_offset:
-9.99999999144
# fish_tot_sel_offset_dev:
 11.6708014806 -9.63573097980 -13.1502427118 -6.78185159942 -24.9034896017 6.04428283501 -24.6429580183 14.8852244233 9.99459146006 -13.8675344220 11.6239600475 -11.7260208227 16.6361090173 4.73090168122 18.3109197820 18.8477600184 20.9089941221 8.77450177343 20.8389041490 -15.1584768994 -13.5568982103 -7.09577003939 -15.1810057009 13.5182339279 15.1291049499 8.19108169332 3.84917989059 5.14749870069 -12.6383001535 14.8367965112 -13.1121714153 -12.8329647402 -12.3684817304 -10.3503163500 -12.8515792691 -14.2459614202 -2.54630363909 12.2875338739 4.56522836723 5.85444901851
# fish_tot_sel_slope:
-1.38782169178
# surv_omega:
0.349983370167
# surv_alpha1:
0.172042820871
# surv_beta1:
113.322193443
# surv_alpha2:
0.0515212213548
# surv_beta2:
50.6860207196
