ParName   Value   Gradient
log_n_imm(1)      18.5624 -3.79275e-06
log_n_imm(2)      19.6728 -7.47464e-06
log_n_imm(3)      19.7547 -1.92616e-06
log_n_imm(4)      19.9026  2.30672e-06
log_n_imm(5)      19.8713 -9.02543e-06
log_n_imm(6)      19.7894 -1.89961e-05
log_n_imm(7)      19.4941 -3.17336e-05
log_n_imm(8)      19.4073  9.98066e-07
log_n_imm(9)      19.3792  1.57641e-05
log_n_imm(10)      18.8505  5.98834e-06
log_n_imm(11)      18.3242 -1.00193e-05
log_n_imm(12)      18.3689 -3.04413e-05
log_n_imm(13)      17.8283 -7.29598e-06
log_n_imm(14)      16.7966  4.90824e-06
log_n_imm(15)      15.2468 -1.67878e-05
log_n_imm(16)      13.2766 -6.27464e-07
log_n_imm(17)       11.971  5.08945e-07
log_n_imm(18)      10.3163 -3.91425e-07
log_n_imm(19)      9.60518 -2.18718e-07
log_n_imm(20)      8.24092 -3.56097e-08
log_n_imm(21)      6.50585  2.81804e-08
log_n_mat(1)      17.7546  3.71085e-06
log_n_mat(2)      11.5477 -2.19834e-08
log_n_mat(3)      15.7576  1.64671e-06
log_n_mat(4)      17.4077  6.90682e-07
log_n_mat(5)      18.3653  2.76545e-06
log_n_mat(6)      18.9528  8.84927e-07
log_n_mat(7)      19.0075 -4.69491e-06
log_n_mat(8)      18.8873  1.39827e-06
log_n_mat(9)      18.9275 -9.24005e-06
log_n_mat(10)      19.0203  3.00285e-06
log_n_mat(11)      18.8415  2.20561e-06
log_n_mat(12)      18.4289  4.31462e-06
log_n_mat(13)      18.0582  8.47307e-06
log_n_mat(14)      18.2774 -3.68417e-06
log_n_mat(15)       18.209 -2.01917e-05
log_n_mat(16)      17.5263 -3.98691e-06
log_n_mat(17)      16.6926   3.4157e-06
log_n_mat(18)      15.6786  7.50532e-07
log_n_mat(19)      14.6323  4.42408e-06
log_n_mat(20)      13.3564 -2.19628e-06
log_n_mat(21)      12.0373  2.23206e-06
nat_m_dev(1982)    -0.117885 -9.19516e-06
nat_m_dev(1983)    -0.415181 -2.29782e-06
nat_m_dev(1984)    -0.561907 -5.24968e-06
nat_m_dev(1985)      -1.0408 -1.13561e-05
nat_m_dev(1986)     -1.13739 -1.12062e-05
nat_m_dev(1987)     -0.90732 -1.74348e-05
nat_m_dev(1988)    -0.675298 -1.69638e-05
nat_m_dev(1989)    -0.407394 -1.61097e-05
nat_m_dev(1990)    -0.176443 -2.20825e-05
nat_m_dev(1991)    0.0881399 -1.68679e-05
nat_m_dev(1992)   -0.0293265 -1.14122e-05
nat_m_dev(1993)     0.187619 -1.05192e-05
nat_m_dev(1994)     0.135081  -2.6789e-05
nat_m_dev(1995)     0.229346 -2.00619e-05
nat_m_dev(1996)     0.558242 -1.96721e-05
nat_m_dev(1997)     0.685362  -2.1393e-05
nat_m_dev(1998)     0.224044 -1.63632e-05
nat_m_dev(1999)     -0.68528 -9.55847e-06
nat_m_dev(2000)    -0.454619 -1.22059e-05
nat_m_dev(2001)      0.22911 -1.28031e-05
nat_m_dev(2002)    -0.148423 -8.91818e-06
nat_m_dev(2003)    -0.286329 -1.07075e-05
nat_m_dev(2004)     -0.33006 -8.66815e-06
nat_m_dev(2005)    -0.259779 -1.34545e-05
nat_m_dev(2006)    -0.413056   -1.038e-05
nat_m_dev(2007)    -0.322285 -1.10589e-05
nat_m_dev(2008)    -0.456483 -1.20953e-05
nat_m_dev(2009)    -0.383039 -1.16175e-05
nat_m_dev(2010)      0.32817 -1.32393e-05
nat_m_dev(2011)     0.287206 -1.46016e-05
nat_m_dev(2012)    0.0223326 -1.46689e-05
nat_m_dev(2013)   -0.0227386 -1.52716e-05
nat_m_dev(2014)     0.618746 -1.84173e-05
nat_m_dev(2015)     0.508436 -2.12831e-05
nat_m_dev(2016)    -0.135091 -1.90585e-05
nat_m_dev(2017)     -0.37224 -1.95283e-05
nat_m_dev(2018)     0.525051 -2.22456e-05
nat_m_dev(2019)      1.90223 -5.81446e-05
nat_m_dev(2020)            0  3.13808e-06
nat_m_dev(2021)    -0.782266 -9.64893e-06
nat_m_dev(2022)    -0.270087 -8.64727e-06
nat_m_dev(2023)     0.261589 -1.00217e-05
nat_m_mat_dev(1982)    -0.238182  6.58571e-06
nat_m_mat_dev(1983)     0.594678  7.61303e-06
nat_m_mat_dev(1984)       1.3215   5.6078e-06
nat_m_mat_dev(1985)     -0.54797  2.02752e-06
nat_m_mat_dev(1986)     -1.28076  3.80634e-06
nat_m_mat_dev(1987)    -0.941832  -9.7287e-08
nat_m_mat_dev(1988)    -0.275298 -7.57247e-07
nat_m_mat_dev(1989)    -0.118796 -1.66717e-06
nat_m_mat_dev(1990)     0.231654 -4.17999e-06
nat_m_mat_dev(1991)      1.00245  -1.7262e-05
nat_m_mat_dev(1992)    0.0770169 -9.12788e-07
nat_m_mat_dev(1993)    -0.011892 -1.33628e-06
nat_m_mat_dev(1994)    0.0899242  6.25925e-06
nat_m_mat_dev(1995)     0.613523   1.3408e-06
nat_m_mat_dev(1996)     0.540717 -1.75762e-06
nat_m_mat_dev(1997)     0.550957 -2.10473e-06
nat_m_mat_dev(1998)      0.68679 -4.56287e-06
nat_m_mat_dev(1999)    -0.482348 -1.60778e-06
nat_m_mat_dev(2000)    -0.638288 -7.37247e-07
nat_m_mat_dev(2001)     0.343468 -1.37499e-06
nat_m_mat_dev(2002)     0.229455 -2.66402e-06
nat_m_mat_dev(2003)    -0.300274 -7.93663e-07
nat_m_mat_dev(2004)    -0.375183  8.49332e-08
nat_m_mat_dev(2005)     0.426946  8.43004e-07
nat_m_mat_dev(2006)     0.625439  2.19628e-06
nat_m_mat_dev(2007)     0.537188   -3.935e-06
nat_m_mat_dev(2008)    0.0451627 -1.40588e-06
nat_m_mat_dev(2009)    -0.802005  2.92969e-07
nat_m_mat_dev(2010)    -0.877895  5.80828e-07
nat_m_mat_dev(2011)    -0.230556 -3.24775e-06
nat_m_mat_dev(2012)     0.716383 -7.71548e-07
nat_m_mat_dev(2013)     0.131196  -1.4077e-06
nat_m_mat_dev(2014)     0.590648 -3.60722e-06
nat_m_mat_dev(2015)     0.273938  7.37941e-07
nat_m_mat_dev(2016)   -0.0776515 -3.63086e-06
nat_m_mat_dev(2017)    0.0254026 -1.09155e-06
nat_m_mat_dev(2018)     0.810004 -5.06925e-06
nat_m_mat_dev(2019)        1.242 -1.60969e-05
nat_m_mat_dev(2020)            0 -1.26504e-06
nat_m_mat_dev(2021)     0.674511 -2.87659e-05
nat_m_mat_dev(2022)    -0.103629  3.30116e-06
nat_m_mat_dev(2023)     -1.07835  1.57322e-06
nat_m_lg_dev(1982)     0.224513   4.9129e-08
nat_m_lg_dev(1983)    -0.331927 -5.69765e-09
nat_m_lg_dev(1984)    -0.900153 -6.42983e-08
nat_m_lg_dev(1985)     0.297598  5.63181e-08
nat_m_lg_dev(1986)  -0.00371185   2.6731e-08
nat_m_lg_dev(1987)    -0.557416 -2.84323e-08
nat_m_lg_dev(1988)     0.154953   4.2299e-08
nat_m_lg_dev(1989)    0.0196686  2.90261e-08
nat_m_lg_dev(1990)    0.0806159   3.5006e-08
nat_m_lg_dev(1991)    -0.133275  1.39889e-08
nat_m_lg_dev(1992)     0.208819  4.75873e-08
nat_m_lg_dev(1993)     0.297155  5.62746e-08
nat_m_lg_dev(1994)    -0.254721  1.98241e-09
nat_m_lg_dev(1995)    -0.476009 -2.01636e-08
nat_m_lg_dev(1996)    -0.116342  1.56573e-08
nat_m_lg_dev(1997)     0.184675  4.52164e-08
nat_m_lg_dev(1998)   -0.0694685  2.02703e-08
nat_m_lg_dev(1999)   -0.0698291  2.02348e-08
nat_m_lg_dev(2000)     0.235386  5.01976e-08
nat_m_lg_dev(2001)    -0.599064  -3.2694e-08
nat_m_lg_dev(2002)    0.0100543  2.80824e-08
nat_m_lg_dev(2003)     0.181376  4.48925e-08
nat_m_lg_dev(2004)     0.286947  5.52694e-08
nat_m_lg_dev(2005)     0.173742  4.41431e-08
nat_m_lg_dev(2006)    -0.278539 -3.82328e-10
nat_m_lg_dev(2007)     0.050203  3.20224e-08
nat_m_lg_dev(2008)      0.10073  3.69791e-08
nat_m_lg_dev(2009)     0.151388  4.19492e-08
nat_m_lg_dev(2010)    0.0882255  3.57525e-08
nat_m_lg_dev(2011)    -0.329608 -5.46628e-09
nat_m_lg_dev(2012)    0.0456369  3.15744e-08
nat_m_lg_dev(2013)     0.208632  4.75689e-08
nat_m_lg_dev(2014)    -0.139502   1.3375e-08
nat_m_lg_dev(2015)     0.246388  5.12791e-08
nat_m_lg_dev(2016)      0.17757  4.45188e-08
nat_m_lg_dev(2017)    0.0162904  2.86945e-08
nat_m_lg_dev(2018)     0.101219  3.70271e-08
nat_m_lg_dev(2019)    0.0384906  3.08732e-08
nat_m_lg_dev(2020)     0.284544  5.50327e-08
nat_m_lg_dev(2021)     0.249406  5.15758e-08
nat_m_lg_dev(2022)    0.0379284   3.0818e-08
nat_m_lg_dev(2023)     0.107409  3.76343e-08
log_avg_rec      20.9454  0.000990072
rec_devs(1982)    0.0226853 -2.00872e-05
rec_devs(1983)  -0.00326157 -3.60259e-05
rec_devs(1984)     0.367104 -4.44588e-05
rec_devs(1985)      1.11489  1.55113e-05
rec_devs(1986)     0.491374 -5.70772e-06
rec_devs(1987)     0.459652  -2.7176e-05
rec_devs(1988)     0.114325 -3.46814e-05
rec_devs(1989)     0.447352 -3.28124e-05
rec_devs(1990)      1.45025 -4.24664e-05
rec_devs(1991)      1.78526 -4.29794e-05
rec_devs(1992)      1.63145 -3.46314e-05
rec_devs(1993)     0.787209  4.83834e-06
rec_devs(1994)     -0.47343 -3.48389e-05
rec_devs(1995)    -0.590668 -2.94533e-05
rec_devs(1996)    -0.278344 -3.63167e-05
rec_devs(1997)    -0.252455 -3.28001e-05
rec_devs(1998)    -0.408144 -2.11487e-05
rec_devs(1999)    -0.770711 -5.84944e-05
rec_devs(2000)    -0.555385 -4.41426e-05
rec_devs(2001)      0.30648 -2.49836e-05
rec_devs(2002)     0.373907 -3.22205e-05
rec_devs(2003)     0.361559 -5.16371e-05
rec_devs(2004)     0.229089 -3.63376e-05
rec_devs(2005)    -0.435891 -5.63626e-06
rec_devs(2006)     -1.25511 -3.91471e-05
rec_devs(2007)   -0.0893524 -4.22071e-05
rec_devs(2008)      0.81096 -2.28797e-05
rec_devs(2009)      0.21862 -2.61423e-05
rec_devs(2010)    0.0187484 -3.93912e-05
rec_devs(2011)    0.0406245 -3.86964e-05
rec_devs(2012)     0.123304 -2.90821e-05
rec_devs(2013)     0.287829 -4.51603e-05
rec_devs(2014)      1.77285 -2.59397e-05
rec_devs(2015)      1.70501  3.01889e-06
rec_devs(2016)      1.41031 -1.27661e-06
rec_devs(2017)    -0.930894 -3.65127e-05
rec_devs(2018)     -1.96502  -4.2038e-05
rec_devs(2019)     -2.25493 -3.77261e-05
rec_devs(2020)     -1.41386 -3.90679e-05
rec_devs(2021)    -0.770408 -3.64639e-05
rec_devs(2022)     0.917439 -4.28301e-05
rec_devs(2023)            0 -3.78229e-05
log_m_mu(1)     -1.35304 -0.000255945
log_m_mu(2)    -0.774265 -0.000106829
log_m_mu(3)     -1.27055 -2.66222e-08
prop_rec(1)      14.2476  1.15315e-06
prop_rec(2)      2.92524 -4.49379e-06
log_f     0.137367  2.61919e-05
f_dev(1)      -1.2676 -3.28276e-06
f_dev(2)     -1.90892 -2.72335e-06
f_dev(3)    -0.423001  1.02106e-06
f_dev(4)     0.284589  5.40462e-06
f_dev(5)   -0.0126086  2.16084e-06
f_dev(6)    0.0677598  -1.8046e-07
f_dev(7)     -0.22486   2.1794e-06
f_dev(8)    -0.282804 -8.21355e-07
f_dev(9)     0.702525  4.91416e-06
f_dev(10)     0.549135 -2.56935e-07
f_dev(11)      1.51075 -5.14374e-07
f_dev(12)     0.814354 -2.56894e-06
f_dev(13)     0.768999 -2.62767e-06
f_dev(14)       0.3881  3.68228e-06
f_dev(15)     0.451769   4.6001e-07
f_dev(16)     0.501859  2.20973e-06
f_dev(17)     0.993882 -9.36436e-07
f_dev(18)    -0.907381 -4.54881e-06
f_dev(19)    -0.964572  2.10881e-06
f_dev(20)    0.0469571  2.39371e-06
f_dev(21)     0.201393   4.1553e-06
f_dev(22)    -0.879193  1.51565e-06
f_dev(23)     -1.17496  8.02867e-07
f_dev(24)    -0.517186  1.41242e-06
f_dev(25)    0.0946986  8.35629e-06
f_dev(26)     0.338849 -1.76886e-07
f_dev(27)    -0.183859 -6.71621e-06
f_dev(28)    -0.956452 -4.81578e-07
f_dev(29)      -1.7937  1.26369e-06
f_dev(30)    -0.810021  4.64692e-06
f_dev(31)    0.0192282  1.58737e-06
f_dev(32)     0.414319 -5.04339e-07
f_dev(33)     0.650837 -4.24792e-08
f_dev(34)     0.438171 -3.71881e-07
f_dev(35)    -0.130019  3.41666e-06
f_dev(36)   -0.0186072 -1.02477e-07
f_dev(37)      1.03247  1.50189e-06
f_dev(38)      1.53202  9.19569e-07
f_dev(39)      1.78754  1.33715e-06
f_dev(40)     -1.13446   7.3901e-06
fish_ret_sel_50      96.9093 -0.000106647
fish_ret_sel_50_post      102.053  4.06225e-05
fish_ret_sel_slope     0.214615 -1.28944e-05
fish_ret_sel_slope_post     0.297361 -5.10221e-05
fish_tot_sel_offset      -9.2654 -6.21639e-06
fish_tot_sel_offset_dev(1)       18.007 -4.20463e-05
fish_tot_sel_offset_dev(2)     -34.5479  2.36541e-05
fish_tot_sel_offset_dev(3)     -36.9233 -1.80072e-05
fish_tot_sel_offset_dev(4)       -39.77  4.67505e-06
fish_tot_sel_offset_dev(5)      23.8719  3.77941e-05
fish_tot_sel_offset_dev(6)     -34.2186  2.43084e-05
fish_tot_sel_offset_dev(7)      39.8724 -4.24656e-06
fish_tot_sel_offset_dev(8)      22.4801  3.89561e-05
fish_tot_sel_offset_dev(9)      15.0789  4.36091e-05
fish_tot_sel_offset_dev(10)     -8.43525  4.59985e-05
fish_tot_sel_offset_dev(11)      26.4872  3.53029e-05
fish_tot_sel_offset_dev(12)      10.1075  4.55483e-05
fish_tot_sel_offset_dev(13)      39.5842   7.0385e-06
fish_tot_sel_offset_dev(14)     -39.6328  6.07484e-06
fish_tot_sel_offset_dev(15)      27.7887 -3.38912e-05
fish_tot_sel_offset_dev(16)       -34.53 -2.36903e-05
fish_tot_sel_offset_dev(17)     -34.4628  2.38256e-05
fish_tot_sel_offset_dev(18)      24.8836  3.68808e-05
fish_tot_sel_offset_dev(19)      -22.256   3.9081e-05
fish_tot_sel_offset_dev(20)     -13.1386 -4.44403e-05
fish_tot_sel_offset_dev(21)      9.44085  4.57452e-05
fish_tot_sel_offset_dev(22)      27.2105 -3.45339e-05
fish_tot_sel_offset_dev(23)     -35.0355  2.26385e-05
fish_tot_sel_offset_dev(24)     -39.4073  7.84643e-06
fish_tot_sel_offset_dev(25)      11.1102 -4.52248e-05
fish_tot_sel_offset_dev(26)      34.5805 -2.37232e-05
fish_tot_sel_offset_dev(27)     -19.4176  4.11261e-05
fish_tot_sel_offset_dev(28)      26.4911  3.52989e-05
fish_tot_sel_offset_dev(29)      19.6977 -4.09853e-05
fish_tot_sel_offset_dev(30)      24.4065  3.73191e-05
fish_tot_sel_offset_dev(31)      39.4284  8.15783e-06
fish_tot_sel_offset_dev(32)     -38.0775  1.42939e-05
fish_tot_sel_offset_dev(33)     -5.15246  4.66682e-05
fish_tot_sel_offset_dev(34)      9.55681  -4.5712e-05
fish_tot_sel_offset_dev(35)      38.9241 -1.10086e-05
fish_tot_sel_offset_dev(36)     -36.4987 -1.91692e-05
fish_tot_sel_offset_dev(37)       20.275  4.05944e-05
fish_tot_sel_offset_dev(38)     -39.1627  -9.3906e-06
fish_tot_sel_offset_dev(39)     -28.7708 -3.26571e-05
fish_tot_sel_offset_dev(40)      30.1547  3.09683e-05
fish_tot_sel_slope     -1.62411 -0.000129271
surv_omega     0.569239 -3.85141e-05
surv_alpha1     0.106072 -0.000109816
surv_beta1       111.59 -2.24783e-05
surv_alpha2      0.17956 -3.92143e-05
surv_beta2      41.6216 -1.01202e-05
