# Number of parameters = 308 Objective function value = 308.524545366934  Maximum gradient component = 0.000990072040888026
# log_n_imm:
 18.5624219486675 19.6727502416208 19.7547025741799 19.9026474837706 19.8713345877538 19.7893762318737 19.4940857531942 19.4072707473892 19.3791922042783 18.8505165656922 18.3241506207035 18.3689147613584 17.8283177895128 16.7965965018347 15.2468360463468 13.2765628066058 11.9710134125996 10.3162705228386 9.60518288649152 8.24091671291804 6.50584552384427
# log_n_mat:
 17.7545510681950 11.5477150928933 15.7576293398363 17.4077209327466 18.3652906125947 18.9527882235369 19.0075195131872 18.8872844288333 18.9274500240578 19.0203396930679 18.8414824542632 18.4289055073648 18.0582054777340 18.2773792000285 18.2089759532176 17.5262717229458 16.6925546443988 15.6785793726899 14.6322981428843 13.3564290602054 12.0372559898997
# nat_m_dev:
 -0.117884504946374 -0.415181477711433 -0.561907265222501 -1.04079640223234 -1.13738657300069 -0.907319779618833 -0.675297831318911 -0.407394377636286 -0.176443152376025 0.0881398584444303 -0.0293264546036659 0.187619387249984 0.135081001362220 0.229345824236527 0.558242383081287 0.685362153575317 0.224043691549929 -0.685280449108970 -0.454618546300370 0.229109721613352 -0.148423010102475 -0.286329447312726 -0.330059775381777 -0.259778798743198 -0.413055542304721 -0.322285190879400 -0.456483452830122 -0.383038590745317 0.328170275891115 0.287205649410952 0.0223326315360285 -0.0227385740188794 0.618745586080334 0.508435627540804 -0.135090765598351 -0.372240178724270 0.525050616386651 1.90222684471518 0.00000000000000 -0.782265650050489 -0.270087362482045 0.261589271774150
# nat_m_mat_dev:
 -0.238182016042145 0.594678444379836 1.32150452629616 -0.547969959987257 -1.28075885064048 -0.941832448500003 -0.275297857548492 -0.118796408049619 0.231653612029618 1.00245384212360 0.0770168727646100 -0.0118919734392557 0.0899242102509282 0.613522959008410 0.540717395905443 0.550957207312676 0.686790435334267 -0.482348436814618 -0.638287871517454 0.343468182960090 0.229455282899099 -0.300274490132077 -0.375183044336759 0.426945796557887 0.625439030953599 0.537187931989388 0.0451627114105687 -0.802005060606890 -0.877895192227475 -0.230556193950437 0.716382568103720 0.131196269937585 0.590647905049283 0.273937863583343 -0.0776514653072668 0.0254026161275146 0.810003705147538 1.24200204861315 0.00000000000000 0.674511045331868 -0.103628921086600 -1.07834748791268
# nat_m_lg_dev:
 0.224513036970226 -0.331927056132358 -0.900153322492308 0.297597914391280 -0.00371185163093879 -0.557415689927100 0.154952975560754 0.0196685750489552 0.0806158660178208 -0.133275183051870 0.208819097413251 0.297155378244872 -0.254721036941559 -0.476009051153660 -0.116342172525083 0.184675421132815 -0.0694684867307230 -0.0698290626076049 0.235386486318612 -0.599064206779738 0.0100542665798934 0.181376381130179 0.286947489270762 0.173742059009660 -0.278538502692074 0.0502029778810388 0.100730083147080 0.151387951824128 0.0882254502436507 -0.329607541658975 0.0456369104021651 0.208632276891650 -0.139502018972426 0.246388196130658 0.177569553996075 0.0162903918863931 0.101218803180774 0.0384905646583292 0.284543546488013 0.249406047917026 0.0379284119266437 0.107409069633713
# q_dev:
 0.00000000000000 0.00000000000000 0.00000000000000 0.00000000000000 0.00000000000000 0.00000000000000 0.00000000000000 0.00000000000000 0.00000000000000 0.00000000000000 0.00000000000000 0.00000000000000 0.00000000000000 0.00000000000000 0.00000000000000 0.00000000000000 0.00000000000000 0.00000000000000 0.00000000000000 0.00000000000000 0.00000000000000 0.00000000000000 0.00000000000000 0.00000000000000 0.00000000000000 0.00000000000000 0.00000000000000 0.00000000000000 0.00000000000000 0.00000000000000 0.00000000000000 0.00000000000000 0.00000000000000 0.00000000000000 0.00000000000000 0.00000000000000 0.00000000000000 0.00000000000000 0.00000000000000 0.00000000000000 0.00000000000000 0.00000000000000
# q_mat_dev:
 0.00000000000000 0.00000000000000 0.00000000000000 0.00000000000000 0.00000000000000 0.00000000000000 0.00000000000000 0.00000000000000 0.00000000000000 0.00000000000000 0.00000000000000 0.00000000000000 0.00000000000000 0.00000000000000 0.00000000000000 0.00000000000000 0.00000000000000 0.00000000000000 0.00000000000000 0.00000000000000 0.00000000000000 0.00000000000000 0.00000000000000 0.00000000000000 0.00000000000000 0.00000000000000 0.00000000000000 0.00000000000000 0.00000000000000 0.00000000000000 0.00000000000000 0.00000000000000 0.00000000000000 0.00000000000000 0.00000000000000 0.00000000000000 0.00000000000000 0.00000000000000 0.00000000000000 0.00000000000000 0.00000000000000 0.00000000000000
# q_lg_dev:
 0.00000000000000 0.00000000000000 0.00000000000000 0.00000000000000 0.00000000000000 0.00000000000000 0.00000000000000 0.00000000000000 0.00000000000000 0.00000000000000 0.00000000000000 0.00000000000000 0.00000000000000 0.00000000000000 0.00000000000000 0.00000000000000 0.00000000000000 0.00000000000000 0.00000000000000 0.00000000000000 0.00000000000000 0.00000000000000 0.00000000000000 0.00000000000000 0.00000000000000 0.00000000000000 0.00000000000000 0.00000000000000 0.00000000000000 0.00000000000000 0.00000000000000 0.00000000000000 0.00000000000000 0.00000000000000 0.00000000000000 0.00000000000000 0.00000000000000 0.00000000000000 0.00000000000000 0.00000000000000 0.00000000000000 0.00000000000000
# log_avg_rec:
20.9453627413
# rec_devs:
 0.0226853057343 -0.00326157440438 0.367104418964 1.11488858673 0.491374171714 0.459651903492 0.114324595267 0.447351980124 1.45024893847 1.78526097060 1.63144772815 0.787209490295 -0.473429941863 -0.590668379107 -0.278343608230 -0.252455343953 -0.408143749186 -0.770711086325 -0.555385161023 0.306480122311 0.373907480100 0.361558891634 0.229089026481 -0.435890534641 -1.25511342080 -0.0893523876833 0.810960040895 0.218619718788 0.0187484007077 0.0406244914167 0.123304464079 0.287828652810 1.77284887081 1.70500776601 1.41031427102 -0.930894167833 -1.96501997010 -2.25492599342 -1.41385556635 -0.770408493361 0.917439282464 0.00000000000
# sigma_m:
 1.00000000000 1.00000000000 1.00000000000
# log_m_mu:
 -1.35304212450 -0.774265450369 -1.27055042397
# prop_rec:
 14.2475963395 2.92524155693
# sigma_q:
 0.100000000000 0.100000000000
# log_f:
0.137366779792
# f_dev:
 -1.26759501039 -1.90892348293 -0.423001383033 0.284589240210 -0.0126086402005 0.0677597647288 -0.224859849732 -0.282804338060 0.702525234879 0.549134866582 1.51074634854 0.814354290324 0.768999220939 0.388100174500 0.451769151501 0.501858691986 0.993882297370 -0.907380566115 -0.964572110773 0.0469570746464 0.201393057899 -0.879193357391 -1.17496097155 -0.517185567558 0.0946986257666 0.338849404390 -0.183858837531 -0.956451687254 -1.79369886261 -0.810021061055 0.0192282435648 0.414318833343 0.650837221490 0.438170992266 -0.130019466077 -0.0186072277367 1.03247493391 1.53201536049 1.78753519658 -1.13445580591
# fish_ret_sel_50:
96.9093086862
# fish_ret_sel_50_post:
102.052586433
# fish_ret_sel_slope:
0.214615416770
# fish_ret_sel_slope_post:
0.297360847746
# fish_tot_sel_offset:
-9.26540396592
# fish_tot_sel_offset_dev:
 18.0070452956 -34.5479181275 -36.9232993240 -39.7700238912 23.8718632896 -34.2186076128 39.8724197678 22.4801146922 15.0789321635 -8.43524669544 26.4871695748 10.1074954719 39.5842392093 -39.6328008097 27.7887314424 -34.5300017184 -34.4627648695 24.8836155718 -22.2560262303 -13.1386360959 9.44084748957 27.2105129171 -35.0354901410 -39.4073204024 11.1101711744 34.5804809579 -19.4175805339 26.4910608125 19.6977013841 24.4064542853 39.4284276160 -38.0774590469 -5.15245832325 9.55681341959 38.9240722013 -36.4987013498 20.2749937084 -39.1626975365 -28.7708252918 30.1546955550
# fish_tot_sel_slope:
-1.62410715534
# surv_omega:
0.569239004025
# surv_alpha1:
0.106071921098
# surv_beta1:
111.589701231
# surv_alpha2:
0.179560198960
# surv_beta2:
41.6216104699
