# Number of parameters = 308 Objective function value = 308.524666063638  Maximum gradient component = 0.000858226110540620
# log_n_imm:
 18.5624123282629 19.6727528834339 19.7546988404622 19.9026495326383 19.8713337365622 19.7893779721800 19.4940851550584 19.4072701462709 19.3791916741731 18.8505113721402 18.3241496589591 18.3689124251013 17.8283178262852 16.7965912843505 15.2468521057658 13.2765956262402 11.9710326427268 10.3161420023915 9.60529688750601 8.24123119498563 1.01312552228519
# log_n_mat:
 17.7545518879476 11.5477234125034 15.7576228479592 17.4077238097092 18.3652901280737 18.9527865397286 19.0075182349720 18.8872838805278 18.9274495478864 19.0203377918008 18.8414820542228 18.4289046712629 18.0582036777542 18.2773781042109 18.2089731792808 17.5262685329864 16.6925502447124 15.6785759484954 14.6322975492079 13.3564235706708 12.0407797868446
# nat_m_dev:
 -0.117886116941729 -0.415183279538382 -0.561903019065692 -1.04079738530186 -1.13738757439428 -0.907315942527965 -0.675292051786247 -0.407394003249171 -0.176444618973948 0.0881408362642137 -0.0293297936531206 0.187616975425660 0.135081301169386 0.229346630271612 0.558241384070377 0.685367268423502 0.224040264073802 -0.685278557900470 -0.454616552410489 0.229112764250502 -0.148430636886326 -0.286333377201097 -0.330049348050329 -0.259771996013118 -0.413057027277881 -0.322283527061685 -0.456483265226792 -0.383040960741595 0.328167522094617 0.287202209789214 0.0223324704739786 -0.0227304212715799 0.618743108300768 0.508432579870477 -0.135097026881099 -0.372246534460023 0.525048053341615 1.90222778814048 0.00000000000000 -0.782263380511870 -0.270086967459981 0.261589584524763
# nat_m_mat_dev:
 -0.238186173582686 0.594680802775323 1.32150330947172 -0.547970662149030 -1.28075895327608 -0.941830901698134 -0.275296217894809 -0.118797003228114 0.231652328292164 1.00245456094543 0.0770155243966264 -0.0118912677679157 0.0899243260159852 0.613522997391148 0.540718212131149 0.550957896151301 0.686788991233861 -0.482348489217077 -0.638286434287346 0.343467331486353 0.229455137947527 -0.300272842967402 -0.375181033059417 0.426947299508739 0.625437040733516 0.537188637849136 0.0451620902762886 -0.802005950169330 -0.877896156662333 -0.230557603371043 0.716382818379893 0.131199256303483 0.590646646954102 0.273936755883514 -0.0776543816276862 0.0253997159809792 0.810008006508835 1.24200222640997 0.00000000000000 0.674511099608340 -0.103627356013021 -1.07834681639916
# nat_m_lg_dev:
 0.299060691960205 -0.156608540690717 1.33851015558258 -0.125164492007348 1.47844956813338 0.327963377125703 -1.32944620691781 1.63882766264372 0.629922942085956 0.297954566365530 -1.42164819183808 -0.937996635875658 0.189885733694349 -1.64441073128677 -0.818665399517700 0.749185797279196 -1.75448224603213 -1.85710242326465 -0.947555282008170 1.46703679840798 1.93468675895631 1.01127345579474 -1.04344936959488 -0.664332798754940 -1.75388019557987 1.48099578298829 0.564189811134847 -1.76446402841448 1.48116491769203 -0.906979269242173 -0.977410451395874 1.13960411839539 -0.834603255250566 -2.04409244262972 0.518221600936617 2.23423248340775 -0.506321411213537 -2.02638734500782 1.95870618800142 1.41829777171765 0.894765389930967 0.462065144288290
# q_dev:
 0.00000000000000 0.00000000000000 0.00000000000000 0.00000000000000 0.00000000000000 0.00000000000000 0.00000000000000 0.00000000000000 0.00000000000000 0.00000000000000 0.00000000000000 0.00000000000000 0.00000000000000 0.00000000000000 0.00000000000000 0.00000000000000 0.00000000000000 0.00000000000000 0.00000000000000 0.00000000000000 0.00000000000000 0.00000000000000 0.00000000000000 0.00000000000000 0.00000000000000 0.00000000000000 0.00000000000000 0.00000000000000 0.00000000000000 0.00000000000000 0.00000000000000 0.00000000000000 0.00000000000000 0.00000000000000 0.00000000000000 0.00000000000000 0.00000000000000 0.00000000000000 0.00000000000000 0.00000000000000 0.00000000000000 0.00000000000000
# q_mat_dev:
 0.00000000000000 0.00000000000000 0.00000000000000 0.00000000000000 0.00000000000000 0.00000000000000 0.00000000000000 0.00000000000000 0.00000000000000 0.00000000000000 0.00000000000000 0.00000000000000 0.00000000000000 0.00000000000000 0.00000000000000 0.00000000000000 0.00000000000000 0.00000000000000 0.00000000000000 0.00000000000000 0.00000000000000 0.00000000000000 0.00000000000000 0.00000000000000 0.00000000000000 0.00000000000000 0.00000000000000 0.00000000000000 0.00000000000000 0.00000000000000 0.00000000000000 0.00000000000000 0.00000000000000 0.00000000000000 0.00000000000000 0.00000000000000 0.00000000000000 0.00000000000000 0.00000000000000 0.00000000000000 0.00000000000000 0.00000000000000
# q_lg_dev:
 0.00000000000000 0.00000000000000 0.00000000000000 0.00000000000000 0.00000000000000 0.00000000000000 0.00000000000000 0.00000000000000 0.00000000000000 0.00000000000000 0.00000000000000 0.00000000000000 0.00000000000000 0.00000000000000 0.00000000000000 0.00000000000000 0.00000000000000 0.00000000000000 0.00000000000000 0.00000000000000 0.00000000000000 0.00000000000000 0.00000000000000 0.00000000000000 0.00000000000000 0.00000000000000 0.00000000000000 0.00000000000000 0.00000000000000 0.00000000000000 0.00000000000000 0.00000000000000 0.00000000000000 0.00000000000000 0.00000000000000 0.00000000000000 0.00000000000000 0.00000000000000 0.00000000000000 0.00000000000000 0.00000000000000 0.00000000000000
# log_avg_rec:
20.9953470200
# rec_devs:
 -0.0272975032725 -0.0532458387297 0.317120859111 1.06490511342 0.441390111302 0.409668290120 0.0643402557064 0.397366861469 1.40026524323 1.73527537394 1.58146386833 0.737225786656 -0.523414224129 -0.640649982195 -0.328326663445 -0.302439465505 -0.458127426322 -0.820694911656 -0.605368414012 0.256496083757 0.323923791206 0.311576536706 0.179106485144 -0.485875966856 -1.30509696721 -0.139337592180 0.760974709198 0.168633465007 -0.0312366405336 -0.00936002484499 0.0733196208129 0.237843578996 1.72286242561 1.65502150618 1.36032996458 -0.980880817339 -2.01499583956 -2.30491024552 -1.46383916021 -0.820393642183 0.867455625838 0.00000000000
# sigma_m:
 1.00000000000 1.00000000000 1.00000000000
# log_m_mu:
 -1.35304183638 -0.774265512645 -1.08265455749
# prop_rec:
 14.2475868704 2.92523206649
# sigma_q:
 0.100000000000 0.100000000000
# log_f:
0.137367703310
# f_dev:
 -1.26759308373 -1.90892192180 -0.423001283705 0.284588025138 -0.0126092511361 0.0677597274574 -0.224859726591 -0.282803860694 0.702525291537 0.549135788036 1.51074656667 0.814353898953 0.768998971129 0.388099467120 0.451768708073 0.501858715349 0.993881903940 -0.907380652051 -0.964572063297 0.0469573194106 0.201393529853 -0.879193017221 -1.17496079553 -0.517184964912 0.0946988791943 0.338849951892 -0.183858007082 -0.956451049366 -1.79369886555 -0.810021595658 0.0192280731026 0.414319595663 0.650837930020 0.438171054272 -0.130020833969 -0.0186110914826 1.03247429488 1.53201567792 1.78753493123 -1.13445623706
# fish_ret_sel_50:
96.9093070445
# fish_ret_sel_50_post:
102.052586509
# fish_ret_sel_slope:
0.214615385551
# fish_ret_sel_slope_post:
0.297360812378
# fish_tot_sel_offset:
-9.26541000581
# fish_tot_sel_offset_dev:
 -34.2922036333 -35.2766236932 35.0358607369 39.8507011095 -39.7045309538 -38.5764928926 37.3328984510 -38.6696666629 -22.4757562362 25.8618153815 -30.3797811801 4.35252198304 5.59758665593 14.6884543787 -19.1314582280 34.2072428914 38.4164158126 14.2094626433 38.9332854569 -39.8366733139 38.9780258815 -12.2498336284 -14.1614822371 18.4660183592 -39.9451513718 -12.8420499854 21.6392359975 -26.2241199298 32.6927866326 -26.3236837594 12.1621756314 27.2990039522 -5.80979503031 28.2124005123 -34.6837272442 27.4850267990 -18.5264806626 -6.27687179333 -15.3548544896 15.3203176595
# fish_tot_sel_slope:
-1.62410716312
# surv_omega:
0.569239099618
# surv_alpha1:
0.106071864955
# surv_beta1:
111.589692954
# surv_alpha2:
0.179560376978
# surv_beta2:
41.6216047489
