# Number of parameters = 308 Objective function value = 350.375251166656  Maximum gradient component = 0.000270494896270700
# log_n_imm:
 15.4472195902456 19.4131348421219 19.8360007154371 19.9268932245655 19.9222076144164 19.8163255502040 19.5071356492423 19.3850963444246 19.3332689230795 18.8056565612138 18.2803299081924 18.3329678798121 17.8209572416521 16.8442926578454 15.3021605617547 13.3188332912290 11.9886403856976 10.3259524552157 9.60841185970754 8.21949227487486 6.43558931110217
# log_n_mat:
 16.7443569748148 10.9388291578773 15.5809937771899 17.7100609685061 18.6312592843559 19.2085856225560 19.2056350909304 18.9660081665705 18.9192470219081 18.9346245079015 18.6764667208036 18.2223357194190 17.8455182948840 18.1074280783584 18.0999025425740 17.4478371579308 16.6345475322781 15.6365334441197 14.5967266633152 13.3316215989618 12.0229780638604
# nat_m_dev:
 -0.0334828859183783 -0.399989742389775 -0.573494497047609 -1.03026556830845 -1.12963867035117 -0.889646651309380 -0.632205281443100 -0.388004798953944 -0.178000217981950 0.0985188516498387 -0.0637730348415098 0.189470738014971 0.173890415743694 0.267225818680442 0.617149073357100 0.610978134621028 0.168646733470652 -0.690354182247329 -0.438811270962569 0.225625434023501 -0.203556826029257 -0.323547905424778 -0.364343540970448 -0.254710830190562 -0.407907179514250 -0.315697438151879 -0.429954098816510 -0.421588801597220 0.176411063460299 0.377184847871427 0.0382045443900398 -0.0873669387010041 0.670904443278155 0.392847764542357 -0.122221434864611 -0.329567694071206 0.553272090538852 1.94225104368013 0.00000000000000 -0.778385184359625 -0.333305257004011 0.317223261031017
# nat_m_mat_dev:
 -0.192666537624856 0.641285873850044 1.37775685420191 -0.446647371131535 -1.23767177084688 -0.997766643626488 -0.437640564749884 -0.138124783769988 0.288481378214869 1.00145829643133 0.0981784543016102 -0.156847348241525 -0.0522589296159673 0.610157154370025 0.561271464808651 0.585511000032340 0.751879904577594 -0.458610284109462 -0.662800506318647 0.337849076346220 0.377638761395538 -0.181062443587602 -0.325299840360096 0.378389862803083 0.577265988481411 0.618711342829234 0.0662028090031438 -0.793380763696267 -0.877246371025658 -0.309723578002184 0.719459135773017 0.205117406308318 0.590631977897183 0.340681064425352 -0.183078805821266 -0.186527534863836 0.735859095030820 1.26152754657853 0.00000000000000 0.701753814058458 -0.122240817033790 -1.06741950838491
# nat_m_lg_dev:
 2.81711476605304 0.582627780994535 0.368593374444132 3.90170880070906 3.90676445646676 2.01523190042827 -3.47833883651610 1.74448269343187 -0.351084258984843 -0.960331811262024 -1.33387316600102 1.75925145179309 -3.95497110506189 0.173890225606236 1.44103626535980 -2.12513719718129 2.19565572034025 2.04709900485546 -2.47402304914359 -1.60389641221521 -2.47089041412247 -3.23879581653731 -1.26963832899850 -0.665117731765945 0.203748854891421 3.92880329881865 -3.94731951961184 3.69756254392310 3.96947931068729 -3.21740164741061 -0.178022449782612 3.19686640309967 -2.27039980506462 -1.76147701880123 3.80624352089088 0.822054427698745 3.29476094740288 -3.38012729303966 -3.97557740942809 -1.37956782567087 1.81118380949349 -3.64816846078890
# q_dev:
 0.00000000000000 0.00000000000000 0.00000000000000 0.00000000000000 0.00000000000000 0.00000000000000 0.00000000000000 0.00000000000000 0.00000000000000 0.00000000000000 0.00000000000000 0.00000000000000 0.00000000000000 0.00000000000000 0.00000000000000 0.00000000000000 0.00000000000000 0.00000000000000 0.00000000000000 0.00000000000000 0.00000000000000 0.00000000000000 0.00000000000000 0.00000000000000 0.00000000000000 0.00000000000000 0.00000000000000 0.00000000000000 0.00000000000000 0.00000000000000 0.00000000000000 0.00000000000000 0.00000000000000 0.00000000000000 0.00000000000000 0.00000000000000 0.00000000000000 0.00000000000000 0.00000000000000 0.00000000000000 0.00000000000000 0.00000000000000
# q_mat_dev:
 0.00000000000000 0.00000000000000 0.00000000000000 0.00000000000000 0.00000000000000 0.00000000000000 0.00000000000000 0.00000000000000 0.00000000000000 0.00000000000000 0.00000000000000 0.00000000000000 0.00000000000000 0.00000000000000 0.00000000000000 0.00000000000000 0.00000000000000 0.00000000000000 0.00000000000000 0.00000000000000 0.00000000000000 0.00000000000000 0.00000000000000 0.00000000000000 0.00000000000000 0.00000000000000 0.00000000000000 0.00000000000000 0.00000000000000 0.00000000000000 0.00000000000000 0.00000000000000 0.00000000000000 0.00000000000000 0.00000000000000 0.00000000000000 0.00000000000000 0.00000000000000 0.00000000000000 0.00000000000000 0.00000000000000 0.00000000000000
# q_lg_dev:
 0.00000000000000 0.00000000000000 0.00000000000000 0.00000000000000 0.00000000000000 0.00000000000000 0.00000000000000 0.00000000000000 0.00000000000000 0.00000000000000 0.00000000000000 0.00000000000000 0.00000000000000 0.00000000000000 0.00000000000000 0.00000000000000 0.00000000000000 0.00000000000000 0.00000000000000 0.00000000000000 0.00000000000000 0.00000000000000 0.00000000000000 0.00000000000000 0.00000000000000 0.00000000000000 0.00000000000000 0.00000000000000 0.00000000000000 0.00000000000000 0.00000000000000 0.00000000000000 0.00000000000000 0.00000000000000 0.00000000000000 0.00000000000000 0.00000000000000 0.00000000000000 0.00000000000000 0.00000000000000 0.00000000000000 0.00000000000000
# log_avg_rec:
20.7532786224
# rec_devs:
 0.0645975094761 0.101670804298 0.326117573783 1.12673505917 0.930464993754 0.468776511537 0.346446400730 0.371071455904 1.30876142610 1.83206914057 1.80511593697 1.19745839974 -0.228106369050 -0.594039623634 -0.208361553211 -0.276265788103 -0.237157032120 -0.695257611493 -0.586676610093 0.286634047591 0.407206855166 0.624271318467 0.181275014958 0.0958501227376 -1.27150284093 -0.175326881986 0.719909529105 0.602204451669 -0.0637962719735 0.166989593122 0.166460526979 -0.0441650706833 1.62867693763 1.74464015567 1.66605026506 0.144637365669 -3.63628861854 -1.82405862854 -1.83904730119 -0.745158137279 0.373856017968 0.00000000000
# sigma_m:
 1.00000000000 1.00000000000 1.00000000000
# log_m_mu:
 -1.37806576855 -0.780627322942 -1.04298713057
# prop_rec:
 35.1614631378 21.2129042619
# sigma_q:
 0.100000000000 0.100000000000
# log_f:
0.140501607321
# f_dev:
 -1.18723361267 -1.84844208590 -0.354988330745 0.340479336156 0.0314086169461 0.0462666193926 -0.263425693947 -0.322058371053 0.696556787580 0.554177790293 1.56955448456 0.835970393933 0.710609506084 0.346570842806 0.442411295472 0.499298312397 1.01326660318 -0.868838140031 -0.942597352632 0.0199838468342 0.214495217661 -0.846706423020 -1.11996744651 -0.493061179799 0.00795944543245 0.325939383852 -0.211647224589 -0.966661373084 -1.78610007283 -0.829469937510 -0.0305667559507 0.389004596285 0.667176458846 0.473758578858 -0.126043885811 -0.114195911278 0.904536438825 1.49061483925 1.82047839903 -1.08851399631
# fish_ret_sel_50:
96.9012428454
# fish_ret_sel_50_post:
102.027351609
# fish_ret_sel_slope:
0.213797846938
# fish_ret_sel_slope_post:
0.295641160388
# fish_tot_sel_offset:
-9.04530632048
# fish_tot_sel_offset_dev:
 -4.70980322273 39.5414938061 22.1118798254 -16.1838706349 32.2768365018 27.1394165987 -39.0140442324 -39.3531898825 -28.0438140029 -5.85641799755 10.9269238218 -30.4021460030 -33.9675156239 -28.7317358186 14.3457318181 8.08859283928 7.13243048203 -18.2663376413 39.0552197189 39.2840157648 17.9637180322 22.2766649899 -4.55416796343 -14.3591074221 -2.76318458414 -30.0651309694 -39.9996388488 26.1019941732 -22.7047203295 -34.4347172964 36.5109753015 15.8618299672 10.4273671080 35.3318089894 -32.3052499594 -28.6514805888 39.5294142773 -22.2952463903 35.1722886600 -2.41708326345
# fish_tot_sel_slope:
-1.61868431797
# surv_omega:
0.999999940936
# surv_alpha1:
0.0293762703278
# surv_beta1:
79.7156392237
# surv_alpha2:
4.23351337712
# surv_beta2:
34.0512682608
