# Number of parameters = 308 Objective function value = 308.524545349741  Maximum gradient component = 0.000791539258086098
# log_n_imm:
 18.5624254241181 19.6727511700351 19.7547043358638 19.9026487378883 19.8713358399684 19.7893776885418 19.4940872406219 19.4072717355738 19.3791935369404 18.8505182246099 18.3241520101048 18.3689169391878 17.8283185161460 16.7965990628154 15.2468353221896 13.2765624837341 11.9709950558715 10.3160900643877 9.60544412508320 8.24195830380710 6.50499013895683
# log_n_mat:
 17.7545525145496 11.5477145630661 15.7576269357528 17.4077122597378 18.3652902832712 18.9527878376818 19.0075191544610 18.8872845181652 18.9274497960778 19.0203385724419 18.8414822909429 18.4289049228495 18.0582055999284 18.2773781465402 18.2089753889178 17.5262716501940 16.6925549423835 15.6785802525393 14.6322988530297 13.3563914128327 12.0372605405306
# nat_m_dev:
 -0.117876577652064 -0.415181572932884 -0.561908888315415 -1.04079639553972 -1.13738663498923 -0.907319181875619 -0.675296566940923 -0.407393366860230 -0.176443395539103 0.0881389102959291 -0.0293232236209745 0.187620882766539 0.135080101009423 0.229345357607779 0.558245242974372 0.685360644375774 0.224038932084762 -0.685279016771272 -0.454617256692845 0.229101134985097 -0.148425055325661 -0.286329727530292 -0.330059402027339 -0.259776155203916 -0.413055848292112 -0.322288894721464 -0.456483553286043 -0.383037616640262 0.328170816530572 0.287205751824186 0.0223309460648426 -0.0227408160779899 0.618751417523075 0.508435713399415 -0.135089901519165 -0.372239974210995 0.525048668646172 1.90222701466730 0.00000000000000 -0.782266013971578 -0.270087785500696 0.261588643415920
# nat_m_mat_dev:
 -0.238181332301841 0.594678188045150 1.32150409599316 -0.547970875304686 -1.28075951977368 -0.941832275987270 -0.275296767302059 -0.118796094264750 0.231652644686294 1.00245378250955 0.0770173337852954 -0.0118910175325807 0.0899240605620854 0.613522295843289 0.540717087579459 0.550956700013947 0.686790160216715 -0.482348428022953 -0.638287770513301 0.343468778925225 0.229455665044272 -0.300272979704007 -0.375181591613846 0.426947320598877 0.625438310500384 0.537188224510763 0.0451625614610455 -0.802004644062506 -0.877894254005458 -0.230555907365345 0.716381853652270 0.131197151842075 0.590648164307309 0.273936337486460 -0.0776525209136275 0.0254021663257595 0.810002957547521 1.24200214473141 0.00000000000000 0.674511098984731 -0.103629937846483 -1.07834836990213
# nat_m_lg_dev:
 1.30444446469772 -1.13428488737810 3.57613658787660 1.32470235632383 -3.36023313096439 1.34801774008340 1.35653727640324 -1.56501997162375 2.84367062281566 1.65253958069045 -1.47064922128363 3.09982490684851 -1.11693256078727 -3.92665044806422 1.40647482819291 -3.38423870539307 -3.72984179990697 0.937314988942828 0.405847829025435 3.52169851369089 -3.22250857465154 -3.45317184527185 2.69682275073172 2.64741077513769 -3.34862387561239 -2.85591944775666 3.64578832289782 -2.00751086074166 2.53084309131790 -3.46944509710944 -3.67490608881803 2.48472471734541 1.99004446107117 2.78141152123915 -1.17783133936223 1.36379440619281 1.39211416696540 2.14208864230811 -1.78905727050759 1.62327657158661 -1.57094783967672 -1.81775615747573
# q_dev:
 0.00000000000000 0.00000000000000 0.00000000000000 0.00000000000000 0.00000000000000 0.00000000000000 0.00000000000000 0.00000000000000 0.00000000000000 0.00000000000000 0.00000000000000 0.00000000000000 0.00000000000000 0.00000000000000 0.00000000000000 0.00000000000000 0.00000000000000 0.00000000000000 0.00000000000000 0.00000000000000 0.00000000000000 0.00000000000000 0.00000000000000 0.00000000000000 0.00000000000000 0.00000000000000 0.00000000000000 0.00000000000000 0.00000000000000 0.00000000000000 0.00000000000000 0.00000000000000 0.00000000000000 0.00000000000000 0.00000000000000 0.00000000000000 0.00000000000000 0.00000000000000 0.00000000000000 0.00000000000000 0.00000000000000 0.00000000000000
# q_mat_dev:
 0.00000000000000 0.00000000000000 0.00000000000000 0.00000000000000 0.00000000000000 0.00000000000000 0.00000000000000 0.00000000000000 0.00000000000000 0.00000000000000 0.00000000000000 0.00000000000000 0.00000000000000 0.00000000000000 0.00000000000000 0.00000000000000 0.00000000000000 0.00000000000000 0.00000000000000 0.00000000000000 0.00000000000000 0.00000000000000 0.00000000000000 0.00000000000000 0.00000000000000 0.00000000000000 0.00000000000000 0.00000000000000 0.00000000000000 0.00000000000000 0.00000000000000 0.00000000000000 0.00000000000000 0.00000000000000 0.00000000000000 0.00000000000000 0.00000000000000 0.00000000000000 0.00000000000000 0.00000000000000 0.00000000000000 0.00000000000000
# q_lg_dev:
 0.00000000000000 0.00000000000000 0.00000000000000 0.00000000000000 0.00000000000000 0.00000000000000 0.00000000000000 0.00000000000000 0.00000000000000 0.00000000000000 0.00000000000000 0.00000000000000 0.00000000000000 0.00000000000000 0.00000000000000 0.00000000000000 0.00000000000000 0.00000000000000 0.00000000000000 0.00000000000000 0.00000000000000 0.00000000000000 0.00000000000000 0.00000000000000 0.00000000000000 0.00000000000000 0.00000000000000 0.00000000000000 0.00000000000000 0.00000000000000 0.00000000000000 0.00000000000000 0.00000000000000 0.00000000000000 0.00000000000000 0.00000000000000 0.00000000000000 0.00000000000000 0.00000000000000 0.00000000000000 0.00000000000000 0.00000000000000
# log_avg_rec:
20.8316017465
# rec_devs:
 0.136446393352 0.110499602546 0.480865099179 1.22864961112 0.605134846333 0.573413319870 0.228085476043 0.561113115154 1.56401005312 1.89902256575 1.74520906776 0.900969411304 -0.359668786494 -0.476909005024 -0.164583870553 -0.138696702826 -0.294384204930 -0.656951535633 -0.441625983761 0.420240317474 0.487668720982 0.475320029740 0.342849982759 -0.322129967820 -1.14135256296 0.0244088597549 0.924721105443 0.332380760006 0.132509790792 0.154385883772 0.237065718034 0.401591141551 1.88661045375 1.81876818509 1.52407432917 -0.817135705481 -1.85125764812 -2.14116647224 -1.30009467999 -0.656648150250 1.03120019099 0.00000000000
# sigma_m:
 1.00000000000 1.00000000000 1.00000000000
# log_m_mu:
 -1.35304227815 -0.774265420023 -1.15045320632
# prop_rec:
 14.2475923008 2.92523968322
# sigma_q:
 0.100000000000 0.100000000000
# log_f:
0.137364870793
# f_dev:
 -1.26759439446 -1.90892310657 -0.423001573107 0.284588602135 -0.0126092258561 0.0677595534128 -0.224859651416 -0.282803802801 0.702525131975 0.549134462493 1.51074624638 0.814354630178 0.769000272158 0.388100789211 0.451769253484 0.501859040022 0.993882633114 -0.907380488992 -0.964571978269 0.0469572624240 0.201392422780 -0.879194511592 -1.17496187779 -0.517185793732 0.0946981493971 0.338848918395 -0.183858989788 -0.956451704065 -1.79369835366 -0.810020432084 0.0192285703405 0.414318721097 0.650836845132 0.438170730290 -0.130019578289 -0.0186070546809 1.03247515457 1.53201546715 1.78753503732 -1.13445537630
# fish_ret_sel_50:
96.9093140259
# fish_ret_sel_50_post:
102.052586954
# fish_ret_sel_slope:
0.214615485586
# fish_ret_sel_slope_post:
0.297360841746
# fish_tot_sel_offset:
-9.26538486262
# fish_tot_sel_offset_dev:
 12.0296569494 -30.9221343227 28.2542294747 2.87020560212 0.0909500925225 3.20284567112 -38.9853315639 -39.9475194699 -39.9520885253 38.7727544928 32.1026444073 -23.4061354759 36.6294219023 -8.88346717660 30.1472752257 25.5613756743 26.4754121807 -28.3610097748 -37.0157277917 3.19983766247 20.0985578857 -30.0116168501 -24.8580942327 39.4155832927 -22.4065935809 -31.4688928003 11.7474512243 -39.5974480368 -30.6789236226 29.3825388227 32.0953928305 -28.7304934643 14.7624782655 35.5597041717 1.45405960374 17.1849203637 -38.7039004324 35.3451976897 -19.4976506165 37.0445342519
# fish_tot_sel_slope:
-1.62410691920
# surv_omega:
0.569238956514
# surv_alpha1:
0.106071963592
# surv_beta1:
111.589711799
# surv_alpha2:
0.179560245422
# surv_beta2:
41.6216091825
