# Number of parameters = 308 Objective function value = 308.524545359463  Maximum gradient component = 0.000857010814682924
# log_n_imm:
 18.5624187869597 19.6727494441243 19.7547023738381 19.9026463958476 19.8713340534508 19.7893757498064 19.4940858293208 19.4072697084726 19.3791928305322 18.8505162943007 18.3241492395687 18.3689149506520 17.8283182497333 16.7965924954894 15.2468365286315 13.2765681512549 11.9710019637987 10.3162887107702 9.60521550206141 8.24091057883328 6.50542575852218
# log_n_mat:
 17.7545507846494 11.5477152098993 15.7576293731298 17.4077203536482 18.3652900275717 18.9527883362032 19.0075190090836 18.8872838925348 18.9274496459781 19.0203393723218 18.8414827199251 18.4289056861600 18.0582081640377 18.2773798844050 18.2089769439066 17.5262724248111 16.6925561845613 15.6785823509922 14.6322995470678 13.3564276265472 12.0372639530654
# nat_m_dev:
 -0.117881476309581 -0.415186588940039 -0.561915514107419 -1.04079596058386 -1.13738593773556 -0.907319024130747 -0.675295365355000 -0.407391158965917 -0.176441801998893 0.0881394559969595 -0.0293272876607184 0.187618095477073 0.135085035234222 0.229345569990431 0.558239306739815 0.685361779682601 0.224046474304250 -0.685279467939220 -0.454618724790355 0.229109572444743 -0.148421292509001 -0.286335305247126 -0.330063085065675 -0.259780946568002 -0.413053188346159 -0.322281601655858 -0.456481552119983 -0.383039471485945 0.328171946887570 0.287206963427762 0.0223306405268755 -0.0227369824348236 0.618743164670027 0.508438962858169 -0.135089958376334 -0.372242525935803 0.525050345436791 1.90222676595432 0.00000000000000 -0.782264899125311 -0.270087305751784 0.261589720651821
# nat_m_mat_dev:
 -0.238184220578123 0.594679268187036 1.32150393711938 -0.547968699248861 -1.28075786159916 -0.941832813801996 -0.275299115940828 -0.118795303256615 0.231654290012098 1.00245328111947 0.0770162774924742 -0.0118912440269990 0.0899263815122721 0.613522442157350 0.540717224764890 0.550957246321030 0.686791516818570 -0.482348470165375 -0.638289789517519 0.343467333141100 0.229457722724725 -0.300275550331143 -0.375183074478867 0.426946170686407 0.625441263392405 0.537188010471290 0.0451633087148812 -0.802005321551551 -0.877895552149487 -0.230555975865825 0.716381182160046 0.131195424026467 0.590650083771153 0.273937154496008 -0.0776536345673061 0.0253984920568810 0.810003512180849 1.24200272145595 0.00000000000000 0.674511848584358 -0.103628565095571 -1.07834610659198
# nat_m_lg_dev:
 0.0548120482012821 0.203633393703942 -0.0847971588293760 0.185222278535191 -0.0659023860646394 0.197150558736889 0.112107333691878 0.115090599853613 0.0460474931150275 0.133176119811664 -0.123478589421250 -0.194913164481371 0.0561569384728021 0.181278611523768 0.132656545530676 0.0999253577233262 -0.235145809462080 -0.261817009250073 -0.415996977781672 -0.0321621981441723 0.0799117343503769 0.136742326117229 -0.151435515806994 0.109297747156026 0.00667820102929351 0.219863927841495 -0.298342200704948 -0.219218081300992 0.123809738432812 0.0375654557813004 0.115152792743804 -0.637133120964374 0.0753249677534437 0.140404463120991 0.362104514777130 -0.0854741180340951 -0.0247264789607381 -0.143043287598371 -0.0822435505728306 0.151186799992240 -0.0134179881193998 -0.00605231249882642
# q_dev:
 0.00000000000000 0.00000000000000 0.00000000000000 0.00000000000000 0.00000000000000 0.00000000000000 0.00000000000000 0.00000000000000 0.00000000000000 0.00000000000000 0.00000000000000 0.00000000000000 0.00000000000000 0.00000000000000 0.00000000000000 0.00000000000000 0.00000000000000 0.00000000000000 0.00000000000000 0.00000000000000 0.00000000000000 0.00000000000000 0.00000000000000 0.00000000000000 0.00000000000000 0.00000000000000 0.00000000000000 0.00000000000000 0.00000000000000 0.00000000000000 0.00000000000000 0.00000000000000 0.00000000000000 0.00000000000000 0.00000000000000 0.00000000000000 0.00000000000000 0.00000000000000 0.00000000000000 0.00000000000000 0.00000000000000 0.00000000000000
# q_mat_dev:
 0.00000000000000 0.00000000000000 0.00000000000000 0.00000000000000 0.00000000000000 0.00000000000000 0.00000000000000 0.00000000000000 0.00000000000000 0.00000000000000 0.00000000000000 0.00000000000000 0.00000000000000 0.00000000000000 0.00000000000000 0.00000000000000 0.00000000000000 0.00000000000000 0.00000000000000 0.00000000000000 0.00000000000000 0.00000000000000 0.00000000000000 0.00000000000000 0.00000000000000 0.00000000000000 0.00000000000000 0.00000000000000 0.00000000000000 0.00000000000000 0.00000000000000 0.00000000000000 0.00000000000000 0.00000000000000 0.00000000000000 0.00000000000000 0.00000000000000 0.00000000000000 0.00000000000000 0.00000000000000 0.00000000000000 0.00000000000000
# q_lg_dev:
 0.00000000000000 0.00000000000000 0.00000000000000 0.00000000000000 0.00000000000000 0.00000000000000 0.00000000000000 0.00000000000000 0.00000000000000 0.00000000000000 0.00000000000000 0.00000000000000 0.00000000000000 0.00000000000000 0.00000000000000 0.00000000000000 0.00000000000000 0.00000000000000 0.00000000000000 0.00000000000000 0.00000000000000 0.00000000000000 0.00000000000000 0.00000000000000 0.00000000000000 0.00000000000000 0.00000000000000 0.00000000000000 0.00000000000000 0.00000000000000 0.00000000000000 0.00000000000000 0.00000000000000 0.00000000000000 0.00000000000000 0.00000000000000 0.00000000000000 0.00000000000000 0.00000000000000 0.00000000000000 0.00000000000000 0.00000000000000
# log_avg_rec:
21.0670163578
# rec_devs:
 -0.0989695782954 -0.124915801153 0.245450807148 0.993235429896 0.369720584109 0.337999208350 -0.00732927621034 0.325698621077 1.32859532928 1.66360703505 1.50979381511 0.665555236672 -0.595082935692 -0.712323367507 -0.399997294043 -0.374108338032 -0.529797031465 -0.892365555824 -0.677039023698 0.184825897905 0.252253260439 0.239904744990 0.107435578583 -0.557544569745 -1.37676758424 -0.211005371345 0.689306861664 0.0969657450665 -0.102904964917 -0.0810296741338 0.00165053212833 0.166174798807 1.65119544345 1.58335433873 1.28865981837 -1.05254388216 -2.08667759791 -2.37657868663 -1.53550945055 -0.892061848484 0.795785961029 0.00000000000
# sigma_m:
 1.00000000000 1.00000000000 1.00000000000
# log_m_mu:
 -1.35304223270 -0.774265579499 -1.71715886820
# prop_rec:
 14.2475952019 2.92524182268
# sigma_q:
 0.100000000000 0.100000000000
# log_f:
0.137366080378
# f_dev:
 -1.26759582382 -1.90892318665 -0.423001771147 0.284587998404 -0.0126093920104 0.0677594873956 -0.224859944985 -0.282804183004 0.702525431949 0.549135390309 1.51074574449 0.814353939578 0.768999642501 0.388100620194 0.451769458698 0.501858555840 0.993882617515 -0.907379632724 -0.964571631221 0.0469565559711 0.201393259484 -0.879192796637 -1.17496092519 -0.517185679042 0.0946987399554 0.338849713861 -0.183858670914 -0.956451382545 -1.79369826271 -0.810020654565 0.0192278414138 0.414317491522 0.650837584365 0.438172166189 -0.130019324642 -0.0186079048942 1.03247340543 1.53201540477 1.78753545374 -1.13445533688
# fish_ret_sel_50:
96.9093070867
# fish_ret_sel_50_post:
102.052586432
# fish_ret_sel_slope:
0.214615432930
# fish_ret_sel_slope_post:
0.297360858751
# fish_tot_sel_offset:
-9.26540141145
# fish_tot_sel_offset_dev:
 10.9799725086 37.2098405682 6.17321276000 -12.4563381805 -33.6050601503 -28.6489940768 -18.5235150241 -14.7763350382 -39.9956297118 39.0539233021 -15.3926575489 -3.41703638201 -18.8393908901 -26.5322907678 39.8489348987 15.8561576189 23.5617088994 24.7144431353 38.8525385092 -16.4005235490 -17.0057827903 38.6289760807 34.1822272026 23.0035023746 32.1152984339 -23.7515343152 21.8473579298 -28.4112502355 2.04559195007 -34.5097241449 0.209234852545 -25.2437439978 -39.5194690249 11.2985956826 2.93699421113 18.3361742698 -38.8089893392 -39.8304134531 39.9558241904 14.8581692421
# fish_tot_sel_slope:
-1.62410712540
# surv_omega:
0.569238949824
# surv_alpha1:
0.106071977325
# surv_beta1:
111.589704841
# surv_alpha2:
0.179560155041
# surv_beta2:
41.6216132530
