ParName   Value   Gradient
log_n_imm(1)      18.5624 -1.91787e-05
log_n_imm(2)      19.6728  6.57486e-05
log_n_imm(3)      19.7547  8.32472e-05
log_n_imm(4)      19.9026  0.000123206
log_n_imm(5)      19.8713  4.41552e-05
log_n_imm(6)      19.7894 -2.29114e-05
log_n_imm(7)      19.4941 -2.22619e-05
log_n_imm(8)      19.4073 -6.96738e-05
log_n_imm(9)      19.3792 -5.17459e-05
log_n_imm(10)      18.8505 -2.07751e-05
log_n_imm(11)      18.3241 -3.75131e-05
log_n_imm(12)      18.3689   0.00010666
log_n_imm(13)      17.8283 -6.51014e-05
log_n_imm(14)      16.7966 -1.45634e-05
log_n_imm(15)      15.2468 -1.09666e-05
log_n_imm(16)      13.2766 -5.25149e-06
log_n_imm(17)       11.971 -1.06596e-06
log_n_imm(18)      10.3163  6.77524e-08
log_n_imm(19)      9.60518  -3.4518e-07
log_n_imm(20)      8.24085 -4.22359e-07
log_n_imm(21)      6.50632  2.49561e-07
log_n_mat(1)      17.7545   6.7289e-08
log_n_mat(2)      11.5477 -4.36623e-07
log_n_mat(3)      15.7577  5.51091e-05
log_n_mat(4)      17.4077 -2.79195e-05
log_n_mat(5)      18.3653  3.19946e-05
log_n_mat(6)      18.9528  2.81799e-05
log_n_mat(7)      19.0075 -3.41409e-05
log_n_mat(8)      18.8873 -3.40395e-06
log_n_mat(9)      18.9274  9.86364e-06
log_n_mat(10)      19.0203 -2.70719e-05
log_n_mat(11)      18.8415  8.64457e-06
log_n_mat(12)      18.4289 -1.93662e-05
log_n_mat(13)      18.0582 -1.82813e-05
log_n_mat(14)      18.2774  2.75662e-05
log_n_mat(15)       18.209 -2.01729e-05
log_n_mat(16)      17.5263  1.16503e-05
log_n_mat(17)      16.6926  1.14084e-05
log_n_mat(18)      15.6786 -2.27722e-05
log_n_mat(19)      14.6323 -5.22028e-06
log_n_mat(20)      13.3564 -1.83537e-05
log_n_mat(21)      12.0373  1.54194e-05
nat_m_dev(1982)    -0.117886 -0.000142237
nat_m_dev(1983)    -0.415184 -0.000143359
nat_m_dev(1984)    -0.561909 -0.000140476
nat_m_dev(1985)      -1.0408 -0.000110679
nat_m_dev(1986)     -1.13739 -0.000103849
nat_m_dev(1987)    -0.907319   -9.658e-05
nat_m_dev(1988)    -0.675298 -0.000115559
nat_m_dev(1989)    -0.407394 -0.000103898
nat_m_dev(1990)    -0.176442 -0.000116262
nat_m_dev(1991)    0.0881396 -0.000123107
nat_m_dev(1992)   -0.0293272 -0.000125632
nat_m_dev(1993)     0.187618 -0.000128765
nat_m_dev(1994)     0.135082 -0.000121037
nat_m_dev(1995)     0.229345 -0.000129979
nat_m_dev(1996)     0.558242 -0.000130512
nat_m_dev(1997)     0.685364 -0.000126282
nat_m_dev(1998)     0.224042 -0.000169444
nat_m_dev(1999)    -0.685281 -0.000136301
nat_m_dev(2000)    -0.454619 -0.000160499
nat_m_dev(2001)      0.22911 -0.000175934
nat_m_dev(2002)    -0.148423 -0.000154134
nat_m_dev(2003)    -0.286329 -0.000136405
nat_m_dev(2004)     -0.33006 -0.000138027
nat_m_dev(2005)    -0.259779 -0.000121935
nat_m_dev(2006)    -0.413056 -0.000126527
nat_m_dev(2007)    -0.322286 -0.000119315
nat_m_dev(2008)    -0.456483 -0.000110192
nat_m_dev(2009)    -0.383038 -0.000102026
nat_m_dev(2010)      0.32817 -8.60939e-05
nat_m_dev(2011)     0.287207  -6.7335e-05
nat_m_dev(2012)    0.0223318 -0.000106305
nat_m_dev(2013)   -0.0227378 -9.88305e-05
nat_m_dev(2014)     0.618745 -0.000110522
nat_m_dev(2015)     0.508437 -9.40578e-05
nat_m_dev(2016)    -0.135089  -9.2614e-05
nat_m_dev(2017)     -0.37224 -0.000119968
nat_m_dev(2018)      0.52505  -0.00011109
nat_m_dev(2019)      1.90223 -5.99331e-05
nat_m_dev(2020)            0  1.21736e-06
nat_m_dev(2021)    -0.782265 -0.000108834
nat_m_dev(2022)    -0.270087  -0.00011458
nat_m_dev(2023)     0.261589 -0.000118585
nat_m_mat_dev(1982)    -0.238186 -1.41786e-05
nat_m_mat_dev(1983)      0.59468   2.6205e-05
nat_m_mat_dev(1984)      1.32151  7.13839e-05
nat_m_mat_dev(1985)    -0.547968  2.20883e-06
nat_m_mat_dev(1986)     -1.28076  8.23189e-06
nat_m_mat_dev(1987)    -0.941833 -8.03301e-06
nat_m_mat_dev(1988)    -0.275297  6.86983e-06
nat_m_mat_dev(1989)    -0.118796  1.05281e-05
nat_m_mat_dev(1990)     0.231654  1.79877e-05
nat_m_mat_dev(1991)      1.00245  1.41445e-05
nat_m_mat_dev(1992)    0.0770163  1.20514e-06
nat_m_mat_dev(1993)    -0.011892 -3.35447e-06
nat_m_mat_dev(1994)    0.0899237 -1.80021e-06
nat_m_mat_dev(1995)     0.613523  1.94287e-05
nat_m_mat_dev(1996)     0.540718  4.39891e-05
nat_m_mat_dev(1997)     0.550958  3.85184e-05
nat_m_mat_dev(1998)      0.68679  6.05056e-06
nat_m_mat_dev(1999)    -0.482347  3.95065e-06
nat_m_mat_dev(2000)    -0.638288 -8.73162e-06
nat_m_mat_dev(2001)     0.343467 -3.07809e-05
nat_m_mat_dev(2002)     0.229456 -3.36931e-05
nat_m_mat_dev(2003)    -0.300274 -2.72367e-05
nat_m_mat_dev(2004)    -0.375184 -3.53763e-05
nat_m_mat_dev(2005)     0.426943 -6.45199e-05
nat_m_mat_dev(2006)     0.625439  -2.5929e-05
nat_m_mat_dev(2007)     0.537188 -5.00822e-06
nat_m_mat_dev(2008)    0.0451668  4.54106e-05
nat_m_mat_dev(2009)    -0.802005  4.06864e-07
nat_m_mat_dev(2010)    -0.877896 -1.52395e-05
nat_m_mat_dev(2011)    -0.230557 -2.01808e-05
nat_m_mat_dev(2012)     0.716383  6.49806e-06
nat_m_mat_dev(2013)     0.131195  6.55775e-07
nat_m_mat_dev(2014)     0.590648  7.55487e-06
nat_m_mat_dev(2015)     0.273938 -1.27274e-06
nat_m_mat_dev(2016)   -0.0776507  6.94249e-06
nat_m_mat_dev(2017)    0.0254016 -2.15953e-06
nat_m_mat_dev(2018)     0.810004  1.32851e-06
nat_m_mat_dev(2019)        1.242  1.62892e-05
nat_m_mat_dev(2020)            0 -1.84448e-05
nat_m_mat_dev(2021)     0.674512 -1.08398e-05
nat_m_mat_dev(2022)    -0.103631 -9.51209e-06
nat_m_mat_dev(2023)     -1.07835 -8.77181e-06
nat_m_lg_dev(1982)     -2.35126  2.90388e-05
nat_m_lg_dev(1983)    -0.379457  3.60467e-05
nat_m_lg_dev(1984)      1.38766  3.41417e-05
nat_m_lg_dev(1985)      1.75516  3.27634e-05
nat_m_lg_dev(1986)     0.703083  3.57533e-05
nat_m_lg_dev(1987)      3.45731  1.89049e-05
nat_m_lg_dev(1988)     0.586414  3.59141e-05
nat_m_lg_dev(1989)      2.06626  3.12738e-05
nat_m_lg_dev(1990)      1.13195  3.48818e-05
nat_m_lg_dev(1991)     -1.41633  3.37505e-05
nat_m_lg_dev(1992)      -1.4445  3.36494e-05
nat_m_lg_dev(1993)      -1.3361  3.40265e-05
nat_m_lg_dev(1994)      2.70071  2.70976e-05
nat_m_lg_dev(1995)      1.46206  3.38936e-05
nat_m_lg_dev(1996)    -0.061581  3.62372e-05
nat_m_lg_dev(1997)      -1.4305     3.37e-05
nat_m_lg_dev(1998)     -1.68545  3.26902e-05
nat_m_lg_dev(1999)      1.47469    3.385e-05
nat_m_lg_dev(2000)     -1.67511  3.27349e-05
nat_m_lg_dev(2001)     -1.28294  3.41996e-05
nat_m_lg_dev(2002)    -0.464252  3.59567e-05
nat_m_lg_dev(2003)    -0.580839  3.58057e-05
nat_m_lg_dev(2004)    -0.948133  3.51187e-05
nat_m_lg_dev(2005)      1.46804   3.3873e-05
nat_m_lg_dev(2006)      2.57347  2.80796e-05
nat_m_lg_dev(2007)      1.53308  3.36425e-05
nat_m_lg_dev(2008)      1.13136  3.48833e-05
nat_m_lg_dev(2009)      1.15384  3.48251e-05
nat_m_lg_dev(2010)     0.174339  3.62302e-05
nat_m_lg_dev(2011)    -0.633457  3.57272e-05
nat_m_lg_dev(2012)     -2.36533  2.89431e-05
nat_m_lg_dev(2013)     -2.14493   3.0346e-05
nat_m_lg_dev(2014)      2.58772  2.79737e-05
nat_m_lg_dev(2015)     -1.50139  3.34383e-05
nat_m_lg_dev(2016)      -1.5355  3.33072e-05
nat_m_lg_dev(2017)     -2.19224  3.00616e-05
nat_m_lg_dev(2018)     -1.68005  3.27136e-05
nat_m_lg_dev(2019)     -1.35316  3.39693e-05
nat_m_lg_dev(2020)     -2.63182  2.69534e-05
nat_m_lg_dev(2021)      2.09011  3.11461e-05
nat_m_lg_dev(2022)      1.57455  3.34893e-05
nat_m_lg_dev(2023)    0.0825141  3.62479e-05
log_avg_rec      21.2829   0.00021981
rec_devs(1982)    -0.314894 -0.000152198
rec_devs(1983)    -0.340841 -0.000204061
rec_devs(1984)     0.029525 -0.000270021
rec_devs(1985)     0.777309 -0.000299866
rec_devs(1986)     0.153795 -0.000297932
rec_devs(1987)     0.122073 -0.000178204
rec_devs(1988)    -0.223255 -0.000225026
rec_devs(1989)     0.109772 -0.000184651
rec_devs(1990)      1.11267 -0.000230081
rec_devs(1991)      1.44768 -0.000288454
rec_devs(1992)      1.29387 -0.000224143
rec_devs(1993)     0.449631 -0.000126319
rec_devs(1994)    -0.811009 -0.000199514
rec_devs(1995)    -0.928248 -0.000187998
rec_devs(1996)    -0.615923 -0.000175954
rec_devs(1997)    -0.590035 -8.30972e-05
rec_devs(1998)    -0.745724 -9.80481e-05
rec_devs(1999)     -1.10829 -0.000130744
rec_devs(2000)    -0.892965 -0.000126863
rec_devs(2001)   -0.0310995 -0.000153891
rec_devs(2002)     0.036328 -0.000134958
rec_devs(2003)    0.0239796 -0.000237244
rec_devs(2004)    -0.108491 -0.000227064
rec_devs(2005)    -0.773469 -0.000203501
rec_devs(2006)     -1.59269 -0.000205327
rec_devs(2007)    -0.426932  -0.00022611
rec_devs(2008)      0.47338 -0.000356877
rec_devs(2009)    -0.118959 -0.000242585
rec_devs(2010)    -0.318831 -0.000274636
rec_devs(2011)    -0.296955 -0.000223258
rec_devs(2012)    -0.214275 -0.000217299
rec_devs(2013)   -0.0497514 -0.000188679
rec_devs(2014)      1.43527 -0.000162913
rec_devs(2015)      1.36743 -0.000233154
rec_devs(2016)      1.07274 -0.000199528
rec_devs(2017)     -1.26847 -0.000202075
rec_devs(2018)      -2.3026 -0.000217662
rec_devs(2019)     -2.59251  -0.00023744
rec_devs(2020)     -1.75144  -0.00017163
rec_devs(2021)     -1.10799 -0.000221498
rec_devs(2022)     0.579859 -0.000232411
rec_devs(2023)            0 -8.93998e-05
log_m_mu(1)     -1.35304 -0.000164597
log_m_mu(2)    -0.774265  0.000233525
log_m_mu(3)     -1.00041  -4.0238e-11
prop_rec(1)      14.2476  4.55933e-05
prop_rec(2)      2.92525  4.34547e-05
log_f     0.137368  5.80819e-05
f_dev(1)      -1.2676 -1.45301e-05
f_dev(2)     -1.90892  2.03779e-05
f_dev(3)       -0.423  5.38506e-06
f_dev(4)     0.284591  2.40947e-05
f_dev(5)   -0.0126079  1.26242e-05
f_dev(6)    0.0677601  1.85621e-05
f_dev(7)     -0.22486  -2.1363e-06
f_dev(8)    -0.282805 -5.97064e-06
f_dev(9)     0.702525 -2.70118e-05
f_dev(10)     0.549135  -1.7814e-05
f_dev(11)      1.51075  9.71569e-07
f_dev(12)     0.814354  -3.2683e-05
f_dev(13)     0.768999 -1.07304e-05
f_dev(14)       0.3881  1.05229e-05
f_dev(15)     0.451769 -6.46134e-06
f_dev(16)     0.501859  9.37042e-06
f_dev(17)     0.993882 -4.44298e-06
f_dev(18)     -0.90738  1.56857e-05
f_dev(19)    -0.964572  -1.5276e-05
f_dev(20)    0.0469566 -2.65134e-05
f_dev(21)     0.201394  3.60354e-05
f_dev(22)    -0.879193  3.86252e-05
f_dev(23)     -1.17496   9.0367e-06
f_dev(24)    -0.517186   3.6369e-05
f_dev(25)    0.0946975   1.6157e-05
f_dev(26)      0.33885  4.10703e-05
f_dev(27)    -0.183858   1.8098e-06
f_dev(28)    -0.956451 -5.59012e-05
f_dev(29)      -1.7937  3.82348e-05
f_dev(30)    -0.810021  1.18828e-05
f_dev(31)    0.0192281   1.9427e-05
f_dev(32)     0.414318  -2.4344e-05
f_dev(33)     0.650837 -2.56047e-05
f_dev(34)     0.438171 -2.64092e-06
f_dev(35)    -0.130019  1.12154e-05
f_dev(36)   -0.0186075 -2.94641e-05
f_dev(37)      1.03247 -1.26943e-05
f_dev(38)      1.53202  2.54829e-05
f_dev(39)      1.78754  8.44146e-06
f_dev(40)     -1.13446  1.01375e-06
fish_ret_sel_50      96.9093  0.000282029
fish_ret_sel_50_post      102.053 -2.56504e-05
fish_ret_sel_slope     0.214615  0.000185874
fish_ret_sel_slope_post     0.297361  0.000553289
fish_tot_sel_offset     -9.26541 -2.54391e-05
fish_tot_sel_offset_dev(1)      39.4286 -3.30349e-05
fish_tot_sel_offset_dev(2)       5.0146 -0.000195943
fish_tot_sel_offset_dev(3)      39.9899  2.68288e-06
fish_tot_sel_offset_dev(4)      39.9436 -9.74127e-06
fish_tot_sel_offset_dev(5)     -23.2255   0.00016083
fish_tot_sel_offset_dev(6)      22.2234  0.000164192
fish_tot_sel_offset_dev(7)     -16.3107 -0.000180358
fish_tot_sel_offset_dev(8)     -37.8068  6.46155e-05
fish_tot_sel_offset_dev(9)     -2.03855 -0.000197252
fish_tot_sel_offset_dev(10)     -6.87943   0.00019457
fish_tot_sel_offset_dev(11)      13.5918   0.00018574
fish_tot_sel_offset_dev(12)      36.7726 -7.76319e-05
fish_tot_sel_offset_dev(13)     -9.64647  0.000191687
fish_tot_sel_offset_dev(14)     -11.6741 -0.000188919
fish_tot_sel_offset_dev(15)      -36.658 -7.91221e-05
fish_tot_sel_offset_dev(16)       27.412  0.000143799
fish_tot_sel_offset_dev(17)      39.9809  4.83367e-06
fish_tot_sel_offset_dev(18)     -26.8147  0.000146591
fish_tot_sel_offset_dev(19)     -1.94859 -0.000197274
fish_tot_sel_offset_dev(20)      39.3744  3.45752e-05
fish_tot_sel_offset_dev(21)      39.2261 -3.84672e-05
fish_tot_sel_offset_dev(22)     -12.2505 -0.000188028
fish_tot_sel_offset_dev(23)        38.69  4.99819e-05
fish_tot_sel_offset_dev(24)     -37.3631 -7.06258e-05
fish_tot_sel_offset_dev(25)      27.4874 -0.000143448
fish_tot_sel_offset_dev(26)     -38.1557  5.94059e-05
fish_tot_sel_offset_dev(27)     -35.5939  9.01902e-05
fish_tot_sel_offset_dev(28)     -39.9933 -5.76102e-06
fish_tot_sel_offset_dev(29)      28.6961 -0.000137554
fish_tot_sel_offset_dev(30)     -11.1371 -0.000189708
fish_tot_sel_offset_dev(31)     -39.0625 -4.26884e-05
fish_tot_sel_offset_dev(32)     -39.7746 -2.13065e-05
fish_tot_sel_offset_dev(33)     -39.9199 -1.31152e-05
fish_tot_sel_offset_dev(34)      -37.038 -7.46836e-05
fish_tot_sel_offset_dev(35)      28.8821  0.000136602
fish_tot_sel_offset_dev(36)      39.7786 -2.03787e-05
fish_tot_sel_offset_dev(37)      -39.876 -1.60393e-05
fish_tot_sel_offset_dev(38)      37.0236 -7.46656e-05
fish_tot_sel_offset_dev(39)     -15.4353 -0.000182225
fish_tot_sel_offset_dev(40)      15.0868  0.000182903
fish_tot_sel_slope     -1.62411  0.000428119
surv_omega     0.569239  2.65501e-05
surv_alpha1     0.106072  0.000883128
surv_beta1       111.59 -2.79542e-05
surv_alpha2      0.17956  -0.00013401
surv_beta2      41.6216 -9.02993e-05
