# Number of parameters = 308 Objective function value = 308.524545358894  Maximum gradient component = 0.000883127748425827
# log_n_imm:
 18.5624117514480 19.6727520120811 19.7547023764544 19.9026474968813 19.8713344291405 19.7893759467947 19.4940856597100 19.4072701100390 19.3791919407653 18.8505163635638 18.3241499068699 18.3689160484461 17.8283163927963 16.7965961264216 15.2468319601683 13.2765589341644 11.9710086008829 10.3162835451164 9.60518000138521 8.24084956391444 6.50631611710156
# log_n_mat:
 17.7545495803137 11.5476886283647 15.7576588816031 17.4077183956667 18.3652909876337 18.9527881062266 19.0075187116574 18.8872840289588 18.9274499138584 19.0203390326187 18.8414823318661 18.4289050476848 18.0582053214994 18.2773791326884 18.2089756531060 17.5262707978459 16.6925534442362 15.6785774980164 14.6322960954757 13.3564230954869 12.0372694763377
# nat_m_dev:
 -0.117885690311302 -0.415183544953209 -0.561909000083183 -1.04079606206691 -1.13738615367084 -0.907318618934735 -0.675298052151294 -0.407393712527313 -0.176442486723946 0.0881396067377156 -0.0293271859683313 0.187618019312216 0.135082067824900 0.229345221454856 0.558242005817672 0.685364277915956 0.224042178435698 -0.685280635691779 -0.454619451139174 0.229110341737564 -0.148422791523962 -0.286328637905974 -0.330060384549792 -0.259778542473710 -0.413056452512790 -0.322285605335527 -0.456483044315610 -0.383038089860342 0.328170016698834 0.287207163179412 0.0223317604793265 -0.0227378248836861 0.618744720090946 0.508436893141507 -0.135088919754860 -0.372240420745995 0.525049813846988 1.90222723120710 0.00000000000000 -0.782264997989645 -0.270087034733296 0.261589360094162
# nat_m_mat_dev:
 -0.238185945398112 0.594679537809064 1.32150623786389 -0.547968089431804 -1.28075745339919 -0.941832528124923 -0.275297429826859 -0.118795978670711 0.231654230527466 1.00245381305937 0.0770163388230711 -0.0118920441963340 0.0899237325209785 0.613523115650153 0.540718495437141 0.550957736066633 0.686789907872482 -0.482347416681826 -0.638288111432310 0.343467247410927 0.229456068201627 -0.300274412111626 -0.375184311627767 0.426943176377743 0.625439258490017 0.537188073645610 0.0451667841671781 -0.802004506632243 -0.877896443365106 -0.230557472760719 0.716382643773637 0.131195477945866 0.590647948577900 0.273937908424805 -0.0776506654146838 0.0254016248378652 0.810003550271909 1.24200224893724 0.00000000000000 0.674511685071656 -0.103630655124267 -1.07834859218429
# nat_m_lg_dev:
 -2.35125989452924 -0.379456996783841 1.38765986436475 1.75516149455274 0.703083073843789 3.45730745879184 0.586414334404942 2.06626292363974 1.13194572584682 -1.41633126232934 -1.44450214322682 -1.33609901011053 2.70071303600115 1.46206393107981 -0.0615809850265909 -1.43049754797729 -1.68544830202994 1.47468911422316 -1.67511344060642 -1.28293653917274 -0.464251553351147 -0.580838562972320 -0.948132655890372 1.46804482496219 2.57346763302155 1.53308341911803 1.13135730770359 1.15384008824270 0.174338894021214 -0.633457358896720 -2.36532955785180 -2.14493351289276 2.58772148891433 -1.50139213489661 -1.53549743020658 -2.19224240256080 -1.68004813842557 -1.35315800995459 -2.63181905666260 2.09011106886090 1.57454675204222 0.0825140627191809
# q_dev:
 0.00000000000000 0.00000000000000 0.00000000000000 0.00000000000000 0.00000000000000 0.00000000000000 0.00000000000000 0.00000000000000 0.00000000000000 0.00000000000000 0.00000000000000 0.00000000000000 0.00000000000000 0.00000000000000 0.00000000000000 0.00000000000000 0.00000000000000 0.00000000000000 0.00000000000000 0.00000000000000 0.00000000000000 0.00000000000000 0.00000000000000 0.00000000000000 0.00000000000000 0.00000000000000 0.00000000000000 0.00000000000000 0.00000000000000 0.00000000000000 0.00000000000000 0.00000000000000 0.00000000000000 0.00000000000000 0.00000000000000 0.00000000000000 0.00000000000000 0.00000000000000 0.00000000000000 0.00000000000000 0.00000000000000 0.00000000000000
# q_mat_dev:
 0.00000000000000 0.00000000000000 0.00000000000000 0.00000000000000 0.00000000000000 0.00000000000000 0.00000000000000 0.00000000000000 0.00000000000000 0.00000000000000 0.00000000000000 0.00000000000000 0.00000000000000 0.00000000000000 0.00000000000000 0.00000000000000 0.00000000000000 0.00000000000000 0.00000000000000 0.00000000000000 0.00000000000000 0.00000000000000 0.00000000000000 0.00000000000000 0.00000000000000 0.00000000000000 0.00000000000000 0.00000000000000 0.00000000000000 0.00000000000000 0.00000000000000 0.00000000000000 0.00000000000000 0.00000000000000 0.00000000000000 0.00000000000000 0.00000000000000 0.00000000000000 0.00000000000000 0.00000000000000 0.00000000000000 0.00000000000000
# q_lg_dev:
 0.00000000000000 0.00000000000000 0.00000000000000 0.00000000000000 0.00000000000000 0.00000000000000 0.00000000000000 0.00000000000000 0.00000000000000 0.00000000000000 0.00000000000000 0.00000000000000 0.00000000000000 0.00000000000000 0.00000000000000 0.00000000000000 0.00000000000000 0.00000000000000 0.00000000000000 0.00000000000000 0.00000000000000 0.00000000000000 0.00000000000000 0.00000000000000 0.00000000000000 0.00000000000000 0.00000000000000 0.00000000000000 0.00000000000000 0.00000000000000 0.00000000000000 0.00000000000000 0.00000000000000 0.00000000000000 0.00000000000000 0.00000000000000 0.00000000000000 0.00000000000000 0.00000000000000 0.00000000000000 0.00000000000000 0.00000000000000
# log_avg_rec:
21.2829420332
# rec_devs:
 -0.314893727015 -0.340841261096 0.0295249601635 0.777309356945 0.153794726510 0.122072694518 -0.223255038646 0.109772158334 1.11266891036 1.44768107040 1.29386819871 0.449630596349 -0.811009181855 -0.928247709530 -0.615922837914 -0.590035062429 -0.745723523989 -1.10829044473 -0.892964753601 -0.0310995166290 0.0363280108328 0.0239796061361 -0.108490721389 -0.773469386001 -1.59269330907 -0.426931911059 0.473380449830 -0.118959333518 -0.318831350794 -0.296954876695 -0.214275031991 -0.0497514393388 1.43526974126 1.36742849309 1.07273524335 -1.26847283871 -2.30260013080 -2.59250690504 -1.75143536323 -1.10798822768 0.579859076139 0.00000000000
# sigma_m:
 1.00000000000 1.00000000000 1.00000000000
# log_m_mu:
 -1.35304227447 -0.774265480264 -1.00040986070
# prop_rec:
 14.2476105311 2.92525103728
# sigma_q:
 0.100000000000 0.100000000000
# log_f:
0.137368027839
# f_dev:
 -1.26759551452 -1.90892387801 -0.423000361022 0.284591108218 -0.0126078848475 0.0677600581572 -0.224860171190 -0.282804618368 0.702524877492 0.549134951136 1.51074654595 0.814353874981 0.768998771478 0.388099806833 0.451769123049 0.501858915606 0.993882496686 -0.907380357463 -0.964572199205 0.0469565525111 0.201393506775 -0.879192810846 -1.17496096380 -0.517186473506 0.0946975426937 0.338849552822 -0.183857931854 -0.956451371509 -1.79369866617 -0.810021414535 0.0192280523958 0.414318225923 0.650836699353 0.438170645063 -0.130019337767 -0.0186074922721 1.03247468049 1.53201559113 1.78753547408 -1.13445560594
# fish_ret_sel_50:
96.9093082521
# fish_ret_sel_50_post:
102.052585721
# fish_ret_sel_slope:
0.214615433673
# fish_ret_sel_slope_post:
0.297360762588
# fish_tot_sel_offset:
-9.26541205524
# fish_tot_sel_offset_dev:
 39.4285881183 5.01460064110 39.9899263842 39.9436464527 -23.2254554481 22.2234194898 -16.3106519355 -37.8067614260 -2.03854625035 -6.87943250525 13.5918015275 36.7725553895 -9.64646628769 -11.6741074366 -36.6579796605 27.4120162399 39.9808940966 -26.8147389447 -1.94858672699 39.3743929244 39.2260671520 -12.2504921095 38.6900285838 -37.3631392080 27.4874012968 -38.1557081392 -35.5939166408 -39.9932913790 28.6961222494 -11.1370921114 -39.0624911731 -39.7745900557 -39.9198640506 -37.0380092251 28.8820704542 39.7786266717 -39.8759654404 37.0235935911 -15.4352594929 15.0867943844
# fish_tot_sel_slope:
-1.62410719089
# surv_omega:
0.569238922090
# surv_alpha1:
0.106072069492
# surv_beta1:
111.589699290
# surv_alpha2:
0.179560100144
# surv_beta2:
41.6216113961
