ParName   Value   Gradient
log_n_imm(1)      18.5624 -4.48963e-06
log_n_imm(2)      19.6728  5.12018e-05
log_n_imm(3)      19.7547  1.93075e-05
log_n_imm(4)      19.9026  2.32575e-06
log_n_imm(5)      19.8713 -5.58487e-05
log_n_imm(6)      19.7894 -1.14145e-05
log_n_imm(7)      19.4941  5.37045e-06
log_n_imm(8)      19.4073 -1.13934e-05
log_n_imm(9)      19.3792   -2.196e-05
log_n_imm(10)      18.8505  1.68642e-05
log_n_imm(11)      18.3242  2.84952e-05
log_n_imm(12)      18.3689 -1.38775e-05
log_n_imm(13)      17.8283 -1.92607e-05
log_n_imm(14)      16.7966 -6.88803e-06
log_n_imm(15)      15.2468  6.90135e-06
log_n_imm(16)      13.2766  6.36655e-06
log_n_imm(17)       11.971 -8.18794e-07
log_n_imm(18)      10.3163   1.4363e-08
log_n_imm(19)      9.60511  1.98971e-06
log_n_imm(20)      8.24091 -4.71571e-08
log_n_imm(21)      6.50604  5.76845e-08
log_n_mat(1)      17.7546  -4.2801e-07
log_n_mat(2)      11.5477  4.33289e-08
log_n_mat(3)      15.7576 -2.77593e-06
log_n_mat(4)      17.4077  2.57973e-06
log_n_mat(5)      18.3653  1.00218e-05
log_n_mat(6)      18.9528 -6.02381e-06
log_n_mat(7)      19.0075  1.05372e-05
log_n_mat(8)      18.8873 -6.93403e-06
log_n_mat(9)      18.9274 -1.72067e-05
log_n_mat(10)      19.0203  -1.1174e-05
log_n_mat(11)      18.8415 -1.23722e-05
log_n_mat(12)      18.4289  -1.0197e-05
log_n_mat(13)      18.0582 -5.22633e-06
log_n_mat(14)      18.2774 -1.06052e-05
log_n_mat(15)       18.209 -1.70488e-05
log_n_mat(16)      17.5263  1.78145e-05
log_n_mat(17)      16.6926  -1.1682e-05
log_n_mat(18)      15.6786  1.85072e-05
log_n_mat(19)      14.6323  -8.5739e-06
log_n_mat(20)      13.3564   8.4445e-06
log_n_mat(21)      12.0373  5.56205e-06
nat_m_dev(1982)    -0.117884  2.87733e-05
nat_m_dev(1983)    -0.415182  2.21342e-05
nat_m_dev(1984)    -0.561907  2.92673e-05
nat_m_dev(1985)      -1.0408  2.59756e-05
nat_m_dev(1986)     -1.13739  2.08975e-05
nat_m_dev(1987)    -0.907319  2.86584e-05
nat_m_dev(1988)    -0.675298  2.43822e-05
nat_m_dev(1989)    -0.407395  2.42731e-05
nat_m_dev(1990)    -0.176442  3.46616e-05
nat_m_dev(1991)    0.0881403  3.80215e-05
nat_m_dev(1992)   -0.0293267  2.96518e-05
nat_m_dev(1993)     0.187619  2.69755e-05
nat_m_dev(1994)     0.135083  2.70574e-05
nat_m_dev(1995)     0.229345  4.38828e-06
nat_m_dev(1996)     0.558242    1.285e-05
nat_m_dev(1997)     0.685363  1.21335e-05
nat_m_dev(1998)     0.224043  4.24897e-06
nat_m_dev(1999)    -0.685281    1.438e-05
nat_m_dev(2000)    -0.454618  1.60937e-05
nat_m_dev(2001)      0.22911  7.48793e-06
nat_m_dev(2002)    -0.148423  2.12404e-05
nat_m_dev(2003)    -0.286329  2.67451e-05
nat_m_dev(2004)     -0.33006  1.40398e-05
nat_m_dev(2005)     -0.25978  8.71756e-07
nat_m_dev(2006)    -0.413056  1.00783e-05
nat_m_dev(2007)    -0.322285  2.28157e-05
nat_m_dev(2008)    -0.456483  2.00488e-05
nat_m_dev(2009)    -0.383039  1.77153e-05
nat_m_dev(2010)      0.32817  1.81211e-05
nat_m_dev(2011)     0.287206  2.22065e-05
nat_m_dev(2012)    0.0223325  1.97896e-05
nat_m_dev(2013)   -0.0227388  1.80893e-05
nat_m_dev(2014)     0.618745  2.12605e-05
nat_m_dev(2015)     0.508437  3.08738e-05
nat_m_dev(2016)    -0.135091  2.05865e-05
nat_m_dev(2017)    -0.372241  7.41239e-06
nat_m_dev(2018)      0.52505  1.93111e-06
nat_m_dev(2019)      1.90223  -4.0323e-05
nat_m_dev(2020)            0 -2.21245e-08
nat_m_dev(2021)    -0.782266  2.31844e-05
nat_m_dev(2022)    -0.270088  2.29043e-05
nat_m_dev(2023)     0.261589  2.42835e-05
nat_m_mat_dev(1982)    -0.238182  2.34008e-05
nat_m_mat_dev(1983)     0.594678  2.46193e-05
nat_m_mat_dev(1984)       1.3215  1.86829e-05
nat_m_mat_dev(1985)     -0.54797  1.04044e-05
nat_m_mat_dev(1986)     -1.28076  1.50565e-05
nat_m_mat_dev(1987)    -0.941832  1.45953e-05
nat_m_mat_dev(1988)    -0.275298  1.42881e-05
nat_m_mat_dev(1989)    -0.118796  1.55162e-05
nat_m_mat_dev(1990)     0.231654  1.59037e-05
nat_m_mat_dev(1991)      1.00245  1.13598e-05
nat_m_mat_dev(1992)    0.0770161    7.109e-06
nat_m_mat_dev(1993)   -0.0118913  2.02125e-05
nat_m_mat_dev(1994)    0.0899235  1.19753e-05
nat_m_mat_dev(1995)     0.613522  4.76781e-06
nat_m_mat_dev(1996)     0.540718  1.19194e-05
nat_m_mat_dev(1997)     0.550957  8.59056e-06
nat_m_mat_dev(1998)     0.686791  1.16101e-05
nat_m_mat_dev(1999)    -0.482348   1.0837e-05
nat_m_mat_dev(2000)    -0.638288  7.92655e-06
nat_m_mat_dev(2001)     0.343468  1.42002e-06
nat_m_mat_dev(2002)     0.229455  2.80835e-06
nat_m_mat_dev(2003)    -0.300275  5.20629e-06
nat_m_mat_dev(2004)    -0.375183  1.00079e-05
nat_m_mat_dev(2005)     0.426946  1.66028e-05
nat_m_mat_dev(2006)     0.625439  1.53556e-05
nat_m_mat_dev(2007)     0.537189  1.57506e-05
nat_m_mat_dev(2008)     0.045163   1.1895e-05
nat_m_mat_dev(2009)    -0.802005  1.53914e-05
nat_m_mat_dev(2010)    -0.877895  1.61222e-05
nat_m_mat_dev(2011)    -0.230556  1.30658e-05
nat_m_mat_dev(2012)     0.716382  5.14902e-06
nat_m_mat_dev(2013)     0.131197  1.49791e-05
nat_m_mat_dev(2014)     0.590649  2.01927e-05
nat_m_mat_dev(2015)     0.273938  1.07168e-05
nat_m_mat_dev(2016)   -0.0776508  1.45772e-05
nat_m_mat_dev(2017)     0.025403  1.26669e-05
nat_m_mat_dev(2018)     0.810003  -2.5616e-06
nat_m_mat_dev(2019)        1.242  4.56526e-07
nat_m_mat_dev(2020)            0 -1.60474e-06
nat_m_mat_dev(2021)     0.674512  1.10693e-05
nat_m_mat_dev(2022)     -0.10363  1.01788e-05
nat_m_mat_dev(2023)     -1.07835  1.29635e-05
nat_m_lg_dev(1982)    -0.145297  1.38439e-06
nat_m_lg_dev(1983)   -0.0491449  1.39466e-06
nat_m_lg_dev(1984)    0.0779031  1.40698e-06
nat_m_lg_dev(1985)     0.411847   1.4328e-06
nat_m_lg_dev(1986)    -0.148563  1.38403e-06
nat_m_lg_dev(1987)    -0.148552  1.38403e-06
nat_m_lg_dev(1988)    -0.141164  1.38485e-06
nat_m_lg_dev(1989)    -0.147535  1.38414e-06
nat_m_lg_dev(1990)   -0.0676251  1.39275e-06
nat_m_lg_dev(1991)    -0.148835    1.384e-06
nat_m_lg_dev(1992)    0.0871778  1.40782e-06
nat_m_lg_dev(1993)    -0.117654  1.38743e-06
nat_m_lg_dev(1994)    -0.148107  1.38408e-06
nat_m_lg_dev(1995)     0.285631  1.42413e-06
nat_m_lg_dev(1996)     -0.13178  1.38589e-06
nat_m_lg_dev(1997)  -0.00792825  1.39881e-06
nat_m_lg_dev(1998)    0.0676192  1.40603e-06
nat_m_lg_dev(1999)     0.435797   1.4343e-06
nat_m_lg_dev(2000)     0.120979  1.41083e-06
nat_m_lg_dev(2001)    -0.146564  1.38425e-06
nat_m_lg_dev(2002)     0.317869  1.42647e-06
nat_m_lg_dev(2003)      0.42076  1.43337e-06
nat_m_lg_dev(2004)    -0.148041  1.38409e-06
nat_m_lg_dev(2005)    -0.118263  1.38736e-06
nat_m_lg_dev(2006)   -0.0858342  1.39084e-06
nat_m_lg_dev(2007)     -0.12708   1.3864e-06
nat_m_lg_dev(2008)  -0.00497238   1.3991e-06
nat_m_lg_dev(2009)    0.0985158  1.40884e-06
nat_m_lg_dev(2010)    0.0807399  1.40723e-06
nat_m_lg_dev(2011)    -0.015784  1.39803e-06
nat_m_lg_dev(2012)    -0.144667  1.38446e-06
nat_m_lg_dev(2013)    -0.136165   1.3854e-06
nat_m_lg_dev(2014)    -0.131078  1.38596e-06
nat_m_lg_dev(2015)      0.24181  1.42081e-06
nat_m_lg_dev(2016)   -0.0104043  1.39857e-06
nat_m_lg_dev(2017)     0.172614  1.41525e-06
nat_m_lg_dev(2018)   -0.0834994  1.39109e-06
nat_m_lg_dev(2019)    -0.146447  1.38427e-06
nat_m_lg_dev(2020)    0.0172322  1.40127e-06
nat_m_lg_dev(2021)    -0.130861  1.38599e-06
nat_m_lg_dev(2022)     0.056992  1.40505e-06
nat_m_lg_dev(2023)   -0.0616405  1.39337e-06
log_avg_rec      21.2481  0.000694143
rec_devs(1982)    -0.280015  2.97386e-06
rec_devs(1983)    -0.305962  1.10381e-05
rec_devs(1984)    0.0644046  1.48682e-05
rec_devs(1985)     0.812189  3.47621e-05
rec_devs(1986)     0.188674  4.04591e-05
rec_devs(1987)     0.156952 -1.85017e-05
rec_devs(1988)    -0.188375  1.15442e-05
rec_devs(1989)     0.144652 -4.65966e-05
rec_devs(1990)      1.14755 -2.26408e-05
rec_devs(1991)      1.48256  1.96081e-05
rec_devs(1992)      1.32875  3.67793e-05
rec_devs(1993)     0.484509   4.2125e-05
rec_devs(1994)     -0.77613  2.42611e-05
rec_devs(1995)    -0.893369  9.86316e-06
rec_devs(1996)    -0.581044  3.92796e-05
rec_devs(1997)    -0.555155  4.25109e-05
rec_devs(1998)    -0.710844  6.07372e-05
rec_devs(1999)     -1.07341  6.02738e-05
rec_devs(2000)    -0.858085  2.05924e-05
rec_devs(2001)   0.00378027  5.05271e-05
rec_devs(2002)    0.0712074 -2.69935e-06
rec_devs(2003)    0.0588587  3.64052e-05
rec_devs(2004)   -0.0736106  0.000167465
rec_devs(2005)    -0.738591  1.42743e-05
rec_devs(2006)     -1.55781  1.25694e-05
rec_devs(2007)    -0.392052  8.53481e-06
rec_devs(2008)      0.50826  3.92804e-05
rec_devs(2009)   -0.0840805  1.25129e-05
rec_devs(2010)    -0.283952 -5.62376e-06
rec_devs(2011)    -0.262075   2.5156e-05
rec_devs(2012)    -0.179395  5.75692e-05
rec_devs(2013)   -0.0148711  1.59032e-05
rec_devs(2014)      1.47015 -1.21825e-05
rec_devs(2015)      1.40231  6.54994e-05
rec_devs(2016)      1.10761  8.17926e-05
rec_devs(2017)     -1.23359  6.42489e-05
rec_devs(2018)     -2.26772  1.96897e-05
rec_devs(2019)     -2.55763  -1.3117e-05
rec_devs(2020)     -1.71656  4.92957e-06
rec_devs(2021)     -1.07311  2.25532e-05
rec_devs(2022)     0.614739  1.72158e-05
rec_devs(2023)            0 -1.14789e-05
log_m_mu(1)     -1.35304 -0.000288428
log_m_mu(2)    -0.774265 -6.13606e-05
log_m_mu(3)     -1.21745 -2.13802e-08
prop_rec(1)      14.2476 -1.50513e-05
prop_rec(2)      2.92524 -5.13031e-05
log_f     0.137367  0.000114223
f_dev(1)     -1.26759 -9.91091e-06
f_dev(2)     -1.90892 -6.97137e-06
f_dev(3)    -0.423001  5.75591e-07
f_dev(4)     0.284589 -2.26656e-06
f_dev(5)   -0.0126089 -6.48219e-07
f_dev(6)    0.0677597  1.13102e-05
f_dev(7)     -0.22486 -6.53551e-06
f_dev(8)    -0.282804  5.06849e-06
f_dev(9)     0.702525 -4.72815e-06
f_dev(10)     0.549135 -4.58855e-06
f_dev(11)      1.51075  1.68265e-07
f_dev(12)     0.814355  7.91113e-06
f_dev(13)     0.768999 -3.76136e-06
f_dev(14)       0.3881 -3.40768e-07
f_dev(15)     0.451769  2.62726e-06
f_dev(16)     0.501859  3.63408e-06
f_dev(17)     0.993882 -4.47272e-06
f_dev(18)     -0.90738  1.19987e-05
f_dev(19)    -0.964572 -4.71269e-06
f_dev(20)     0.046957  9.14175e-06
f_dev(21)     0.201393  3.97154e-06
f_dev(22)    -0.879193  1.19333e-05
f_dev(23)     -1.17496  2.36685e-05
f_dev(24)    -0.517186  3.26457e-07
f_dev(25)    0.0946981 -2.16763e-06
f_dev(26)     0.338849  -1.2533e-05
f_dev(27)    -0.183859  4.05114e-06
f_dev(28)    -0.956452  5.28905e-06
f_dev(29)      -1.7937  6.59768e-06
f_dev(30)    -0.810021  1.58207e-06
f_dev(31)    0.0192282  7.26794e-06
f_dev(32)     0.414319  6.03433e-06
f_dev(33)     0.650837 -1.00518e-06
f_dev(34)     0.438171  4.61539e-06
f_dev(35)    -0.130019  2.57332e-06
f_dev(36)   -0.0186067  6.44658e-06
f_dev(37)      1.03247  3.64479e-06
f_dev(38)      1.53202  6.67986e-06
f_dev(39)      1.78754  5.78315e-06
f_dev(40)     -1.13446  8.73379e-06
fish_ret_sel_50      96.9093 -5.95825e-05
fish_ret_sel_50_post      102.053 -4.23689e-05
fish_ret_sel_slope     0.214615 -8.13196e-05
fish_ret_sel_slope_post     0.297361 -1.29726e-05
fish_tot_sel_offset      -9.2654  1.30517e-05
fish_tot_sel_offset_dev(1)      8.39111  0.000317034
fish_tot_sel_offset_dev(2)     -27.2512  0.000237315
fish_tot_sel_offset_dev(3)      39.5163  -5.0521e-05
fish_tot_sel_offset_dev(4)      39.8063   3.2266e-05
fish_tot_sel_offset_dev(5)       38.678  8.28201e-05
fish_tot_sel_offset_dev(6)      9.72436  0.000314523
fish_tot_sel_offset_dev(7)     -39.7345 -3.69559e-05
fish_tot_sel_offset_dev(8)      34.1202 -0.000169286
fish_tot_sel_offset_dev(9)      24.3558  0.000257234
fish_tot_sel_offset_dev(10)       28.009  0.000231521
fish_tot_sel_offset_dev(11)     -39.9772  9.78622e-06
fish_tot_sel_offset_dev(12)      32.7068  0.000186717
fish_tot_sel_offset_dev(13)      25.5143  0.000249748
fish_tot_sel_offset_dev(14)      25.3307  0.000250973
fish_tot_sel_offset_dev(15)     -36.1206  0.000139214
fish_tot_sel_offset_dev(16)     -15.7096  0.000298171
fish_tot_sel_offset_dev(17)     -39.4576  5.29767e-05
fish_tot_sel_offset_dev(18)      -27.414   0.00023608
fish_tot_sel_offset_dev(19)     -21.1561  0.000275153
fish_tot_sel_offset_dev(20)     -0.97868  0.000324143
fish_tot_sel_offset_dev(21)      27.7679 -0.000233421
fish_tot_sel_offset_dev(22)       17.158  0.000292914
fish_tot_sel_offset_dev(23)     -39.1472  6.64098e-05
fish_tot_sel_offset_dev(24)     -23.4145  0.000262857
fish_tot_sel_offset_dev(25)     -30.1384  0.000213141
fish_tot_sel_offset_dev(26)      36.6736  0.000129544
fish_tot_sel_offset_dev(27)     -14.7503 -0.000301374
fish_tot_sel_offset_dev(28)     0.760303  0.000324183
fish_tot_sel_offset_dev(29)     -21.3195  0.000274323
fish_tot_sel_offset_dev(30)      7.85554  0.000317934
fish_tot_sel_offset_dev(31)      27.9006   0.00023238
fish_tot_sel_offset_dev(32)     -36.3907  0.000134512
fish_tot_sel_offset_dev(33)      39.4757  5.25677e-05
fish_tot_sel_offset_dev(34)     -39.3157  5.95113e-05
fish_tot_sel_offset_dev(35)      36.0906  0.000139889
fish_tot_sel_offset_dev(36)     -25.3689  0.000250655
fish_tot_sel_offset_dev(37)     -31.3938   0.00020088
fish_tot_sel_offset_dev(38)      4.16507  0.000322482
fish_tot_sel_offset_dev(39)      8.31697  0.000317163
fish_tot_sel_offset_dev(40)     -3.27882  0.000323146
fish_tot_sel_slope     -1.62411  -5.3787e-05
surv_omega     0.569239  8.49064e-06
surv_alpha1     0.106072 -0.000135413
surv_beta1       111.59  6.04699e-05
surv_alpha2      0.17956 -0.000200216
surv_beta2      41.6216 -1.73861e-05
