# Number of parameters = 308 Objective function value = 308.524545365314  Maximum gradient component = 0.000694142715057213
# log_n_imm:
 18.5624202890794 19.6727511746302 19.7547024621148 19.9026476177832 19.8713343784851 19.7893763788964 19.4940860293862 19.4072707404278 19.3791921101950 18.8505167455229 18.3241511640683 18.3689149948571 17.8283176823403 16.7965966664778 15.2468350859202 13.2765578711715 11.9710161241818 10.3162787367084 9.60510768451855 8.24091114312595 6.50604422417764
# log_n_mat:
 17.7545503339587 11.5477190774328 15.7576268763912 17.4077208245714 18.3652906742412 18.9527880177052 19.0075195397203 18.8872842610037 18.9274497916300 19.0203393785432 18.8414821565987 18.4289052241358 18.0582052045048 18.2773789340904 18.2089757792009 17.5262716864402 16.6925542084214 15.6785796815494 14.6322973367927 13.3564261881300 12.0372523066187
# nat_m_dev:
 -0.117883852526678 -0.415182211953134 -0.561907210453157 -1.04079614996201 -1.13738670256561 -0.907319144757934 -0.675297718226810 -0.407394665132593 -0.176442422796634 0.0881403070963499 -0.0293267117115466 0.187618972997259 0.135082501482951 0.229344603282178 0.558242142174815 0.685362614286361 0.224042958753769 -0.685280810902125 -0.454618369799097 0.229109669776718 -0.148422782629631 -0.286328920203667 -0.330060171043235 -0.259779519625221 -0.413056014947600 -0.322284652452465 -0.456483237654773 -0.383038751267915 0.328169939372968 0.287205731091803 0.0223325177068740 -0.0227388271582399 0.618745488798818 0.508436608374658 -0.135090507299281 -0.372240628050310 0.525050414252049 1.90222688170924 0.00000000000000 -0.782265700880367 -0.270087598694949 0.261589315948219
# nat_m_mat_dev:
 -0.238182097040809 0.594678420399209 1.32150456815585 -0.547970325113674 -1.28075893810625 -0.941832259134803 -0.275297839569468 -0.118796281691329 0.231653698933325 1.00245390695995 0.0770161315425389 -0.0118913343001703 0.0899234690784938 0.613522350907654 0.540717736503211 0.550957033938400 0.686790708018461 -0.482348233905223 -0.638288175460953 0.343467879512586 0.229455469538345 -0.300274532668525 -0.375183094978353 0.426945708708728 0.625438717641754 0.537188560586298 0.0451629652654064 -0.802004807546474 -0.877894753854995 -0.230555756107776 0.716382261673108 0.131196514306874 0.590648532839997 0.273937525620700 -0.0776507660622936 0.0254029809876835 0.810003043859451 1.24200217460004 0.00000000000000 0.674512050582209 -0.103630384802748 -1.07834803919545
# nat_m_lg_dev:
 -0.145297430279151 -0.0491449103994912 0.0779030633030790 0.411847318811030 -0.148562614798549 -0.148551638743172 -0.141163976160095 -0.147534703871138 -0.0676250860414929 -0.148835375799548 0.0871778065920006 -0.117654423636870 -0.148107392726252 0.285630690386020 -0.131780051963801 -0.00792824688031260 0.0676192401878361 0.435797227938140 0.120978513169587 -0.146564253916204 0.317868537099333 0.420760490633767 -0.148041397100904 -0.118263111822985 -0.0858342106761321 -0.127080324665505 -0.00497237899293105 0.0985158292071231 0.0807398885878176 -0.0157839878880000 -0.144666535349393 -0.136164861778117 -0.131077650004071 0.241810351097722 -0.0104043035338768 0.172614121789787 -0.0834994138682530 -0.146447314195964 0.0172322478073201 -0.130861226727921 0.0569919679227852 -0.0616404727132174
# q_dev:
 0.00000000000000 0.00000000000000 0.00000000000000 0.00000000000000 0.00000000000000 0.00000000000000 0.00000000000000 0.00000000000000 0.00000000000000 0.00000000000000 0.00000000000000 0.00000000000000 0.00000000000000 0.00000000000000 0.00000000000000 0.00000000000000 0.00000000000000 0.00000000000000 0.00000000000000 0.00000000000000 0.00000000000000 0.00000000000000 0.00000000000000 0.00000000000000 0.00000000000000 0.00000000000000 0.00000000000000 0.00000000000000 0.00000000000000 0.00000000000000 0.00000000000000 0.00000000000000 0.00000000000000 0.00000000000000 0.00000000000000 0.00000000000000 0.00000000000000 0.00000000000000 0.00000000000000 0.00000000000000 0.00000000000000 0.00000000000000
# q_mat_dev:
 0.00000000000000 0.00000000000000 0.00000000000000 0.00000000000000 0.00000000000000 0.00000000000000 0.00000000000000 0.00000000000000 0.00000000000000 0.00000000000000 0.00000000000000 0.00000000000000 0.00000000000000 0.00000000000000 0.00000000000000 0.00000000000000 0.00000000000000 0.00000000000000 0.00000000000000 0.00000000000000 0.00000000000000 0.00000000000000 0.00000000000000 0.00000000000000 0.00000000000000 0.00000000000000 0.00000000000000 0.00000000000000 0.00000000000000 0.00000000000000 0.00000000000000 0.00000000000000 0.00000000000000 0.00000000000000 0.00000000000000 0.00000000000000 0.00000000000000 0.00000000000000 0.00000000000000 0.00000000000000 0.00000000000000 0.00000000000000
# q_lg_dev:
 0.00000000000000 0.00000000000000 0.00000000000000 0.00000000000000 0.00000000000000 0.00000000000000 0.00000000000000 0.00000000000000 0.00000000000000 0.00000000000000 0.00000000000000 0.00000000000000 0.00000000000000 0.00000000000000 0.00000000000000 0.00000000000000 0.00000000000000 0.00000000000000 0.00000000000000 0.00000000000000 0.00000000000000 0.00000000000000 0.00000000000000 0.00000000000000 0.00000000000000 0.00000000000000 0.00000000000000 0.00000000000000 0.00000000000000 0.00000000000000 0.00000000000000 0.00000000000000 0.00000000000000 0.00000000000000 0.00000000000000 0.00000000000000 0.00000000000000 0.00000000000000 0.00000000000000 0.00000000000000 0.00000000000000 0.00000000000000
# log_avg_rec:
21.2480627637
# rec_devs:
 -0.280014724194 -0.305961630028 0.0644045529514 0.812188570201 0.188674267231 0.156951712033 -0.188375207490 0.144651606025 1.14754898729 1.48256080941 1.32874760520 0.484509176152 -0.776130030044 -0.893368942946 -0.581043550386 -0.555155489358 -0.710843973216 -1.07341070648 -0.858085222564 0.00378027360217 0.0712073749784 0.0588587184229 -0.0736106491266 -0.738591051303 -1.55781289816 -0.392052350360 0.508259987497 -0.0840805200428 -0.283951620105 -0.262075441563 -0.179395394851 -0.0148710610399 1.47014904544 1.40230791041 1.10761397756 -1.23359213691 -2.26772022520 -2.55762687501 -1.71655540272 -1.07310863079 0.614739259955 0.00000000000
# sigma_m:
 1.00000000000 1.00000000000 1.00000000000
# log_m_mu:
 -1.35304216564 -0.774265428271 -1.21745469961
# prop_rec:
 14.2475941402 2.92523965725
# sigma_q:
 0.100000000000 0.100000000000
# log_f:
0.137366985692
# f_dev:
 -1.26759497937 -1.90892364152 -0.423001464747 0.284589095374 -0.0126088598017 0.0677597250653 -0.224859990362 -0.282804337140 0.702525099040 0.549134903955 1.51074646759 0.814354589965 0.768999386082 0.388099993000 0.451769094268 0.501858581695 0.993882281364 -0.907380295453 -0.964572124423 0.0469570475748 0.201392946746 -0.879193336910 -1.17496088388 -0.517185738880 0.0946981127672 0.338849075567 -0.183858591678 -0.956451650420 -1.79369897446 -0.810021083580 0.0192282119038 0.414318715136 0.650837363157 0.438171126856 -0.130019304432 -0.0186066604509 1.03247492961 1.53201533978 1.78753522946 -1.13445539845
# fish_ret_sel_50:
96.9093090824
# fish_ret_sel_50_post:
102.052586226
# fish_ret_sel_slope:
0.214615418492
# fish_ret_sel_slope_post:
0.297360859071
# fish_tot_sel_offset:
-9.26540414172
# fish_tot_sel_offset_dev:
 8.39111172216 -27.2511558107 39.5163185342 39.8063275221 38.6779745708 9.72436467121 -39.7345139694 34.1202224486 24.3557875828 28.0090049392 -39.9771896953 32.7068093354 25.5143050285 25.3306561539 -36.1205927304 -15.7096020044 -39.4576478278 -27.4139867068 -21.1560548007 -0.978679801880 27.7679440807 17.1580131041 -39.1471785802 -23.4145322728 -30.1384470851 36.6736224992 -14.7503329112 0.760303183393 -21.3194695909 7.85553967073 27.9005710463 -36.3907076721 39.4756613292 -39.3156501370 36.0906054728 -25.3688682901 -31.3937551664 4.16506904023 8.31697103719 -3.27881791943
# fish_tot_sel_slope:
-1.62410713866
# surv_omega:
0.569239004819
# surv_alpha1:
0.106071907114
# surv_beta1:
111.589704109
# surv_alpha2:
0.179560200221
# surv_beta2:
41.6216105652
