# Number of parameters = 308 Objective function value = 308.524545378269  Maximum gradient component = 0.000730286006580501
# log_n_imm:
 18.5624221105313 19.6727498666631 19.7547026082045 19.9026477458100 19.8713357072518 19.7893758525794 19.4940862261843 19.4072702489368 19.3791920641298 18.8505171242378 18.3241505709110 18.3689148200245 17.8283175781368 16.7965959633740 15.2468318498217 13.2765748392151 11.9710138247890 10.3162239905008 9.60517870786021 8.24097883246360 6.50484542684416
# log_n_mat:
 17.7545454407207 11.5477140309264 15.7576391018718 17.4077180252539 18.3652916573648 18.9527882155221 19.0075200202664 18.8872845302574 18.9274507779829 19.0203404964912 18.8414820948553 18.4289052833347 18.0582055732423 18.2773788110994 18.2089761129454 17.5262718299564 16.6925546969412 15.6785798809759 14.6322968655801 13.3564284959200 12.0372625396044
# nat_m_dev:
 -0.117885748547647 -0.415180010325882 -0.561907407048642 -1.04079628951605 -1.13738678653451 -0.907319665024624 -0.675297044056978 -0.407395114133311 -0.176442395633648 0.0881396933926790 -0.0293245893370815 0.187617835272062 0.135082653615941 0.229346791773440 0.558241424732888 0.685362276469171 0.224043892155250 -0.685281213678627 -0.454617772728344 0.229107864359659 -0.148423795842429 -0.286329781477385 -0.330060702106179 -0.259777895347647 -0.413056269445472 -0.322284554809955 -0.456482566953583 -0.383039606162854 0.328169297259882 0.287206992859094 0.0223314134950677 -0.0227383081962335 0.618746522345484 0.508437414043828 -0.135091064439978 -0.372240465136405 0.525049533378086 1.90222689444257 0.00000000000000 -0.782265666322363 -0.270088012834381 0.261589602472878
# nat_m_mat_dev:
 -0.238179301406785 0.594677603896546 1.32150531338975 -0.547970175532601 -1.28075876242482 -0.941830665468211 -0.275296737342849 -0.118797280008873 0.231653228740380 1.00245406518842 0.0770174706715454 -0.0118919951352718 0.0899242266142193 0.613521638178846 0.540717421540010 0.550958129691866 0.686790589956276 -0.482348267498598 -0.638288339543921 0.343467106490188 0.229455516269704 -0.300274214600887 -0.375182256872812 0.426946311380757 0.625439395965087 0.537188571374058 0.0451608279777927 -0.802005231792126 -0.877895653512756 -0.230556143533442 0.716383555477988 0.131195254128344 0.590648302960116 0.273937496865504 -0.0776521828586909 0.0254013942342320 0.810003844628814 1.24200171193652 0.00000000000000 0.674511943738866 -0.103630373772740 -1.07834856296200
# nat_m_lg_dev:
 3.45794981594120 -0.124083473373687 -1.79663223768893 -1.14262099609144 0.151128784866539 3.53531961109970 2.70199529790173 3.56339118376537 -1.47650895070954 0.755830232389633 -0.0643996617156780 -2.54992735117913 1.09808637945697 0.784512179480764 -3.96089186537199 -0.440826263235480 -2.54866225583819 2.46794472860557 1.16402564833727 -1.80668581115677 3.47347117197541 -2.99048045093151 1.60056519551030 2.16565455638504 -1.74557116336298 3.63290016341270 0.783608196013197 2.57916659314676 -1.03689985508577 -3.55907140536560 2.78883359878870 -3.04753907639542 -2.38231788202577 1.74198376940212 3.18438005952707 -2.87347011801895 3.84369724176482 -0.378777874381249 -3.76693110485875 -3.59453428759941 -3.80104323473724 -0.386569088647365
# q_dev:
 0.00000000000000 0.00000000000000 0.00000000000000 0.00000000000000 0.00000000000000 0.00000000000000 0.00000000000000 0.00000000000000 0.00000000000000 0.00000000000000 0.00000000000000 0.00000000000000 0.00000000000000 0.00000000000000 0.00000000000000 0.00000000000000 0.00000000000000 0.00000000000000 0.00000000000000 0.00000000000000 0.00000000000000 0.00000000000000 0.00000000000000 0.00000000000000 0.00000000000000 0.00000000000000 0.00000000000000 0.00000000000000 0.00000000000000 0.00000000000000 0.00000000000000 0.00000000000000 0.00000000000000 0.00000000000000 0.00000000000000 0.00000000000000 0.00000000000000 0.00000000000000 0.00000000000000 0.00000000000000 0.00000000000000 0.00000000000000
# q_mat_dev:
 0.00000000000000 0.00000000000000 0.00000000000000 0.00000000000000 0.00000000000000 0.00000000000000 0.00000000000000 0.00000000000000 0.00000000000000 0.00000000000000 0.00000000000000 0.00000000000000 0.00000000000000 0.00000000000000 0.00000000000000 0.00000000000000 0.00000000000000 0.00000000000000 0.00000000000000 0.00000000000000 0.00000000000000 0.00000000000000 0.00000000000000 0.00000000000000 0.00000000000000 0.00000000000000 0.00000000000000 0.00000000000000 0.00000000000000 0.00000000000000 0.00000000000000 0.00000000000000 0.00000000000000 0.00000000000000 0.00000000000000 0.00000000000000 0.00000000000000 0.00000000000000 0.00000000000000 0.00000000000000 0.00000000000000 0.00000000000000
# q_lg_dev:
 0.00000000000000 0.00000000000000 0.00000000000000 0.00000000000000 0.00000000000000 0.00000000000000 0.00000000000000 0.00000000000000 0.00000000000000 0.00000000000000 0.00000000000000 0.00000000000000 0.00000000000000 0.00000000000000 0.00000000000000 0.00000000000000 0.00000000000000 0.00000000000000 0.00000000000000 0.00000000000000 0.00000000000000 0.00000000000000 0.00000000000000 0.00000000000000 0.00000000000000 0.00000000000000 0.00000000000000 0.00000000000000 0.00000000000000 0.00000000000000 0.00000000000000 0.00000000000000 0.00000000000000 0.00000000000000 0.00000000000000 0.00000000000000 0.00000000000000 0.00000000000000 0.00000000000000 0.00000000000000 0.00000000000000 0.00000000000000
# log_avg_rec:
21.2927233208
# rec_devs:
 -0.324675146738 -0.350621365284 0.0197441386494 0.767528410535 0.144013011391 0.112292024682 -0.233036474492 0.0999916655346 1.10288893297 1.43790069547 1.28408754662 0.439848672535 -0.820789109697 -0.938029712411 -0.625704294336 -0.599815940814 -0.755504855405 -1.11807094325 -0.902746369027 -0.0408801943163 0.0265466309720 0.0141984087999 -0.118271385337 -0.783251109631 -1.60247318025 -0.436713090056 0.463599470763 -0.128740315008 -0.328611450174 -0.306735459921 -0.224055391254 -0.0595311546539 1.42548922003 1.35764712224 1.06295323656 -1.27825771745 -2.31237881872 -2.60228688475 -1.76121581083 -1.11776922142 0.570078739031 0.00000000000
# sigma_m:
 1.00000000000 1.00000000000 1.00000000000
# log_m_mu:
 -1.35304207540 -0.774265385404 -1.23486433439
# prop_rec:
 14.2475922900 2.92523895968
# sigma_q:
 0.100000000000 0.100000000000
# log_f:
0.137366627454
# f_dev:
 -1.26759424477 -1.90892359221 -0.423000972732 0.284589675280 -0.0126086432032 0.0677600210011 -0.224859396490 -0.282804401682 0.702525102989 0.549134735693 1.51074646098 0.814354475933 0.768999726401 0.388099900190 0.451768975382 0.501859199778 0.993882782321 -0.907380012061 -0.964571805249 0.0469568292529 0.201392285582 -0.879193618713 -1.17496141109 -0.517185600818 0.0946984598583 0.338849461364 -0.183858854029 -0.956452120481 -1.79369908826 -0.810021441247 0.0192282945618 0.414319523073 0.650837223741 0.438171122972 -0.130019201774 -0.0186073438549 1.03247460517 1.53201472186 1.78753368868 -1.13445552338
# fish_ret_sel_50:
96.9093098767
# fish_ret_sel_50_post:
102.052586353
# fish_ret_sel_slope:
0.214615430182
# fish_ret_sel_slope_post:
0.297360819517
# fish_tot_sel_offset:
-9.26540056974
# fish_tot_sel_offset_dev:
 14.4786125106 37.0601707477 2.18265612982 33.3256292408 -25.1726554617 27.1996523511 25.4113518763 17.4289968436 39.9949396036 -38.6914676132 36.1542152982 -37.4522765476 -23.8864275003 -39.9059577159 -12.8664390742 -34.4653423503 39.9285233744 -0.277673107082 24.8366772192 -38.3049841231 -19.0485826480 20.7334593775 -4.88980454805 23.5360123530 -29.4030041337 -35.6499940431 -16.6585535188 22.8141606466 -30.0675707864 -19.9621759764 24.0503054904 -4.66174081518 -37.3277503717 -0.429256040373 -33.0308938648 30.1318899387 -35.0001495321 39.9811153668 32.8846133922 25.0197180113
# fish_tot_sel_slope:
-1.62410708256
# surv_omega:
0.569239024755
# surv_alpha1:
0.106071938671
# surv_beta1:
111.589697090
# surv_alpha2:
0.179560215141
# surv_beta2:
41.6216110830
