# Number of parameters = 308 Objective function value = 308.524545364909  Maximum gradient component = 0.000488825055815201
# log_n_imm:
 18.5624213682513 19.6727502457652 19.7547022446196 19.9026467876280 19.8713341949129 19.7893759423435 19.4940857173106 19.4072705261884 19.3791919836654 18.8505162828132 18.3241500551101 18.3689150165630 17.8283178075688 16.7965959516833 15.2468323538518 13.2765592101418 11.9710103367075 10.3162937632401 9.60516167745487 8.24085333658008 6.50531147731286
# log_n_mat:
 17.7545513727258 11.5477181790882 15.7576385279842 17.4077198501965 18.3652894674653 18.9527875358876 19.0075188462827 18.8872836411500 18.9274495223461 19.0203391802502 18.8414820703289 18.4289048824814 18.0582051240639 18.2773791186952 18.2089758710042 17.5262711818021 16.6925540450951 15.6785785454192 14.6322967989541 13.3564272068516 12.0372551730345
# nat_m_dev:
 -0.117884406138791 -0.415182193485982 -0.561907561438359 -1.04079618071446 -1.13738719204863 -0.907319462575502 -0.675297974787204 -0.407394412235759 -0.176442765326988 0.0881410958619730 -0.0293262827885828 0.187618648395973 0.135080031967072 0.229346695286331 0.558242194694780 0.685361544046587 0.224044612038944 -0.685280965023512 -0.454618153222388 0.229109973485410 -0.148423306889697 -0.286329151401506 -0.330058972461915 -0.259778812388864 -0.413056347294454 -0.322285077972541 -0.456483626179690 -0.383039606772922 0.328170453387298 0.287205948045732 0.0223320193298628 -0.0227392218859464 0.618746615840206 0.508435055294627 -0.135091411520458 -0.372240456549839 0.525051192633681 1.90222664087968 0.00000000000000 -0.782265248428616 -0.270086494965213 0.261589948378763
# nat_m_mat_dev:
 -0.238183856745962 0.594678718840974 1.32150429444293 -0.547970547342378 -1.28075798998618 -0.941832210960177 -0.275297175760323 -0.118794692031990 0.231652281961085 1.00245371335354 0.0770169011835441 -0.0118914345496096 0.0899236273711494 0.613522130592460 0.540717924460126 0.550957389521132 0.686790416653827 -0.482347867758603 -0.638287273733199 0.343467898483727 0.229454444800123 -0.300275116650711 -0.375182672030808 0.426945537775556 0.625438475365721 0.537188199329174 0.0451628831576176 -0.802005017230486 -0.877894840311961 -0.230556006058698 0.716382689174624 0.131197048710224 0.590647077002997 0.273939098451103 -0.0776519419116811 0.0254030304931100 0.810004590342640 1.24200150076574 0.00000000000000 0.674512483317654 -0.103630926486821 -1.07834799481113
# nat_m_lg_dev:
 2.97057961429897 3.11149766834332 0.628103419597824 -1.75808065774378 -3.72215830703958 -1.38376085110055 2.71980855773177 -2.79593872961230 2.43998163525775 -1.76690596439858 -1.39508108952609 0.999056801829520 3.85883539563296 -3.28273356369795 3.38585398206145 0.630300053418976 3.12039798285663 0.181096089210437 2.54764357941175 -3.44316883260722 2.11392078136618 2.06784998719959 -0.591932564565903 3.97831947804738 -3.64379342083794 1.98744869185138 -3.84883799926108 -3.50078596442765 2.61334858758187 -3.53823586837247 -3.94529765761866 0.277825856867460 2.45850356771250 3.20884656964637 -3.93319790899368 -2.20496495645910 0.824361050880196 -2.32308692281876 -3.71003304091389 3.77417734189352 -2.96557909061483 3.85581669791224
# q_dev:
 0.00000000000000 0.00000000000000 0.00000000000000 0.00000000000000 0.00000000000000 0.00000000000000 0.00000000000000 0.00000000000000 0.00000000000000 0.00000000000000 0.00000000000000 0.00000000000000 0.00000000000000 0.00000000000000 0.00000000000000 0.00000000000000 0.00000000000000 0.00000000000000 0.00000000000000 0.00000000000000 0.00000000000000 0.00000000000000 0.00000000000000 0.00000000000000 0.00000000000000 0.00000000000000 0.00000000000000 0.00000000000000 0.00000000000000 0.00000000000000 0.00000000000000 0.00000000000000 0.00000000000000 0.00000000000000 0.00000000000000 0.00000000000000 0.00000000000000 0.00000000000000 0.00000000000000 0.00000000000000 0.00000000000000 0.00000000000000
# q_mat_dev:
 0.00000000000000 0.00000000000000 0.00000000000000 0.00000000000000 0.00000000000000 0.00000000000000 0.00000000000000 0.00000000000000 0.00000000000000 0.00000000000000 0.00000000000000 0.00000000000000 0.00000000000000 0.00000000000000 0.00000000000000 0.00000000000000 0.00000000000000 0.00000000000000 0.00000000000000 0.00000000000000 0.00000000000000 0.00000000000000 0.00000000000000 0.00000000000000 0.00000000000000 0.00000000000000 0.00000000000000 0.00000000000000 0.00000000000000 0.00000000000000 0.00000000000000 0.00000000000000 0.00000000000000 0.00000000000000 0.00000000000000 0.00000000000000 0.00000000000000 0.00000000000000 0.00000000000000 0.00000000000000 0.00000000000000 0.00000000000000
# q_lg_dev:
 0.00000000000000 0.00000000000000 0.00000000000000 0.00000000000000 0.00000000000000 0.00000000000000 0.00000000000000 0.00000000000000 0.00000000000000 0.00000000000000 0.00000000000000 0.00000000000000 0.00000000000000 0.00000000000000 0.00000000000000 0.00000000000000 0.00000000000000 0.00000000000000 0.00000000000000 0.00000000000000 0.00000000000000 0.00000000000000 0.00000000000000 0.00000000000000 0.00000000000000 0.00000000000000 0.00000000000000 0.00000000000000 0.00000000000000 0.00000000000000 0.00000000000000 0.00000000000000 0.00000000000000 0.00000000000000 0.00000000000000 0.00000000000000 0.00000000000000 0.00000000000000 0.00000000000000 0.00000000000000 0.00000000000000 0.00000000000000
# log_avg_rec:
20.8190218406
# rec_devs:
 0.149025746413 0.123079326595 0.493445104549 1.24122933302 0.617715115564 0.585992760028 0.240665515285 0.573692778960 1.57658989399 1.91160153669 1.75778811905 0.913549550144 -0.347089121656 -0.464327847787 -0.152002866577 -0.126114440360 -0.281802905092 -0.644369611438 -0.429044255461 0.432820531790 0.500248367771 0.487899714025 0.355429860508 -0.309550437557 -1.12877188326 0.0369881538120 0.937300366296 0.344960432201 0.145089598195 0.166965116773 0.249645078935 0.414169794307 1.89918946973 1.83134826824 1.53665441675 -0.804553672567 -1.83867719916 -2.12858656636 -1.28751466104 -0.644067919274 1.04377996395 0.00000000000
# sigma_m:
 1.00000000000 1.00000000000 1.00000000000
# log_m_mu:
 -1.35304220298 -0.774265514594 -1.45117636229
# prop_rec:
 14.2475944594 2.92523990651
# sigma_q:
 0.100000000000 0.100000000000
# log_f:
0.137366988843
# f_dev:
 -1.26759495665 -1.90892352863 -0.423001479820 0.284589029190 -0.0126088768903 0.0677596270429 -0.224859782226 -0.282803910452 0.702525022990 0.549134653530 1.51074567037 0.814354588490 0.768999461557 0.388099739829 0.451769072422 0.501858875894 0.993882059866 -0.907380486383 -0.964571944969 0.0469571737175 0.201392932851 -0.879193557776 -1.17496110530 -0.517185741198 0.0946982861886 0.338849488339 -0.183858555548 -0.956451602630 -1.79369887317 -0.810021099240 0.0192283379579 0.414319339901 0.650837067538 0.438171007123 -0.130019332539 -0.0186071638797 1.03247598835 1.53201573004 1.78753447509 -1.13445563097
# fish_ret_sel_50:
96.9093089588
# fish_ret_sel_50_post:
102.052586377
# fish_ret_sel_slope:
0.214615429370
# fish_ret_sel_slope_post:
0.297360844814
# fish_tot_sel_offset:
-9.26540528535
# fish_tot_sel_offset_dev:
 -16.8210338444 -14.6206109037 29.0988449187 -14.0041982849 39.9982086498 -22.1977824353 39.9697611356 37.5348795024 16.3533682285 -10.8382865101 34.0840153873 21.7416640863 -35.6090365899 3.94902574691 38.8151273437 -38.6899616156 -38.4640036879 -14.1139028271 -9.97257192698 -39.5767515085 37.4809190718 -33.3670626206 39.0849281599 -7.10081259753 17.8353318453 4.77351225747 -8.93751697995 -39.7878197435 -13.0644833589 25.0041618730 23.8277717835 -26.5737154105 39.2761897862 -28.1810057195 -36.0735073304 -32.1512801417 7.55564627723 -36.5367463833 23.6740404119 36.6246939548
# fish_tot_sel_slope:
-1.62410720855
# surv_omega:
0.569238916062
# surv_alpha1:
0.106072021638
# surv_beta1:
111.589704189
# surv_alpha2:
0.179560185986
# surv_beta2:
41.6216118591
