# Number of parameters = 308 Objective function value = 308.524545376871  Maximum gradient component = 0.000992242536892373
# log_n_imm:
 18.5624193054971 19.6727505238367 19.7547019043055 19.9026478094798 19.8713342605017 19.7893769668243 19.4940859682109 19.4072708954708 19.3791918468076 18.8505164877341 18.3241503969229 18.3689149507684 17.8283182719374 16.7965965338262 15.2468326753119 13.2765611506066 11.9710229669582 10.3163458577915 9.60516078914416 8.24108032524794 6.50623337778226
# log_n_mat:
 17.7545499057361 11.5477105549724 15.7576316646232 17.4077204412361 18.3652907020851 18.9527884372302 19.0075194913930 18.8872848559770 18.9274502732806 19.0203396388608 18.8414823617703 18.4289059609261 18.0582051290262 18.2773792185780 18.2089761191629 17.5262716355344 16.6925546818369 15.6785785675933 14.6322978838248 13.3564367527233 12.0372562686619
# nat_m_dev:
 -0.117883700417438 -0.415182217131204 -0.561907588526659 -1.04079672702152 -1.13738692698686 -0.907319830329302 -0.675298171008911 -0.407395018267235 -0.176444061745868 0.0881422334792181 -0.0293276245958945 0.187618118471234 0.135082792585603 0.229346289869450 0.558242240581434 0.685362952588692 0.224042649890292 -0.685280008357616 -0.454618501530757 0.229110562225928 -0.148422905491660 -0.286329707550801 -0.330059671826005 -0.259777528099303 -0.413056820369761 -0.322285479127264 -0.456483439282097 -0.383038454519441 0.328171121228511 0.287206863353354 0.0223320669165692 -0.0227391810085029 0.618744556528009 0.508436929547504 -0.135091027740103 -0.372239568470327 0.525050263077242 1.90222700872158 0.00000000000000 -0.782266196324439 -0.270088325328671 0.261589413786398
# nat_m_mat_dev:
 -0.238180969061734 0.594678140157979 1.32150467353295 -0.547969656052144 -1.28075893925522 -0.941832934739755 -0.275299324415358 -0.118795878370503 0.231655100702029 1.00245360495972 0.0770169222700072 -0.0118910887792938 0.0899246419749360 0.613523008687159 0.540717301975078 0.550957082546008 0.686790172003357 -0.482348582474406 -0.638287906430533 0.343468226214468 0.229455356770960 -0.300274977370632 -0.375182985568408 0.426946121641164 0.625438696575975 0.537188227479673 0.0451627740808751 -0.802006016176277 -0.877895297298464 -0.230556069943809 0.716382477188501 0.131195745841246 0.590648596758149 0.273937688854713 -0.0776511969682219 0.0254027275763027 0.810003558946802 1.24200201182380 0.00000000000000 0.674511645593124 -0.103629971862363 -1.07834792986897
# nat_m_lg_dev:
 0.413980162931049 0.140449271142652 -0.238949691312777 0.00740883272316273 0.157914750140223 -0.379767995241659 0.194237689892406 0.0468595729433727 -0.106161988560361 0.191343371512727 -0.184159605991547 0.331579493605421 -0.214442599219164 0.197666697615469 0.245880371163623 -0.0836224712573852 -0.171294032407021 -0.193448764558748 0.116271793851831 0.320470343628436 -0.0300477548591989 -0.271736309770760 -0.304368795137767 0.163828654791180 -0.0700681431050736 0.0551739127021844 -0.329092013211301 -0.461358651598222 0.243468737314285 0.230959165302231 0.189342260343208 0.160537503963765 -0.296927470625370 0.151536118841709 0.135451456458816 0.236347968918400 -0.0146733005032749 0.00119323542946281 0.0778239915240593 -0.480198508960699 0.00784763204856143 -0.187254892467907
# q_dev:
 0.00000000000000 0.00000000000000 0.00000000000000 0.00000000000000 0.00000000000000 0.00000000000000 0.00000000000000 0.00000000000000 0.00000000000000 0.00000000000000 0.00000000000000 0.00000000000000 0.00000000000000 0.00000000000000 0.00000000000000 0.00000000000000 0.00000000000000 0.00000000000000 0.00000000000000 0.00000000000000 0.00000000000000 0.00000000000000 0.00000000000000 0.00000000000000 0.00000000000000 0.00000000000000 0.00000000000000 0.00000000000000 0.00000000000000 0.00000000000000 0.00000000000000 0.00000000000000 0.00000000000000 0.00000000000000 0.00000000000000 0.00000000000000 0.00000000000000 0.00000000000000 0.00000000000000 0.00000000000000 0.00000000000000 0.00000000000000
# q_mat_dev:
 0.00000000000000 0.00000000000000 0.00000000000000 0.00000000000000 0.00000000000000 0.00000000000000 0.00000000000000 0.00000000000000 0.00000000000000 0.00000000000000 0.00000000000000 0.00000000000000 0.00000000000000 0.00000000000000 0.00000000000000 0.00000000000000 0.00000000000000 0.00000000000000 0.00000000000000 0.00000000000000 0.00000000000000 0.00000000000000 0.00000000000000 0.00000000000000 0.00000000000000 0.00000000000000 0.00000000000000 0.00000000000000 0.00000000000000 0.00000000000000 0.00000000000000 0.00000000000000 0.00000000000000 0.00000000000000 0.00000000000000 0.00000000000000 0.00000000000000 0.00000000000000 0.00000000000000 0.00000000000000 0.00000000000000 0.00000000000000
# q_lg_dev:
 0.00000000000000 0.00000000000000 0.00000000000000 0.00000000000000 0.00000000000000 0.00000000000000 0.00000000000000 0.00000000000000 0.00000000000000 0.00000000000000 0.00000000000000 0.00000000000000 0.00000000000000 0.00000000000000 0.00000000000000 0.00000000000000 0.00000000000000 0.00000000000000 0.00000000000000 0.00000000000000 0.00000000000000 0.00000000000000 0.00000000000000 0.00000000000000 0.00000000000000 0.00000000000000 0.00000000000000 0.00000000000000 0.00000000000000 0.00000000000000 0.00000000000000 0.00000000000000 0.00000000000000 0.00000000000000 0.00000000000000 0.00000000000000 0.00000000000000 0.00000000000000 0.00000000000000 0.00000000000000 0.00000000000000 0.00000000000000
# log_avg_rec:
21.3061067469
# rec_devs:
 -0.338058350183 -0.364005353487 0.00635992286433 0.754144636724 0.130630717108 0.0989082055298 -0.246419198204 0.0866084148315 1.08950537060 1.42451740156 1.27070402565 0.426466006006 -0.834173325305 -0.951412329175 -0.639087228615 -0.613199222626 -0.768887642172 -1.13145480865 -0.916128775884 -0.0542637492052 0.0131635156690 0.000815027021080 -0.131654963625 -0.796634243530 -1.61585766443 -0.450096011243 0.450216355758 -0.142123874958 -0.341995323225 -0.320119481386 -0.237439401400 -0.0729149830351 1.41210507500 1.34426406697 1.04957048591 -1.29163787334 -2.32576408144 -2.61566941387 -1.77459955414 -1.13115254041 0.556695555689 0.00000000000
# sigma_m:
 1.00000000000 1.00000000000 1.00000000000
# log_m_mu:
 -1.35304212263 -0.774265332687 -1.43052202700
# prop_rec:
 14.2475966457 2.92523986539
# sigma_q:
 0.100000000000 0.100000000000
# log_f:
0.137367207520
# f_dev:
 -1.26759489818 -1.90892336408 -0.423001315810 0.284589343649 -0.0126084141437 0.0677599104398 -0.224860356405 -0.282805015316 0.702525263305 0.549134952622 1.51074638922 0.814354540763 0.768999479480 0.388100146314 0.451769188666 0.501858463967 0.993882256626 -0.907380769241 -0.964572324441 0.0469569720818 0.201393080373 -0.879193436768 -1.17496120008 -0.517185534964 0.0946986859686 0.338849616526 -0.183858634149 -0.956451757034 -1.79369925663 -0.810021401886 0.0192282167927 0.414318903115 0.650837591412 0.438171189085 -0.130019687283 -0.0186071212122 1.03247471136 1.53201535874 1.78753565275 -1.13445542563
# fish_ret_sel_50:
96.9093091985
# fish_ret_sel_50_post:
102.052586311
# fish_ret_sel_slope:
0.214615432293
# fish_ret_sel_slope_post:
0.297360868626
# fish_tot_sel_offset:
-9.26540670739
# fish_tot_sel_offset_dev:
 -7.23476007916 -36.0498862845 -5.74610415060 -39.0207859742 -1.71238015200 3.98865595027 27.8604120372 31.8991923344 11.6595973376 1.27183766151 -37.7946065753 3.69250938440 38.1040676855 -37.6733349970 -8.98251216333 27.7381697223 23.0427878041 0.987177609137 -38.6813439374 39.9323110513 12.9927001317 -0.501283102011 -17.2460208967 37.8229475210 -39.4384337011 38.6285941508 38.8951930437 -31.9234387089 -2.60039802437 -35.7034493070 -18.6404498956 10.7638072339 26.9712440370 -6.69446367147 24.0751808733 38.7980959770 -35.5533846437 31.6185791050 -29.5467395221 -39.9992848646
# fish_tot_sel_slope:
-1.62410721307
# surv_omega:
0.569239039462
# surv_alpha1:
0.106071901219
# surv_beta1:
111.589699823
# surv_alpha2:
0.179560223585
# surv_beta2:
41.6216101324
