# Number of parameters = 308 Objective function value = 308.524545371140  Maximum gradient component = 0.000581973301251511
# log_n_imm:
 18.5624206445296 19.6727504058122 19.7547020969756 19.9026475282026 19.8713339481881 19.7893763888872 19.4940856693255 19.4072706415302 19.3791918134488 18.8505164872332 18.3241502263559 18.3689150252808 17.8283176521860 16.7965964018755 15.2468332389785 13.2765647295294 11.9710176122611 10.3162812758891 9.60522159454391 8.24095325243566 6.50569925597543
# log_n_mat:
 17.7545500794363 11.5479142092188 15.7576263361347 17.4077205591658 18.3652918470927 18.9527884040551 19.0075199416410 18.8872846316263 18.9274502231237 19.0203397682563 18.8414824878615 18.4289057675110 18.0582055921739 18.2773794126026 18.2089764132344 17.5262717858001 16.6925545332749 15.6785791597909 14.6322978917064 13.3564282520414 12.0372574084220
# nat_m_dev:
 -0.117884380772294 -0.415181765812964 -0.561907694097929 -1.04079629821869 -1.13738668416988 -0.907319560884834 -0.675297612699495 -0.407394719860236 -0.176442522433185 0.0881397418836400 -0.0293266256931715 0.187619636222990 0.135081672173541 0.229346411966850 0.558242000786376 0.685362045550512 0.224043875978427 -0.685280489430398 -0.454618342093456 0.229109710489661 -0.148423353117631 -0.286329343774469 -0.330060179338173 -0.259778573147403 -0.413056001668424 -0.322285693563117 -0.456483511651208 -0.383038669160302 0.328170305381359 0.287205670309105 0.0223327285264585 -0.0227380006206330 0.618745624979441 0.508434953540041 -0.135090354494604 -0.372239977687416 0.525049811817701 1.90222702687517 0.00000000000000 -0.782265558001002 -0.270087513021021 0.261589580945730
# nat_m_mat_dev:
 -0.238180637640088 0.594678521463159 1.32150396839993 -0.547969805714369 -1.28075888345788 -0.941832402173235 -0.275297856782159 -0.118796314701622 0.231653822032791 1.00245393064882 0.0770168642736069 -0.0118917429451581 0.0899240012979502 0.613522956801618 0.540717326688792 0.550956925724984 0.686790654398645 -0.482348363643648 -0.638287476980916 0.343467892893715 0.229455110135666 -0.300274321351564 -0.375182958526248 0.426945447878632 0.625438608703362 0.537188252021728 0.0451629735911512 -0.802005385216351 -0.877895311506580 -0.230556351666447 0.716382714424256 0.131196238479090 0.590647729706172 0.273937562317231 -0.0776512842934220 0.0254027749025010 0.810003392052636 1.24200211452989 0.00000000000000 0.674511584176970 -0.103629629528137 -1.07834785905710
# nat_m_lg_dev:
 0.236633415009881 -0.253411886430975 0.00629484354111899 1.08188794845176 -0.210964369368848 -0.114013685320383 -0.267706648946609 -0.555956583146932 -0.0478256896617621 0.888229962571366 -0.0945125914859488 0.103428738902369 -0.149332278665526 -0.244599725020276 -0.0246645209226732 -0.0981647422781540 -0.327859321457505 -0.217399807542838 -0.0139384251774623 -0.261745969492860 0.132035342591812 0.747253930184045 -0.223915363437091 -0.266349793302821 0.669701246316788 0.314907213499477 0.0762598824435352 0.0127419373367894 0.213550825853098 -0.0256993009540072 0.244308289041394 -0.0532421697322538 -0.0994303700587256 -0.0825761050270868 -0.0723132006141605 -0.196657514865582 -0.413335349857421 -0.133229140048329 -0.228394678742033 -0.227090075102143 0.000686204961435132 0.176409525955536
# q_dev:
 0.00000000000000 0.00000000000000 0.00000000000000 0.00000000000000 0.00000000000000 0.00000000000000 0.00000000000000 0.00000000000000 0.00000000000000 0.00000000000000 0.00000000000000 0.00000000000000 0.00000000000000 0.00000000000000 0.00000000000000 0.00000000000000 0.00000000000000 0.00000000000000 0.00000000000000 0.00000000000000 0.00000000000000 0.00000000000000 0.00000000000000 0.00000000000000 0.00000000000000 0.00000000000000 0.00000000000000 0.00000000000000 0.00000000000000 0.00000000000000 0.00000000000000 0.00000000000000 0.00000000000000 0.00000000000000 0.00000000000000 0.00000000000000 0.00000000000000 0.00000000000000 0.00000000000000 0.00000000000000 0.00000000000000 0.00000000000000
# q_mat_dev:
 0.00000000000000 0.00000000000000 0.00000000000000 0.00000000000000 0.00000000000000 0.00000000000000 0.00000000000000 0.00000000000000 0.00000000000000 0.00000000000000 0.00000000000000 0.00000000000000 0.00000000000000 0.00000000000000 0.00000000000000 0.00000000000000 0.00000000000000 0.00000000000000 0.00000000000000 0.00000000000000 0.00000000000000 0.00000000000000 0.00000000000000 0.00000000000000 0.00000000000000 0.00000000000000 0.00000000000000 0.00000000000000 0.00000000000000 0.00000000000000 0.00000000000000 0.00000000000000 0.00000000000000 0.00000000000000 0.00000000000000 0.00000000000000 0.00000000000000 0.00000000000000 0.00000000000000 0.00000000000000 0.00000000000000 0.00000000000000
# q_lg_dev:
 0.00000000000000 0.00000000000000 0.00000000000000 0.00000000000000 0.00000000000000 0.00000000000000 0.00000000000000 0.00000000000000 0.00000000000000 0.00000000000000 0.00000000000000 0.00000000000000 0.00000000000000 0.00000000000000 0.00000000000000 0.00000000000000 0.00000000000000 0.00000000000000 0.00000000000000 0.00000000000000 0.00000000000000 0.00000000000000 0.00000000000000 0.00000000000000 0.00000000000000 0.00000000000000 0.00000000000000 0.00000000000000 0.00000000000000 0.00000000000000 0.00000000000000 0.00000000000000 0.00000000000000 0.00000000000000 0.00000000000000 0.00000000000000 0.00000000000000 0.00000000000000 0.00000000000000 0.00000000000000 0.00000000000000 0.00000000000000
# log_avg_rec:
21.0973013985
# rec_devs:
 -0.129253499032 -0.155200389379 0.215165789533 0.962949883827 0.339435407283 0.307713195751 -0.0376141275791 0.295413283748 1.29831043578 1.63332224729 1.47950919864 0.635270725591 -0.625368473878 -0.742607323119 -0.430282443978 -0.404394121949 -0.560082629282 -0.922649813124 -0.707323979689 0.154541204744 0.221968583565 0.209619996766 0.0771501572827 -0.587829526322 -1.40705193303 -0.241291143947 0.659021302645 0.0666810410676 -0.133190305897 -0.111314168468 -0.0286343803165 0.135889860555 1.62090989027 1.55306896435 1.25837544938 -1.08283431683 -2.11695666407 -2.40686562909 -1.56579417592 -0.922347504161 0.765500520953 0.00000000000
# sigma_m:
 1.00000000000 1.00000000000 1.00000000000
# log_m_mu:
 -1.35304216146 -0.774265464294 -1.25826704250
# prop_rec:
 14.2475943949 2.92524091230
# sigma_q:
 0.100000000000 0.100000000000
# log_f:
0.137367020401
# f_dev:
 -1.26759479859 -1.90892314543 -0.423001657010 0.284588523893 -0.0126090938786 0.0677595017351 -0.224859906533 -0.282804346907 0.702525224059 0.549134941251 1.51074664775 0.814354456921 0.768999260818 0.388100215724 0.451769288867 0.501858431604 0.993882130880 -0.907380439940 -0.964571874761 0.0469571388219 0.201392983258 -0.879193295223 -1.17496079831 -0.517185472054 0.0946982503512 0.338849423676 -0.183858634830 -0.956451621616 -1.79369890751 -0.810021117631 0.0192282265339 0.414319054471 0.650837439579 0.438170961134 -0.130019570782 -0.0186070428472 1.03247498090 1.53201515074 1.78753519234 -1.13445570144
# fish_ret_sel_50:
96.9093079874
# fish_ret_sel_50_post:
102.052586213
# fish_ret_sel_slope:
0.214615406686
# fish_ret_sel_slope_post:
0.297360854073
# fish_tot_sel_offset:
-9.26540652474
# fish_tot_sel_offset_dev:
 -24.1630205972 -11.6633718155 35.8786918355 -22.8000410064 30.0484285502 -6.62243601351 -20.2297396254 -38.7759129798 8.79931819800 -14.6538670123 27.8745294965 38.5253926931 -10.7099484948 36.8180825394 -39.8936241543 -4.74567081246 38.7843406087 -23.2052522783 -36.5387497879 27.5881264633 -9.66272673146 -4.70297943819 30.9498191752 -15.5840873190 1.02745434426 -28.7786558014 38.7247739415 21.3280266645 -4.37828058278 -38.6285130832 -18.6023695264 -36.4147602247 39.7577151260 31.9232168759 -19.7831816356 21.3613459008 -25.4789204828 30.8615215056 -39.9839698963 35.7492953810
# fish_tot_sel_slope:
-1.62410718894
# surv_omega:
0.569238995827
# surv_alpha1:
0.106071950481
# surv_beta1:
111.589700627
# surv_alpha2:
0.179560213417
# surv_beta2:
41.6216096226
