# Number of parameters = 308 Objective function value = 308.524545368866  Maximum gradient component = 0.000361090227457085
# log_n_imm:
 18.5624228839898 19.6727505091505 19.7547024913043 19.9026476588661 19.8713345979208 19.7893762930888 19.4940859221410 19.4072709300456 19.3791921345197 18.8505166993107 18.3241507465412 18.3689151645684 17.8283176157691 16.7965968594217 15.2468343962148 13.2765621024801 11.9710139394414 10.3163251396019 9.60519999332588 8.24086321169267 6.51814922795730
# log_n_mat:
 17.7545500874878 11.5477188421924 15.7576284466178 17.4077204257139 18.3652902147461 18.9527879138141 19.0075191786603 18.8872842662683 18.9274500385114 19.0203393990553 18.8414823400962 18.4289052057172 18.0582053727845 18.2773789295683 18.2089757977697 17.5262713576756 16.6925543045833 15.6785787884956 14.6322976356282 13.3564292972644 12.0372136053992
# nat_m_dev:
 -0.117883785049665 -0.415181740631537 -0.561907696164430 -1.04079642800555 -1.13738663505279 -0.907319525205690 -0.675297651338864 -0.407394497401371 -0.176442346029217 0.0881398722726716 -0.0293267906585964 0.187619249562806 0.135081813108282 0.229346189948948 0.558241758329258 0.685362274917029 0.224043699723600 -0.685280802814976 -0.454618444251371 0.229109694867004 -0.148423227694435 -0.286329482538863 -0.330059879035866 -0.259778923375694 -0.413055669078504 -0.322285338982935 -0.456483416983632 -0.383038667685625 0.328169790545158 0.287205659199100 0.0223329086509227 -0.0227385344061622 0.618745468953115 0.508435960967649 -0.135090705918174 -0.372239851051602 0.525049956985042 1.90222698359607 0.00000000000000 -0.782265725379220 -0.270087495405614 0.261589358885557
# nat_m_mat_dev:
 -0.238183253675726 0.594678328392618 1.32150455842942 -0.547969841893908 -1.28075881417662 -0.941832206311743 -0.275297742715468 -0.118796173538947 0.231653642597605 1.00245385425842 0.0770166974362589 -0.0118915523748031 0.0899237908157881 0.613522919435817 0.540717255594962 0.550957289740295 0.686790527024181 -0.482348397369855 -0.638287857823947 0.343467721961272 0.229455490881167 -0.300274163300750 -0.375182822970825 0.426945541622153 0.625438845921234 0.537188390753971 0.0451627721449496 -0.802005069581993 -0.877895070865507 -0.230555745933966 0.716382466467699 0.131196302509507 0.590648130489015 0.273937915341863 -0.0776510023471562 0.0254026139689451 0.810003589362352 1.24200203251278 0.00000000000000 0.674511795677262 -0.103630069984618 -1.07834790016901
# nat_m_lg_dev:
 -1.30525014825921 -2.70872822678067 -3.66022812342792 -1.62324487505309 -3.96416504650768 0.291940479102011 -3.23171242873550 -0.655105403970212 3.96965092547289 -0.718727951466313 -0.883826579636412 -1.37858193801009 2.17311787072987 2.43083081685803 -0.539552658621682 0.762276830328785 -1.63254398531226 -0.00880041734866107 -3.91762878959935 1.70167444023842 -3.92343762513736 3.96687752550271 2.52605214895753 2.82657390983855 -0.475835489971679 -3.94357033015787 -1.57114014488710 2.25446210385613 3.96782729094718 0.790567797918325 3.27206774515356 -3.49496850657579 -1.98403345192153 0.0118615767098984 1.36073252113576 -3.33315416087726 3.92203337895542 0.543021024558257 2.19340536172525 3.74314142930054 1.45034734502063 0.795773759947891
# q_dev:
 0.00000000000000 0.00000000000000 0.00000000000000 0.00000000000000 0.00000000000000 0.00000000000000 0.00000000000000 0.00000000000000 0.00000000000000 0.00000000000000 0.00000000000000 0.00000000000000 0.00000000000000 0.00000000000000 0.00000000000000 0.00000000000000 0.00000000000000 0.00000000000000 0.00000000000000 0.00000000000000 0.00000000000000 0.00000000000000 0.00000000000000 0.00000000000000 0.00000000000000 0.00000000000000 0.00000000000000 0.00000000000000 0.00000000000000 0.00000000000000 0.00000000000000 0.00000000000000 0.00000000000000 0.00000000000000 0.00000000000000 0.00000000000000 0.00000000000000 0.00000000000000 0.00000000000000 0.00000000000000 0.00000000000000 0.00000000000000
# q_mat_dev:
 0.00000000000000 0.00000000000000 0.00000000000000 0.00000000000000 0.00000000000000 0.00000000000000 0.00000000000000 0.00000000000000 0.00000000000000 0.00000000000000 0.00000000000000 0.00000000000000 0.00000000000000 0.00000000000000 0.00000000000000 0.00000000000000 0.00000000000000 0.00000000000000 0.00000000000000 0.00000000000000 0.00000000000000 0.00000000000000 0.00000000000000 0.00000000000000 0.00000000000000 0.00000000000000 0.00000000000000 0.00000000000000 0.00000000000000 0.00000000000000 0.00000000000000 0.00000000000000 0.00000000000000 0.00000000000000 0.00000000000000 0.00000000000000 0.00000000000000 0.00000000000000 0.00000000000000 0.00000000000000 0.00000000000000 0.00000000000000
# q_lg_dev:
 0.00000000000000 0.00000000000000 0.00000000000000 0.00000000000000 0.00000000000000 0.00000000000000 0.00000000000000 0.00000000000000 0.00000000000000 0.00000000000000 0.00000000000000 0.00000000000000 0.00000000000000 0.00000000000000 0.00000000000000 0.00000000000000 0.00000000000000 0.00000000000000 0.00000000000000 0.00000000000000 0.00000000000000 0.00000000000000 0.00000000000000 0.00000000000000 0.00000000000000 0.00000000000000 0.00000000000000 0.00000000000000 0.00000000000000 0.00000000000000 0.00000000000000 0.00000000000000 0.00000000000000 0.00000000000000 0.00000000000000 0.00000000000000 0.00000000000000 0.00000000000000 0.00000000000000 0.00000000000000 0.00000000000000 0.00000000000000
# log_avg_rec:
20.8224950636
# rec_devs:
 0.145552844711 0.119606079153 0.489972235390 1.23775630550 0.614241951049 0.582519765236 0.237192346607 0.570219854315 1.57311678306 1.90812864285 1.75431549683 0.910076930329 -0.350562149361 -0.467800890549 -0.155475985793 -0.129587572158 -0.285276223837 -0.647843290380 -0.432517460412 0.429347739707 0.496775105777 0.484426512667 0.351956834827 -0.313023215324 -1.13224530009 0.0335153030288 0.933827693582 0.341487316278 0.141616236251 0.163492354700 0.246172201321 0.410696611544 1.89571665508 1.82787549926 1.53318185921 -0.808027015064 -1.84215087144 -2.13205929724 -1.29098767069 -0.647540950178 1.04030700189 0.00000000000
# sigma_m:
 1.00000000000 1.00000000000 1.00000000000
# log_m_mu:
 -1.35304210387 -0.774265460954 -1.28739577871
# prop_rec:
 14.2475942905 2.92523995249
# sigma_q:
 0.100000000000 0.100000000000
# log_f:
0.137366859105
# f_dev:
 -1.26759499584 -1.90892368047 -0.423001522607 0.284589138416 -0.0126086913578 0.0677596523775 -0.224859909555 -0.282804296728 0.702525222670 0.549135017507 1.51074636335 0.814354464737 0.768999292525 0.388100127778 0.451769161915 0.501858611007 0.993882311420 -0.907380434747 -0.964571970095 0.0469569753332 0.201392910704 -0.879193328235 -1.17496091234 -0.517185666616 0.0946982706268 0.338849454967 -0.183858567122 -0.956451679581 -1.79369890038 -0.810021075574 0.0192281772303 0.414318700695 0.650837214825 0.438171043378 -0.130019438190 -0.0186070032219 1.03247500920 1.53201527745 1.78753509723 -1.13445542268
# fish_ret_sel_50:
96.9093082271
# fish_ret_sel_50_post:
102.052586382
# fish_ret_sel_slope:
0.214615415878
# fish_ret_sel_slope_post:
0.297360856506
# fish_tot_sel_offset:
-9.26540478463
# fish_tot_sel_offset_dev:
 38.5733069998 39.2575448055 12.6959199867 -24.9046476815 35.0663677095 -39.2334261421 9.98440270017 36.9249181546 -39.5742153530 34.6734588176 38.3792539629 -39.8375075414 -25.4538300641 13.1357881832 -38.5626327965 -18.4067317910 -35.5090148134 -18.2032978748 -6.95094432146 -23.1897058737 36.5072812650 -19.6971129607 29.2192874469 -21.3658692546 -7.83582279379 -23.3077313087 -39.4687143416 24.7073002677 18.4548657605 38.7919313628 24.7437453958 32.3580440328 -35.6174374696 -2.11227448746 4.56023568616 13.5612406506 -9.31612488634 -26.7738795289 -15.6606477830 29.3866758795
# fish_tot_sel_slope:
-1.62410714876
# surv_omega:
0.569239015701
# surv_alpha1:
0.106071917687
# surv_beta1:
111.589700769
# surv_alpha2:
0.179560215512
# surv_beta2:
41.6216104300
