# Number of parameters = 308 Objective function value = 308.524545369876  Maximum gradient component = 0.000599019434024757
# log_n_imm:
 18.5624222025176 19.6727494188895 19.7547025402485 19.9026458675570 19.8713344777969 19.7893754038252 19.4940859602120 19.4072697392130 19.3791917951516 18.8505158911067 18.3241504489793 18.3689145756678 17.8283162495938 16.7965938537228 15.2468325829772 13.2765664867354 11.9710474628935 10.3162662795574 9.60518815136434 8.23962405415278 6.53893478770176
# log_n_mat:
 17.7545478472094 11.5477174719336 15.7576301317237 17.4077238100580 18.3652908805056 18.9527889977697 19.0075198791992 18.8872849281837 18.9274497458977 19.0203407393218 18.8414831703798 18.4289048766960 18.0582056679754 18.2773802325786 18.2089773372867 17.5262719959943 16.6925542808625 15.6785847328516 14.6322994335346 13.3564360502635 12.0371612130063
# nat_m_dev:
 -0.117886334291379 -0.415181572113720 -0.561907242569232 -1.04079596054379 -1.13738658568917 -0.907320179095461 -0.675297922343053 -0.407394091982312 -0.176441501116671 0.0881396785420114 -0.0293271480240103 0.187618530548020 0.135079215282086 0.229347853970221 0.558240808629761 0.685363652343396 0.224042713639960 -0.685280385560597 -0.454618118743465 0.229109767252600 -0.148422254834630 -0.286329317478892 -0.330059580761780 -0.259777656791400 -0.413055500383112 -0.322284572195042 -0.456483286094628 -0.383038699260321 0.328171212940679 0.287205726638109 0.0223321034891648 -0.0227396471755532 0.618746706048840 0.508435078627440 -0.135088755372706 -0.372238601806797 0.525045471512998 1.90222795411979 0.00000000000000 -0.782265807993424 -0.270087598103514 0.261589203267428
# nat_m_mat_dev:
 -0.238178445800044 0.594677295914878 1.32150457430966 -0.547970392482867 -1.28075882586291 -0.941831299472782 -0.275298051059016 -0.118793664616157 0.231653607693864 1.00245377160516 0.0770163272544148 -0.0118909052384446 0.0899228365938735 0.613523163004752 0.540717245503108 0.550957078074476 0.686790559535237 -0.482350472871370 -0.638287878791815 0.343469213153331 0.229454787933567 -0.300274685252661 -0.375182019494315 0.426945387276555 0.625438465102381 0.537188834276782 0.0451613923928355 -0.802005069627133 -0.877895838639630 -0.230556369362564 0.716383228191692 0.131195949809004 0.590646917367106 0.273939216463520 -0.0776511307860000 0.0254019201004245 0.810002654452789 1.24200256682765 0.00000000000000 0.674511254153958 -0.103629643437774 -1.07834876028407
# nat_m_lg_dev:
 0.0830963952763512 0.0785304563719192 0.467837689664702 -0.585565911954139 0.0914883157069030 -0.213027081651907 -1.43387149866080 0.104295004263448 -0.194683361034094 2.60428353269300 -0.160090531733612 0.106135555211204 0.227282019495573 0.0914744557539576 -1.50670484175933 0.102364950248467 3.11253034542158 -0.234818034805819 0.0788258854224472 0.0773941975010249 0.0647323683659270 0.0803204941579262 -0.226382679365401 -0.183145453757622 0.0647567201560501 0.0748034730996828 -0.197930382694770 0.0829462542650875 0.0911923390947461 0.0720599955272881 -0.178115854811020 0.112167822234279 0.0552315148689934 0.103034663175474 -2.03193078644446 0.0928879589259456 -0.201272109856246 0.0987598396496724 -0.488603081344587 -0.186173414177280 -0.288254468083527 0.0921372455829733
# q_dev:
 0.00000000000000 0.00000000000000 0.00000000000000 0.00000000000000 0.00000000000000 0.00000000000000 0.00000000000000 0.00000000000000 0.00000000000000 0.00000000000000 0.00000000000000 0.00000000000000 0.00000000000000 0.00000000000000 0.00000000000000 0.00000000000000 0.00000000000000 0.00000000000000 0.00000000000000 0.00000000000000 0.00000000000000 0.00000000000000 0.00000000000000 0.00000000000000 0.00000000000000 0.00000000000000 0.00000000000000 0.00000000000000 0.00000000000000 0.00000000000000 0.00000000000000 0.00000000000000 0.00000000000000 0.00000000000000 0.00000000000000 0.00000000000000 0.00000000000000 0.00000000000000 0.00000000000000 0.00000000000000 0.00000000000000 0.00000000000000
# q_mat_dev:
 0.00000000000000 0.00000000000000 0.00000000000000 0.00000000000000 0.00000000000000 0.00000000000000 0.00000000000000 0.00000000000000 0.00000000000000 0.00000000000000 0.00000000000000 0.00000000000000 0.00000000000000 0.00000000000000 0.00000000000000 0.00000000000000 0.00000000000000 0.00000000000000 0.00000000000000 0.00000000000000 0.00000000000000 0.00000000000000 0.00000000000000 0.00000000000000 0.00000000000000 0.00000000000000 0.00000000000000 0.00000000000000 0.00000000000000 0.00000000000000 0.00000000000000 0.00000000000000 0.00000000000000 0.00000000000000 0.00000000000000 0.00000000000000 0.00000000000000 0.00000000000000 0.00000000000000 0.00000000000000 0.00000000000000 0.00000000000000
# q_lg_dev:
 0.00000000000000 0.00000000000000 0.00000000000000 0.00000000000000 0.00000000000000 0.00000000000000 0.00000000000000 0.00000000000000 0.00000000000000 0.00000000000000 0.00000000000000 0.00000000000000 0.00000000000000 0.00000000000000 0.00000000000000 0.00000000000000 0.00000000000000 0.00000000000000 0.00000000000000 0.00000000000000 0.00000000000000 0.00000000000000 0.00000000000000 0.00000000000000 0.00000000000000 0.00000000000000 0.00000000000000 0.00000000000000 0.00000000000000 0.00000000000000 0.00000000000000 0.00000000000000 0.00000000000000 0.00000000000000 0.00000000000000 0.00000000000000 0.00000000000000 0.00000000000000 0.00000000000000 0.00000000000000 0.00000000000000 0.00000000000000
# log_avg_rec:
21.1646094791
# rec_devs:
 -0.196561616969 -0.222508360337 0.147857934638 0.895641633407 0.272127412216 0.240405505460 -0.104924556023 0.228105817980 1.23100096564 1.56601355389 1.41219927304 0.567961959391 -0.692676896913 -0.809915374211 -0.497590805576 -0.471702483783 -0.627391179220 -0.989958176002 -0.774631763221 0.0872335374102 0.154660800460 0.142312393924 0.00984273272862 -0.655138492138 -1.47436006352 -0.308599370053 0.591713322582 -0.000627167881539 -0.200497971491 -0.178622384813 -0.0959424679660 0.0685823785400 1.55360193432 1.48576030121 1.19106689395 -1.15014566322 -2.18426448619 -2.47417311812 -1.63310199206 -0.989655414830 0.698192953562 0.00000000000
# sigma_m:
 1.00000000000 1.00000000000 1.00000000000
# log_m_mu:
 -1.35304235451 -0.774265474041 -1.71396830153
# prop_rec:
 14.2475913910 2.92523716048
# sigma_q:
 0.100000000000 0.100000000000
# log_f:
0.137367350827
# f_dev:
 -1.26759549891 -1.90892353637 -0.423001792345 0.284588894282 -0.0126089165663 0.0677597534867 -0.224859959426 -0.282803847656 0.702525860035 0.549135490473 1.51074629988 0.814354521365 0.768999477344 0.388099691522 0.451768723204 0.501858365546 0.993882262611 -0.907380404517 -0.964572508639 0.0469573440444 0.201393664671 -0.879193267546 -1.17496077620 -0.517185187788 0.0946986257261 0.338849572617 -0.183858386894 -0.956451778028 -1.79369918617 -0.810021643393 0.0192283168539 0.414319139550 0.650836485966 0.438170710084 -0.130019121179 -0.0186068192635 1.03247480276 1.53201482842 1.78753519630 -1.13445539586
# fish_ret_sel_50:
96.9093080312
# fish_ret_sel_50_post:
102.052586749
# fish_ret_sel_slope:
0.214615374347
# fish_ret_sel_slope_post:
0.297360863713
# fish_tot_sel_offset:
-9.26540796242
# fish_tot_sel_offset_dev:
 -31.0901083596 5.19006806446 39.4306094581 -11.1024449344 25.9931739251 -39.4575751023 39.9077035788 38.7317947898 22.6448052382 -20.0338890946 -38.1224101316 16.3246653581 34.9087712365 -30.4597549110 -39.2226229037 34.8284113323 -32.2479476393 36.1663340533 25.5040791144 31.2171087965 10.6057779088 -37.1184898436 -25.8008201343 31.9437264303 -39.9138317307 27.6273456077 -11.6278178285 29.4269704504 12.0807888115 -32.8968295683 -32.0274073876 19.2738284286 15.9938209202 38.1682649472 -37.9514801925 -36.4927648752 -39.1998559741 16.0622836368 21.9915243889 -39.2558058644
# fish_tot_sel_slope:
-1.62410719534
# surv_omega:
0.569238959107
# surv_alpha1:
0.106071961582
# surv_beta1:
111.589704859
# surv_alpha2:
0.179560235637
# surv_beta2:
41.6216087820
