# Number of parameters = 308 Objective function value = 308.524545367376  Maximum gradient component = 0.000624986625059703
# log_n_imm:
 18.5624205459799 19.6727510882390 19.7547018059011 19.9026471162495 19.8713346135081 19.7893762252728 19.4940856348391 19.4072708761194 19.3791921103217 18.8505164875363 18.3241503983494 18.3689147478260 17.8283179523334 16.7965964622169 15.2468327517353 13.2765577685272 11.9710141810853 10.3162870310635 9.60520355116072 8.24093142960883 6.50633700925325
# log_n_mat:
 17.7545476486569 11.5477155293323 15.7576267628383 17.4077207211284 18.3652904468423 18.9527883722043 19.0075194607048 18.8872841279339 18.9274497073090 19.0203391181113 18.8414819420200 18.4289056500972 18.0582053285016 18.2773792061436 18.2089761605159 17.5262718036750 16.6925544292119 15.6785791873943 14.6322976159767 13.3564274137660 12.0372550738740
# nat_m_dev:
 -0.117885487193064 -0.415182057758186 -0.561907687020572 -1.04079616651668 -1.13738692010897 -0.907319904708233 -0.675297358403892 -0.407394069426224 -0.176443331279089 0.0881386594479634 -0.0293261168153893 0.187619181109912 0.135082629096257 0.229345898715787 0.558241492884953 0.685363064233379 0.224043643669978 -0.685280725570633 -0.454618379852134 0.229110204006339 -0.148423193682513 -0.286330385708417 -0.330059587431265 -0.259778379407295 -0.413055588698020 -0.322284732868050 -0.456483585495389 -0.383038777612284 0.328170988763326 0.287205292607340 0.0223331161437554 -0.0227383160399282 0.618746430858778 0.508436032721184 -0.135091323919368 -0.372240228553116 0.525050016609262 1.90222716045611 0.00000000000000 -0.782265933603560 -0.270087211881185 0.261589009315519
# nat_m_mat_dev:
 -0.238183011618564 0.594678524806358 1.32150494452587 -0.547969620646641 -1.28075990286407 -0.941832448394960 -0.275297768653471 -0.118795992989160 0.231654401526405 1.00245375307229 0.0770174180368703 -0.0118904884540754 0.0899237893361204 0.613522657891694 0.540718099549163 0.550956920356634 0.686790399812830 -0.482347872907550 -0.638287947988972 0.343467566534894 0.229455793754257 -0.300274362728379 -0.375183091707476 0.426946316463006 0.625439018051351 0.537187936479710 0.0451627361178788 -0.802004590223128 -0.877895373977809 -0.230555721718961 0.716382800054099 0.131195373408827 0.590648835793394 0.273936122864866 -0.0776535417036451 0.0254017862779771 0.810004980243803 1.24200150414929 0.00000000000000 0.674511908303204 -0.103629646548822 -1.07834741870463
# nat_m_lg_dev:
 -3.38969845197230 3.12590106374286 -3.02213446674312 -0.468813021144834 -2.28533146181383 -0.325032883108008 3.02238497966530 2.48636731860286 -1.18427676262139 -0.520536063055613 -1.58852280127740 1.57431741666589 -0.425405043707849 2.74105339361387 -0.450807207677724 0.560019270947351 -0.524048655158818 1.09779151811801 -3.71574069366775 -0.376656147500776 2.09333681229781 0.0502679293150595 -3.28207616503539 0.752192027419613 0.860409283422123 -0.765707137230513 3.99124275704130 -0.497443417940430 -0.00302607798891983 3.01943917860494 -0.435194998670742 -0.517734289835692 -0.433532206452156 2.54317055951182 -0.312956400497970 -0.324855548372964 0.845224125321570 0.998327237996091 -3.10928944024378 -3.51128996340394 0.716285754173658 0.992378678661791
# q_dev:
 0.00000000000000 0.00000000000000 0.00000000000000 0.00000000000000 0.00000000000000 0.00000000000000 0.00000000000000 0.00000000000000 0.00000000000000 0.00000000000000 0.00000000000000 0.00000000000000 0.00000000000000 0.00000000000000 0.00000000000000 0.00000000000000 0.00000000000000 0.00000000000000 0.00000000000000 0.00000000000000 0.00000000000000 0.00000000000000 0.00000000000000 0.00000000000000 0.00000000000000 0.00000000000000 0.00000000000000 0.00000000000000 0.00000000000000 0.00000000000000 0.00000000000000 0.00000000000000 0.00000000000000 0.00000000000000 0.00000000000000 0.00000000000000 0.00000000000000 0.00000000000000 0.00000000000000 0.00000000000000 0.00000000000000 0.00000000000000
# q_mat_dev:
 0.00000000000000 0.00000000000000 0.00000000000000 0.00000000000000 0.00000000000000 0.00000000000000 0.00000000000000 0.00000000000000 0.00000000000000 0.00000000000000 0.00000000000000 0.00000000000000 0.00000000000000 0.00000000000000 0.00000000000000 0.00000000000000 0.00000000000000 0.00000000000000 0.00000000000000 0.00000000000000 0.00000000000000 0.00000000000000 0.00000000000000 0.00000000000000 0.00000000000000 0.00000000000000 0.00000000000000 0.00000000000000 0.00000000000000 0.00000000000000 0.00000000000000 0.00000000000000 0.00000000000000 0.00000000000000 0.00000000000000 0.00000000000000 0.00000000000000 0.00000000000000 0.00000000000000 0.00000000000000 0.00000000000000 0.00000000000000
# q_lg_dev:
 0.00000000000000 0.00000000000000 0.00000000000000 0.00000000000000 0.00000000000000 0.00000000000000 0.00000000000000 0.00000000000000 0.00000000000000 0.00000000000000 0.00000000000000 0.00000000000000 0.00000000000000 0.00000000000000 0.00000000000000 0.00000000000000 0.00000000000000 0.00000000000000 0.00000000000000 0.00000000000000 0.00000000000000 0.00000000000000 0.00000000000000 0.00000000000000 0.00000000000000 0.00000000000000 0.00000000000000 0.00000000000000 0.00000000000000 0.00000000000000 0.00000000000000 0.00000000000000 0.00000000000000 0.00000000000000 0.00000000000000 0.00000000000000 0.00000000000000 0.00000000000000 0.00000000000000 0.00000000000000 0.00000000000000 0.00000000000000
# log_avg_rec:
21.2374648297
# rec_devs:
 -0.269416660525 -0.295363634951 0.0750025742834 0.822786605396 0.199272025796 0.167549690613 -0.177777260644 0.155249599123 1.15814687962 1.49315908834 1.33934611849 0.495107687568 -0.765530808460 -0.882770998739 -0.570445199145 -0.544557258722 -0.700245714753 -1.06281320745 -0.847486801701 0.0143780092686 0.0818053640206 0.0694569123434 -0.0630127861161 -0.727993051930 -1.54721588952 -0.381454055680 0.518858187925 -0.0734822263477 -0.273353131522 -0.251477496753 -0.168797381911 -0.00427267157419 1.48074700363 1.41290580595 1.11821232592 -1.22299691635 -2.25712171795 -2.54702845681 -1.70595769268 -1.06251070996 0.625337280492 0.00000000000
# sigma_m:
 1.00000000000 1.00000000000 1.00000000000
# log_m_mu:
 -1.35304208728 -0.774265500813 -1.44213232825
# prop_rec:
 14.2475923923 2.92523941660
# sigma_q:
 0.100000000000 0.100000000000
# log_f:
0.137367056629
# f_dev:
 -1.26759533513 -1.90892387154 -0.423001429042 0.284589388068 -0.0126084645051 0.0677596672464 -0.224860045155 -0.282804510274 0.702525303438 0.549135144269 1.51074676399 0.814354745829 0.768999344009 0.388099841598 0.451769114610 0.501858705885 0.993882260749 -0.907380346354 -0.964572047950 0.0469569405222 0.201393004539 -0.879193134012 -1.17496096457 -0.517185419054 0.0946986957647 0.338849357992 -0.183858904960 -0.956451746673 -1.79369904850 -0.810021111218 0.0192284747247 0.414318698139 0.650837540707 0.438171137638 -0.130020169211 -0.0186080417000 1.03247548785 1.53201551588 1.78753499159 -1.13445553520
# fish_ret_sel_50:
96.9093084881
# fish_ret_sel_50_post:
102.052586551
# fish_ret_sel_slope:
0.214615407305
# fish_ret_sel_slope_post:
0.297360864433
# fish_tot_sel_offset:
-9.26540568716
# fish_tot_sel_offset_dev:
 -10.6301133093 2.85477994752 38.1613395714 -34.3684409457 -39.6229155435 -34.5067995873 -39.9079335059 30.9506785956 26.6019537532 19.9901423456 31.8347518724 39.5022961162 -14.6616874499 -28.0388209494 32.5802797415 31.4573997390 -37.2221937580 -1.20113176744 -37.0678976939 8.93878482986 37.2634016467 -7.32831368044 22.4436874784 20.8610937506 -37.6363275559 -10.5211828345 19.9812971395 -39.9649630003 39.6951165583 21.1447009966 -35.2145829467 -21.3360203518 -18.8796384352 35.5924862728 -21.0198742024 39.5476526300 30.0165340538 -20.0856140616 -0.251556079263 -39.9523693808
# fish_tot_sel_slope:
-1.62410715277
# surv_omega:
0.569239008293
# surv_alpha1:
0.106071947471
# surv_beta1:
111.589701328
# surv_alpha2:
0.179560219898
# surv_beta2:
41.6216114598
