# Number of parameters = 308 Objective function value = 2474.43622663981  Maximum gradient component = 24389.4991166873
# log_n_imm:
 19.7645394564768 17.0398495572749 19.3168700258718 20.9383039542928 21.0521588453869 21.1901305940310 18.8100045151346 20.6862142233472 18.6649432590201 18.8663594325137 19.2166743473290 20.2091009608680 16.2396991507906 17.8371838039812 17.4435483320696 15.0427711347919 14.3654674698836 9.01383972477145 10.1852848801642 8.61411313195523 5.76885390436196
# log_n_mat:
 20.3253969126971 12.3065390724835 16.5272882348490 16.1243379104638 15.1716909556648 21.2336658329341 21.3365267108300 17.5357881661133 21.1263176565696 17.4401321314280 19.5522134849594 17.8137042655930 18.9758212066933 16.6109703120405 20.4260484797795 19.7203749089032 15.5801203717914 15.9603507023334 14.8864966920410 11.7267621210741 11.6161101444053
# nat_m_dev:
 0.151121336099006 -0.281722212325969 -0.542080445232687 -0.936307481847962 -0.926960246562034 -0.849117020215169 -0.375585951706375 -0.290533632397994 -0.277870410485056 -0.166577819794659 -0.303458999929879 0.430659330216965 0.204157985945815 0.319229618782201 1.10129174069004 1.10639928619782 0.556266191342549 -0.527547820782645 -0.464310089007748 0.183090445297590 0.245429038093422 -0.118865900466005 -0.236953802958786 -0.298942096488352 -0.634829527780210 -0.270024708246989 -0.510634193772567 -0.673448282553345 0.690476502903061 0.559531307071563 0.0920783068395304 0.507654252135162 0.519917467157161 0.486187400926568 -0.0974158714610561 -0.138203553593915 0.659504542682201 1.79260873606580 0.00000000000000 -1.05701495489919 -0.00520069434659842 0.351838285392225
# nat_m_mat_dev:
 -0.470020760286424 0.475875220936064 1.29299923802053 -0.973021227989677 -1.29050780981987 -1.00325189081485 -0.692481541796038 -0.147070643185755 0.381643795636589 1.36719174056192 0.0452237689121032 0.0975717806575330 -0.144498053157578 0.528255170153449 0.681183986955636 0.530264695022418 0.815069458497855 -0.602071862322438 -0.831412890571207 0.209501196702369 0.386897825631201 -0.164794786667732 -0.653903069874124 0.223046040540073 0.793087477609319 0.567952331494515 -0.322690535701473 -1.08019375673996 -1.18727153600260 -0.339713665355581 0.515674604429040 0.0564619216761123 0.594030937902617 -0.142088305019733 -0.465999120240793 0.130629581221545 0.597987533423687 1.29058253453006 0.00000000000000 0.496082168702231 -0.0460518922503962 -1.40624845150253
# nat_m_lg_dev:
 -0.279488921230759 -0.277049248621622 0.00718425879679272 -0.408562500512308 0.232151902799128 -0.0107367153946203 0.451981690543742 -0.00646286332331083 0.186666508696695 0.0892384629781129 -0.381491928975171 0.327183127961379 -0.0625293686737585 0.104362330157335 0.134323298907024 0.0106137965184987 0.226629824862540 0.152057870292710 0.0506931703843378 0.180242021538855 0.372422208316684 -0.214212155355876 0.285242532348139 -0.207752504286671 0.0143845653810761 0.193123965472817 -0.426838015793155 -0.251349001848111 -0.278560680484691 -0.337056942570879 -0.320735324742819 0.139666790442122 0.377866879255510 0.124612760277997 0.0750654519106952 -0.187598710149507 0.0147938335109903 0.0671835112694368 -0.190312742087282 -0.103188308305900 0.154390548946379 -0.0281553792125580
# q_dev:
 0.00000000000000 0.00000000000000 0.00000000000000 0.00000000000000 0.00000000000000 0.00000000000000 0.00000000000000 0.00000000000000 0.00000000000000 0.00000000000000 0.00000000000000 0.00000000000000 0.00000000000000 0.00000000000000 0.00000000000000 0.00000000000000 0.00000000000000 0.00000000000000 0.00000000000000 0.00000000000000 0.00000000000000 0.00000000000000 0.00000000000000 0.00000000000000 0.00000000000000 0.00000000000000 0.00000000000000 0.00000000000000 0.00000000000000 0.00000000000000 0.00000000000000 0.00000000000000 0.00000000000000 0.00000000000000 0.00000000000000 0.00000000000000 0.00000000000000 0.00000000000000 0.00000000000000 0.00000000000000 0.00000000000000 0.00000000000000
# q_mat_dev:
 0.00000000000000 0.00000000000000 0.00000000000000 0.00000000000000 0.00000000000000 0.00000000000000 0.00000000000000 0.00000000000000 0.00000000000000 0.00000000000000 0.00000000000000 0.00000000000000 0.00000000000000 0.00000000000000 0.00000000000000 0.00000000000000 0.00000000000000 0.00000000000000 0.00000000000000 0.00000000000000 0.00000000000000 0.00000000000000 0.00000000000000 0.00000000000000 0.00000000000000 0.00000000000000 0.00000000000000 0.00000000000000 0.00000000000000 0.00000000000000 0.00000000000000 0.00000000000000 0.00000000000000 0.00000000000000 0.00000000000000 0.00000000000000 0.00000000000000 0.00000000000000 0.00000000000000 0.00000000000000 0.00000000000000 0.00000000000000
# q_lg_dev:
 0.00000000000000 0.00000000000000 0.00000000000000 0.00000000000000 0.00000000000000 0.00000000000000 0.00000000000000 0.00000000000000 0.00000000000000 0.00000000000000 0.00000000000000 0.00000000000000 0.00000000000000 0.00000000000000 0.00000000000000 0.00000000000000 0.00000000000000 0.00000000000000 0.00000000000000 0.00000000000000 0.00000000000000 0.00000000000000 0.00000000000000 0.00000000000000 0.00000000000000 0.00000000000000 0.00000000000000 0.00000000000000 0.00000000000000 0.00000000000000 0.00000000000000 0.00000000000000 0.00000000000000 0.00000000000000 0.00000000000000 0.00000000000000 0.00000000000000 0.00000000000000 0.00000000000000 0.00000000000000 0.00000000000000 0.00000000000000
# log_avg_rec:
20.5714394062
# rec_devs:
 -0.389225267540 -0.0342810437151 -0.215638187442 0.200638253658 -0.216171311105 0.107799130098 0.270935613722 0.170654044519 1.59581160295 1.82514366396 1.57131547657 0.893994204675 -0.396823876499 -0.588452192949 -0.282505738618 -0.0433780587082 -0.523408822081 -1.16177103252 -0.236145076172 0.896500408006 -0.407752452356 -0.198756756312 0.729753566466 -0.561371105415 -1.58410604473 0.362389291865 1.05735343642 -0.490761623578 0.103297191041 0.450075769414 0.317213481472 0.231274202370 1.82947095084 1.75609819110 1.56883706871 -1.59786895106 -1.77185460266 -2.79627618389 -1.61200922779 -1.35714683575 0.0620709827486 0.00000000000
# sigma_m:
 1.00000000000 1.00000000000 1.00000000000
# log_m_mu:
 -1.28230940635 -1.07856551053 -1.12645397975
# prop_rec:
 16.1249236331 4.11555190750
# sigma_q:
 0.100000000000 0.100000000000
# log_f:
2.21612620638
# f_dev:
 -1.32549470392 -1.94960776136 -0.376118968699 0.524768874183 -0.189502096277 -0.179341251845 -0.163920668899 -0.416235622816 0.531086319997 0.210582222625 1.81256192635 1.25084721233 0.887377842041 0.682034019680 0.228440032818 0.488156762320 1.29097099429 -0.985885887741 -0.878082238188 0.0619804353791 0.375255789703 -0.871705834579 -1.56802898817 -0.686869707085 -0.220495750269 0.219607869630 -0.0139724838393 -0.585346205305 -1.68322377199 -0.813773079100 0.0844675657160 0.670451091113 0.777261053151 0.425977887008 -0.233679844253 -0.618790199225 1.44003286638 1.24327748114 1.71856140494 -1.16362458725
# fish_ret_sel_50:
134.338248941
# fish_ret_sel_50_post:
71.0592728360
# fish_ret_sel_slope:
0.000311320366652
# fish_ret_sel_slope_post:
0.882718227159
# fish_tot_sel_offset:
-9.99999993781
# fish_tot_sel_offset_dev:
 3.89739724643 1.33450535284 -0.709288701106 -2.52279008518 0.438516994060 3.60145616535 2.92362888746 0.892388279173 1.12884990119 0.411456312750 -0.232994885907 0.607462361677 2.06228892703 -1.03943626598 -2.78585685764 -4.28973471603 3.02704778815 -2.25018414126 2.15835927914 -3.37562165213 -0.329556401704 0.507354549011 -1.32896450120 0.354047537578 1.06106376939 -4.15762302592 -0.539927731702 0.942672305955 -0.831025054796 -3.28631229477 1.37468634731 0.766330783050 -3.48143537983 0.0312895276471 0.0135472671474 -0.0439878431546 -2.44399596397 2.99820739172 0.571179703878 2.54499882433
# fish_tot_sel_slope:
-2.42357870505
# surv_omega:
0.706352173191
# surv_alpha1:
0.146562918735
# surv_beta1:
120.356843494
# surv_alpha2:
0.146074360954
# surv_beta2:
36.8774033804
