# Number of parameters = 308 Objective function value = 308.524545367162  Maximum gradient component = 0.000821179346886412
# log_n_imm:
 18.5624227708819 19.6727505208324 19.7547023367584 19.9026473728206 19.8713346615804 19.7893763308104 19.4940859470178 19.4072707282585 19.3791922653359 18.8505165356007 18.3241505475106 18.3689153579804 17.8283177077875 16.7965976629333 15.2468337869612 13.2765689697266 11.9710174194905 10.3162776780942 9.60518705488795 8.24092031818532 6.50487271415540
# log_n_mat:
 17.7545494904661 11.5477143891481 15.7576282888026 17.4077218303085 18.3652904756304 18.9527882905559 19.0075194856309 18.8872844793796 18.9274500853999 19.0203399103111 18.8414826377385 18.4289054835504 18.0582050535874 18.2773790762131 18.2089761601345 17.5262714386969 16.6925544378524 15.6785790994450 14.6322977789365 13.3564291120511 12.0372612918728
# nat_m_dev:
 -0.117884583237940 -0.415182540631941 -0.561907212176914 -1.04079641660488 -1.13738651731850 -0.907319399557525 -0.675298242428906 -0.407394913420095 -0.176442494051762 0.0881403880425008 -0.0293264810081309 0.187617588177458 0.135083076089329 0.229345365266194 0.558242606608458 0.685362200607922 0.224043798580264 -0.685280241426742 -0.454618726650666 0.229109770886113 -0.148423153443043 -0.286329981766276 -0.330060358523860 -0.259779088713329 -0.413055545700404 -0.322284420016478 -0.456483276802443 -0.383038783002905 0.328169523460830 0.287206138421971 0.0223325714285942 -0.0227386777413244 0.618746970956740 0.508434349445318 -0.135090735418303 -0.372239575804303 0.525050024182857 1.90222707345135 0.00000000000000 -0.782265553113300 -0.270087239093629 0.261590085056858
# nat_m_mat_dev:
 -0.238181160671891 0.594678239466216 1.32150478033232 -0.547968945786579 -1.28075898191840 -0.941832550557205 -0.275298139267031 -0.118795779318440 0.231653464266222 1.00245365916524 0.0770169036860725 -0.0118912080135743 0.0899234477389855 0.613522787903121 0.540717628829288 0.550956825236720 0.686790333565404 -0.482348293488641 -0.638288067110954 0.343467728196221 0.229455201457574 -0.300274328403836 -0.375182765169903 0.426946388194544 0.625438101387931 0.537188356475588 0.0451625011555418 -0.802005461867592 -0.877895350709832 -0.230556056971778 0.716382310652852 0.131197338248504 0.590647712348320 0.273936712220815 -0.0776511170158117 0.0254033197145661 0.810003706764796 1.24200178750044 0.00000000000000 0.674511602758169 -0.103629941044753 -1.07834790372506
# nat_m_lg_dev:
 -1.81329058502910 -1.45544850283699 2.48952564336870 2.63143312570870 3.27419811781563 1.86198539337296 -0.00232354829580467 3.62281529130530 0.204629009944746 -1.80366591414994 2.25625016828715 -1.70833062132321 -1.69051059416590 1.90795382970843 -1.74544958376885 2.01865419492777 1.30568601219172 -2.30570373831186 -1.48499444280156 -1.08510288666385 3.00184606947659 -1.79374336144033 -1.78839902602571 -1.51566406271961 -1.77034760823276 -3.82764820162006 -1.81291053718737 1.50313057323914 -1.70565635806913 -0.250707496451921 0.323127507792489 0.442468434379276 0.0800029956688563 2.06306439826587 2.50853993168976 -2.86816900203165 1.41063842155538 -2.43806738785973 0.113427437388433 1.56385568187063 1.36379773611886 -1.08089651509105
# q_dev:
 0.00000000000000 0.00000000000000 0.00000000000000 0.00000000000000 0.00000000000000 0.00000000000000 0.00000000000000 0.00000000000000 0.00000000000000 0.00000000000000 0.00000000000000 0.00000000000000 0.00000000000000 0.00000000000000 0.00000000000000 0.00000000000000 0.00000000000000 0.00000000000000 0.00000000000000 0.00000000000000 0.00000000000000 0.00000000000000 0.00000000000000 0.00000000000000 0.00000000000000 0.00000000000000 0.00000000000000 0.00000000000000 0.00000000000000 0.00000000000000 0.00000000000000 0.00000000000000 0.00000000000000 0.00000000000000 0.00000000000000 0.00000000000000 0.00000000000000 0.00000000000000 0.00000000000000 0.00000000000000 0.00000000000000 0.00000000000000
# q_mat_dev:
 0.00000000000000 0.00000000000000 0.00000000000000 0.00000000000000 0.00000000000000 0.00000000000000 0.00000000000000 0.00000000000000 0.00000000000000 0.00000000000000 0.00000000000000 0.00000000000000 0.00000000000000 0.00000000000000 0.00000000000000 0.00000000000000 0.00000000000000 0.00000000000000 0.00000000000000 0.00000000000000 0.00000000000000 0.00000000000000 0.00000000000000 0.00000000000000 0.00000000000000 0.00000000000000 0.00000000000000 0.00000000000000 0.00000000000000 0.00000000000000 0.00000000000000 0.00000000000000 0.00000000000000 0.00000000000000 0.00000000000000 0.00000000000000 0.00000000000000 0.00000000000000 0.00000000000000 0.00000000000000 0.00000000000000 0.00000000000000
# q_lg_dev:
 0.00000000000000 0.00000000000000 0.00000000000000 0.00000000000000 0.00000000000000 0.00000000000000 0.00000000000000 0.00000000000000 0.00000000000000 0.00000000000000 0.00000000000000 0.00000000000000 0.00000000000000 0.00000000000000 0.00000000000000 0.00000000000000 0.00000000000000 0.00000000000000 0.00000000000000 0.00000000000000 0.00000000000000 0.00000000000000 0.00000000000000 0.00000000000000 0.00000000000000 0.00000000000000 0.00000000000000 0.00000000000000 0.00000000000000 0.00000000000000 0.00000000000000 0.00000000000000 0.00000000000000 0.00000000000000 0.00000000000000 0.00000000000000 0.00000000000000 0.00000000000000 0.00000000000000 0.00000000000000 0.00000000000000 0.00000000000000
# log_avg_rec:
21.0322845126
# rec_devs:
 -0.0642368495517 -0.0901832433183 0.280182853757 1.02796682072 0.404452294562 0.372730369883 0.0274031946359 0.360430112875 1.36332723270 1.69833930395 1.54452573995 0.700288096309 -0.560351667312 -0.677590207689 -0.365265450993 -0.339377167040 -0.495065564532 -0.857632842818 -0.642307190293 0.219558103065 0.286985571670 0.274636911514 0.142167366245 -0.522812626410 -1.34203496523 -0.176274416863 0.724038169898 0.131697886159 -0.0681730297043 -0.0462972851378 0.0363829339141 0.200907029961 1.68592692117 1.61808580967 1.32339265283 -1.01781772659 -2.05193855975 -2.34184843142 -1.50077745390 -0.857330533831 0.830517481390 0.00000000000
# sigma_m:
 1.00000000000 1.00000000000 1.00000000000
# log_m_mu:
 -1.35304211975 -0.774265395005 -1.58744036033
# prop_rec:
 14.2475990930 2.92524159506
# sigma_q:
 0.100000000000 0.100000000000
# log_f:
0.137367071786
# f_dev:
 -1.26759504843 -1.90892365294 -0.423001302646 0.284589604919 -0.0126084626341 0.0677597397394 -0.224859935995 -0.282804304084 0.702525144521 0.549134798053 1.51074606385 0.814354461838 0.768999188523 0.388099906313 0.451769199064 0.501858517892 0.993882230854 -0.907380626476 -0.964572017381 0.0469569765620 0.201392887822 -0.879193452640 -1.17496112877 -0.517185170604 0.0946984459574 0.338849121090 -0.183858708135 -0.956451727193 -1.79369893595 -0.810021064335 0.0192281231857 0.414319071088 0.650837577970 0.438170980869 -0.130019883971 -0.0186069708282 1.03247546192 1.53201524368 1.78753505527 -1.13445540797
# fish_ret_sel_50:
96.9093091922
# fish_ret_sel_50_post:
102.052586764
# fish_ret_sel_slope:
0.214615421986
# fish_ret_sel_slope_post:
0.297360858412
# fish_tot_sel_offset:
-9.26540498980
# fish_tot_sel_offset_dev:
 -26.7448052040 17.9661383248 6.96636061990 5.89500828689 18.4813803841 39.8362926251 -39.6145102611 -39.5030220573 35.1525561211 -18.1607941988 -2.25451770953 35.5519794491 -39.9030398343 -29.1105625464 -39.9580832299 -25.7303387712 12.6669143110 7.23405378940 31.0141041055 31.3284383432 -39.9323204218 10.0902321842 36.2397465781 22.2698820458 39.8091156115 -38.7613699780 32.1109353818 -2.95984608481 -33.9811552874 -38.9511775446 39.1536356701 -25.0329803097 -36.5113231212 28.8948577824 2.77384842104 39.9868023472 -36.6342776494 -31.9323425517 39.3612303392 12.8929540396
# fish_tot_sel_slope:
-1.62410715146
# surv_omega:
0.569238998879
# surv_alpha1:
0.106071941772
# surv_beta1:
111.589701776
# surv_alpha2:
0.179560201248
# surv_beta2:
41.6216103925
