# Number of parameters = 308 Objective function value = 308.524665239949  Maximum gradient component = 0.000842896506346556
# log_n_imm:
 18.5624204959664 19.6727504558219 19.7547017534550 19.9026474545875 19.8713338837112 19.7893763566228 19.4940851062361 19.4072700400514 19.3791915414642 18.8505159772585 18.3241507536572 18.3689143761073 17.8283166129841 16.7965937638867 15.2468366063978 13.2765831145834 11.9710292638720 10.3172136941499 9.60554544097804 8.23873068094835 1.04335929284749
# log_n_mat:
 17.7545499417737 11.5477027744510 15.7576233830860 17.4077179226400 18.3652893358916 18.9527871719978 19.0075185511531 18.8872832470690 18.9274490168815 19.0203378801279 18.8414808692672 18.4289041267305 18.0582030036882 18.2773768531889 18.2089728612833 17.5262676205109 16.6925497948177 15.6785714280059 14.6322894822830 13.3564298554934 12.0408037024146
# nat_m_dev:
 -0.117884735122894 -0.415182698597869 -0.561907662500416 -1.04079679239501 -1.13738732890574 -0.907319473965529 -0.675297876466228 -0.407394360540633 -0.176442652234440 0.0881402072080844 -0.0293252590888728 0.187618484544823 0.135082063657683 0.229345271289713 0.558241554679399 0.685362050631870 0.224043162509645 -0.685280363310378 -0.454618470154064 0.229111606266178 -0.148424638849577 -0.286328926564278 -0.330058711360522 -0.259779278734272 -0.413055840732472 -0.322285127976737 -0.456482450562888 -0.383037432098941 0.328170012644984 0.287204971419252 0.0223333178398580 -0.0227378228151275 0.618745015255150 0.508436825101994 -0.135091009263147 -0.372241031065632 0.525048725950262 1.90222777047878 0.00000000000000 -0.782265647544534 -0.270087593008823 0.261589530525548
# nat_m_mat_dev:
 -0.238186509028764 0.594677796264113 1.32150525460913 -0.547970591642218 -1.28075979094569 -0.941832029359336 -0.275296589924562 -0.118795659327044 0.231654338443103 1.00245403362696 0.0770176954356379 -0.0118912089290421 0.0899222903311981 0.613522825791191 0.540717700443177 0.550956570164485 0.686790468174168 -0.482347116384420 -0.638287245198147 0.343467481761081 0.229455092923096 -0.300274405956814 -0.375181755261924 0.426945302826334 0.625438382301368 0.537188832062350 0.0451626868854088 -0.802006159958074 -0.877895345761667 -0.230555765206434 0.716382396115416 0.131196635626475 0.590648373733390 0.273937549724092 -0.0776498792734183 0.0254040949677513 0.810003391467021 1.24200250531573 0.00000000000000 0.674512165987602 -0.103630555079648 -1.07834847077326
# nat_m_lg_dev:
 2.06044883930409 -3.79586264870921 -3.97037710830936 3.10269251670158 1.33425186375317 3.73759465838669 2.86390784800574 -2.76692439134274 3.85026719687994 3.68991409323822 3.96976465665684 1.20874469026094 -3.70752657098165 -3.84573660610888 1.10838931168357 -2.25079017966445 -3.95940890455051 3.99349785529031 -3.75809475306128 0.947023892235685 -3.81901425771309 3.40742232710927 -3.76449434553752 -3.86244021257917 2.47019054476050 -0.290172600440358 -3.46768540208539 2.74883811570435 0.712045076170067 3.64604591316365 -2.39933307043615 3.36996714520261 -0.501674758463906 3.74807518571030 1.06886618859403 -1.36084018846590 -0.267246412305497 -3.33740104703750 3.99830029971763 -3.88568231305174 -3.36388788162933 1.33834543394446
# q_dev:
 0.00000000000000 0.00000000000000 0.00000000000000 0.00000000000000 0.00000000000000 0.00000000000000 0.00000000000000 0.00000000000000 0.00000000000000 0.00000000000000 0.00000000000000 0.00000000000000 0.00000000000000 0.00000000000000 0.00000000000000 0.00000000000000 0.00000000000000 0.00000000000000 0.00000000000000 0.00000000000000 0.00000000000000 0.00000000000000 0.00000000000000 0.00000000000000 0.00000000000000 0.00000000000000 0.00000000000000 0.00000000000000 0.00000000000000 0.00000000000000 0.00000000000000 0.00000000000000 0.00000000000000 0.00000000000000 0.00000000000000 0.00000000000000 0.00000000000000 0.00000000000000 0.00000000000000 0.00000000000000 0.00000000000000 0.00000000000000
# q_mat_dev:
 0.00000000000000 0.00000000000000 0.00000000000000 0.00000000000000 0.00000000000000 0.00000000000000 0.00000000000000 0.00000000000000 0.00000000000000 0.00000000000000 0.00000000000000 0.00000000000000 0.00000000000000 0.00000000000000 0.00000000000000 0.00000000000000 0.00000000000000 0.00000000000000 0.00000000000000 0.00000000000000 0.00000000000000 0.00000000000000 0.00000000000000 0.00000000000000 0.00000000000000 0.00000000000000 0.00000000000000 0.00000000000000 0.00000000000000 0.00000000000000 0.00000000000000 0.00000000000000 0.00000000000000 0.00000000000000 0.00000000000000 0.00000000000000 0.00000000000000 0.00000000000000 0.00000000000000 0.00000000000000 0.00000000000000 0.00000000000000
# q_lg_dev:
 0.00000000000000 0.00000000000000 0.00000000000000 0.00000000000000 0.00000000000000 0.00000000000000 0.00000000000000 0.00000000000000 0.00000000000000 0.00000000000000 0.00000000000000 0.00000000000000 0.00000000000000 0.00000000000000 0.00000000000000 0.00000000000000 0.00000000000000 0.00000000000000 0.00000000000000 0.00000000000000 0.00000000000000 0.00000000000000 0.00000000000000 0.00000000000000 0.00000000000000 0.00000000000000 0.00000000000000 0.00000000000000 0.00000000000000 0.00000000000000 0.00000000000000 0.00000000000000 0.00000000000000 0.00000000000000 0.00000000000000 0.00000000000000 0.00000000000000 0.00000000000000 0.00000000000000 0.00000000000000 0.00000000000000 0.00000000000000
# log_avg_rec:
20.9287124990
# rec_devs:
 0.0393353962944 0.0133885306929 0.383754805481 1.13153888321 0.508024585864 0.476302550498 0.130975259439 0.464001429676 1.46690001954 1.80191087131 1.64809794144 0.803859095951 -0.456782151763 -0.574019001460 -0.261694069814 -0.235805722880 -0.391494048182 -0.754061097090 -0.538734423979 0.323130024211 0.390557220558 0.378209352492 0.245739152008 -0.419240089119 -1.23846297212 -0.0727022409689 0.827610158090 0.235269777509 0.0353989013288 0.0572746271179 0.139954906225 0.304479529660 1.78949937933 1.72165800639 1.42696467327 -0.914243672434 -1.94836801346 -2.23827532733 -1.39720578518 -0.753758457051 0.934089309376 0.00000000000
# sigma_m:
 1.00000000000 1.00000000000 1.00000000000
# log_m_mu:
 -1.35304220539 -0.774265550254 -1.09243194742
# prop_rec:
 14.2475957832 2.92524144984
# sigma_q:
 0.100000000000 0.100000000000
# log_f:
0.137369108882
# f_dev:
 -1.26759252989 -1.90892376032 -0.423001324688 0.284589264347 -0.0126088418527 0.0677594944121 -0.224860053731 -0.282804359168 0.702524932724 0.549134801692 1.51074653261 0.814354970423 0.768999235666 0.388099595971 0.451769067905 0.501858259461 0.993882190306 -0.907380797618 -0.964572095725 0.0469571878347 0.201393583574 -0.879193482046 -1.17496086876 -0.517185639256 0.0946984147563 0.338849413855 -0.183858679261 -0.956452127697 -1.79369992864 -0.810021869980 0.0192275379981 0.414318965908 0.650837883047 0.438170843600 -0.130019535358 -0.0186062019681 1.03247556971 1.53201481569 1.78753513185 -1.13445559739
# fish_ret_sel_50:
96.9093058551
# fish_ret_sel_50_post:
102.052585569
# fish_ret_sel_slope:
0.214615397196
# fish_ret_sel_slope_post:
0.297360843377
# fish_tot_sel_offset:
-9.26542170015
# fish_tot_sel_offset_dev:
 39.7058836651 8.46509015928 -6.68032892398 -39.6531796939 -30.6959596313 21.7068102087 11.9026001293 33.2726183867 -11.0335456143 6.61139843702 -36.2474205357 27.9526331323 -20.6512097391 -34.2720492979 8.41017492116 33.5208957893 -0.446532971857 -39.3596319101 -36.6439949662 -39.6447066521 -15.0070333465 -13.2975115756 -39.5790039618 30.4685831673 -25.1193850383 7.25659683474 3.53903205366 -3.02801225110 27.0370302405 7.95339415521 28.2531952243 -36.3844926008 11.2100705706 33.9980879570 16.5503435924 38.4214455407 37.2000787950 9.88752846966 -39.7596206669 24.1801279476
# fish_tot_sel_slope:
-1.62410730531
# surv_omega:
0.569238999867
# surv_alpha1:
0.106071957753
# surv_beta1:
111.589697270
# surv_alpha2:
0.179560202511
# surv_beta2:
41.6216104074
