ParName   Value   Gradient
log_n_imm(1)      18.5624 -1.38067e-05
log_n_imm(2)      19.6728 -1.09012e-05
log_n_imm(3)      19.7547 -1.94728e-05
log_n_imm(4)      19.9026 -1.34755e-05
log_n_imm(5)      19.8713 -3.17468e-05
log_n_imm(6)      19.7894 -2.97496e-05
log_n_imm(7)      19.4941 -3.37014e-06
log_n_imm(8)      19.4073 -1.66486e-05
log_n_imm(9)      19.3792 -1.43098e-05
log_n_imm(10)      18.8505  2.59757e-05
log_n_imm(11)      18.3242  1.05419e-05
log_n_imm(12)      18.3689  9.48062e-06
log_n_imm(13)      17.8283 -8.83207e-06
log_n_imm(14)      16.7966 -1.19186e-05
log_n_imm(15)      15.2468  3.69267e-06
log_n_imm(16)      13.2766 -1.76206e-06
log_n_imm(17)       11.971  -5.9438e-07
log_n_imm(18)      10.3163  2.81134e-07
log_n_imm(19)      9.60522  6.40267e-07
log_n_imm(20)      8.24086  -2.9571e-07
log_n_imm(21)      6.50588 -3.84253e-09
log_n_mat(1)      17.7546 -1.63996e-06
log_n_mat(2)      11.5477  4.50443e-08
log_n_mat(3)      15.7576 -8.13561e-06
log_n_mat(4)      17.4077   2.3823e-06
log_n_mat(5)      18.3653  4.21463e-06
log_n_mat(6)      18.9528  -7.1681e-07
log_n_mat(7)      19.0075 -1.40808e-05
log_n_mat(8)      18.8873  9.26187e-07
log_n_mat(9)      18.9275  2.77318e-06
log_n_mat(10)      19.0203  3.46021e-05
log_n_mat(11)      18.8415  9.37281e-07
log_n_mat(12)      18.4289  2.28164e-05
log_n_mat(13)      18.0582 -2.80302e-06
log_n_mat(14)      18.2774  3.74513e-06
log_n_mat(15)       18.209  1.69757e-05
log_n_mat(16)      17.5263 -1.61508e-05
log_n_mat(17)      16.6926   1.0694e-05
log_n_mat(18)      15.6786 -5.22131e-06
log_n_mat(19)      14.6323 -1.03643e-06
log_n_mat(20)      13.3564 -7.08836e-07
log_n_mat(21)      12.0373  3.24093e-06
nat_m_dev(1982)    -0.117884  7.70617e-07
nat_m_dev(1983)    -0.415182 -6.15026e-06
nat_m_dev(1984)    -0.561908 -1.07817e-05
nat_m_dev(1985)      -1.0408 -1.12073e-05
nat_m_dev(1986)     -1.13739 -7.43009e-06
nat_m_dev(1987)    -0.907319 -9.93425e-06
nat_m_dev(1988)    -0.675298 -1.59806e-05
nat_m_dev(1989)    -0.407395 -1.81697e-05
nat_m_dev(1990)    -0.176443 -1.52568e-05
nat_m_dev(1991)    0.0881405  6.50405e-07
nat_m_dev(1992)   -0.0293256  6.94202e-06
nat_m_dev(1993)     0.187618 -1.55534e-05
nat_m_dev(1994)     0.135082  -1.2994e-05
nat_m_dev(1995)     0.229345 -1.73269e-05
nat_m_dev(1996)     0.558243 -3.61678e-06
nat_m_dev(1997)     0.685362 -1.14755e-05
nat_m_dev(1998)     0.224043  -1.0152e-05
nat_m_dev(1999)    -0.685281 -7.20227e-06
nat_m_dev(2000)    -0.454618 -4.73368e-06
nat_m_dev(2001)      0.22911 -2.13434e-06
nat_m_dev(2002)    -0.148424 -1.72819e-05
nat_m_dev(2003)     -0.28633 -1.04587e-05
nat_m_dev(2004)     -0.33006 -1.89931e-06
nat_m_dev(2005)    -0.259778  3.58899e-06
nat_m_dev(2006)    -0.413056 -1.94015e-06
nat_m_dev(2007)    -0.322285 -4.36466e-06
nat_m_dev(2008)    -0.456484 -9.13292e-06
nat_m_dev(2009)    -0.383039 -1.09572e-05
nat_m_dev(2010)      0.32817 -8.60349e-06
nat_m_dev(2011)     0.287206 -3.57443e-06
nat_m_dev(2012)    0.0223327 -2.90548e-06
nat_m_dev(2013)   -0.0227386 -3.90545e-06
nat_m_dev(2014)     0.618746 -1.84828e-06
nat_m_dev(2015)     0.508435 -2.27866e-05
nat_m_dev(2016)     -0.13509 -1.40765e-05
nat_m_dev(2017)     -0.37224 -1.96948e-05
nat_m_dev(2018)     0.525049 -3.00355e-05
nat_m_dev(2019)      1.90223  -4.4434e-06
nat_m_dev(2020)            0  1.55862e-06
nat_m_dev(2021)    -0.782266 -4.90085e-06
nat_m_dev(2022)    -0.270087 -5.40706e-06
nat_m_dev(2023)     0.261589 -7.55112e-06
nat_m_mat_dev(1982)    -0.238182  3.82672e-06
nat_m_mat_dev(1983)     0.594678 -2.15119e-06
nat_m_mat_dev(1984)       1.3215   9.2364e-06
nat_m_mat_dev(1985)     -0.54797  2.83392e-06
nat_m_mat_dev(1986)     -1.28076  3.06496e-06
nat_m_mat_dev(1987)    -0.941832  4.42261e-06
nat_m_mat_dev(1988)    -0.275298  5.29211e-06
nat_m_mat_dev(1989)    -0.118796  3.28711e-06
nat_m_mat_dev(1990)     0.231654 -1.87325e-06
nat_m_mat_dev(1991)      1.00245 -6.13894e-06
nat_m_mat_dev(1992)    0.0770166 -4.06825e-07
nat_m_mat_dev(1993)   -0.0118919   4.0715e-06
nat_m_mat_dev(1994)    0.0899239  6.43864e-06
nat_m_mat_dev(1995)     0.613523  6.76179e-06
nat_m_mat_dev(1996)     0.540717 -1.36955e-06
nat_m_mat_dev(1997)     0.550957 -3.43883e-06
nat_m_mat_dev(1998)      0.68679 -4.97668e-06
nat_m_mat_dev(1999)    -0.482348  2.99629e-06
nat_m_mat_dev(2000)    -0.638288  4.27101e-06
nat_m_mat_dev(2001)     0.343468   4.0903e-06
nat_m_mat_dev(2002)     0.229455  4.01797e-06
nat_m_mat_dev(2003)    -0.300274  3.04726e-06
nat_m_mat_dev(2004)    -0.375183  6.05725e-06
nat_m_mat_dev(2005)     0.426946  2.27663e-06
nat_m_mat_dev(2006)     0.625439  -5.8035e-06
nat_m_mat_dev(2007)     0.537188  4.33306e-06
nat_m_mat_dev(2008)    0.0451627  4.17884e-06
nat_m_mat_dev(2009)    -0.802005  3.49269e-06
nat_m_mat_dev(2010)    -0.877895  7.40966e-06
nat_m_mat_dev(2011)    -0.230556  3.39682e-06
nat_m_mat_dev(2012)     0.716382  4.31534e-06
nat_m_mat_dev(2013)     0.131197  9.75749e-06
nat_m_mat_dev(2014)     0.590648  5.67758e-06
nat_m_mat_dev(2015)     0.273938  8.02351e-06
nat_m_mat_dev(2016)   -0.0776517  5.11721e-06
nat_m_mat_dev(2017)     0.025402  2.66129e-06
nat_m_mat_dev(2018)     0.810004  -1.3932e-06
nat_m_mat_dev(2019)        1.242 -1.29259e-05
nat_m_mat_dev(2020)            0  1.63238e-06
nat_m_mat_dev(2021)     0.674512  7.19491e-07
nat_m_mat_dev(2022)     -0.10363  3.75726e-06
nat_m_mat_dev(2023)     -1.07835  4.82172e-06
nat_m_lg_dev(1982)     0.301939  1.56385e-05
nat_m_lg_dev(1983)    0.0483354   1.5657e-05
nat_m_lg_dev(1984)    0.0933303  1.56583e-05
nat_m_lg_dev(1985)    0.0766428  1.56581e-05
nat_m_lg_dev(1986)    0.0794122  1.56581e-05
nat_m_lg_dev(1987)     0.101718  1.56584e-05
nat_m_lg_dev(1988)     0.215099  1.56519e-05
nat_m_lg_dev(1989)    -0.257182  1.55957e-05
nat_m_lg_dev(1990)   -0.0226781   1.5651e-05
nat_m_lg_dev(1991)     0.420646  1.56082e-05
nat_m_lg_dev(1992)     0.142557  1.56575e-05
nat_m_lg_dev(1993)     0.140407  1.56576e-05
nat_m_lg_dev(1994)     0.128371   1.5658e-05
nat_m_lg_dev(1995)     0.202541  1.56533e-05
nat_m_lg_dev(1996)     0.148767  1.56572e-05
nat_m_lg_dev(1997)     0.196786  1.56538e-05
nat_m_lg_dev(1998)     0.103788  1.56584e-05
nat_m_lg_dev(1999)    -0.260332  1.55946e-05
nat_m_lg_dev(2000)    0.0731821   1.5658e-05
nat_m_lg_dev(2001)    -0.881677  1.51797e-05
nat_m_lg_dev(2002)    -0.968621  1.50895e-05
nat_m_lg_dev(2003)     0.202155  1.56533e-05
nat_m_lg_dev(2004)    0.0832641  1.56582e-05
nat_m_lg_dev(2005)      0.29954   1.5639e-05
nat_m_lg_dev(2006)    -0.719104  1.53266e-05
nat_m_lg_dev(2007)    0.0793085  1.56581e-05
nat_m_lg_dev(2008)    0.0990823  1.56584e-05
nat_m_lg_dev(2009)     0.185661  1.56548e-05
nat_m_lg_dev(2010)     0.148165  1.56572e-05
nat_m_lg_dev(2011)    -0.236857  1.56027e-05
nat_m_lg_dev(2012)     0.215956  1.56518e-05
nat_m_lg_dev(2013)    0.0647474  1.56577e-05
nat_m_lg_dev(2014)     0.197411  1.56538e-05
nat_m_lg_dev(2015)    0.0919373  1.56583e-05
nat_m_lg_dev(2016)   -0.0749278  1.56433e-05
nat_m_lg_dev(2017)     0.136288  1.56577e-05
nat_m_lg_dev(2018)    -0.181682  1.56194e-05
nat_m_lg_dev(2019)    -0.120287  1.56345e-05
nat_m_lg_dev(2020)    0.0862615  1.56583e-05
nat_m_lg_dev(2021)    -0.940902  1.51192e-05
nat_m_lg_dev(2022)     0.185567  1.56548e-05
nat_m_lg_dev(2023)     0.115386  1.56583e-05
log_avg_rec      21.2609  0.000527815
rec_devs(1982)    -0.292842  3.71796e-05
rec_devs(1983)     -0.31879  1.78155e-05
rec_devs(1984)    0.0515766  1.11007e-05
rec_devs(1985)     0.799361  1.70676e-05
rec_devs(1986)     0.175846  3.16875e-05
rec_devs(1987)     0.144124  4.56383e-05
rec_devs(1988)    -0.201203  2.26417e-05
rec_devs(1989)     0.131824 -1.34752e-05
rec_devs(1990)      1.13472 -3.77316e-05
rec_devs(1991)      1.46973 -5.28293e-05
rec_devs(1992)      1.31592  8.56934e-05
rec_devs(1993)     0.471682  2.85831e-05
rec_devs(1994)    -0.788958  5.08776e-06
rec_devs(1995)    -0.906196  -7.7085e-06
rec_devs(1996)    -0.593871  2.05236e-05
rec_devs(1997)    -0.567983  9.61757e-06
rec_devs(1998)    -0.723672 -1.12115e-05
rec_devs(1999)     -1.08624  2.36268e-06
rec_devs(2000)    -0.870913  2.51345e-05
rec_devs(2001)  -0.00904778   3.4838e-05
rec_devs(2002)    0.0583796  2.52916e-05
rec_devs(2003)    0.0460311 -3.60243e-05
rec_devs(2004)   -0.0864388 -5.10567e-05
rec_devs(2005)    -0.751418  1.41667e-06
rec_devs(2006)     -1.57064  9.82212e-07
rec_devs(2007)     -0.40488  3.20138e-05
rec_devs(2008)     0.495432  3.84074e-05
rec_devs(2009)    -0.096908  8.92862e-06
rec_devs(2010)    -0.296779 -2.98005e-05
rec_devs(2011)    -0.274903 -2.25309e-05
rec_devs(2012)    -0.192223  7.39068e-06
rec_devs(2013)   -0.0276993 -3.13116e-06
rec_devs(2014)      1.45732  7.20142e-05
rec_devs(2015)      1.38948  6.57108e-05
rec_devs(2016)      1.09479 -1.71016e-05
rec_devs(2017)     -1.24642  3.06921e-06
rec_devs(2018)     -2.28055  4.03605e-07
rec_devs(2019)     -2.57045  -6.5263e-06
rec_devs(2020)     -1.72938  9.12778e-06
rec_devs(2021)     -1.08594 -6.27556e-06
rec_devs(2022)     0.601911  8.52361e-06
rec_devs(2023)            0  1.68864e-06
log_m_mu(1)     -1.35304 -7.75758e-05
log_m_mu(2)    -0.774265 -3.36866e-05
log_m_mu(3)     -1.30127  -2.9661e-08
prop_rec(1)      14.2476  4.78988e-06
prop_rec(2)      2.92524  1.15504e-05
log_f     0.137367 -2.21526e-05
f_dev(1)     -1.26759  7.26988e-06
f_dev(2)     -1.90892 -9.41041e-07
f_dev(3)    -0.423001  3.18245e-06
f_dev(4)     0.284589  1.60092e-05
f_dev(5)   -0.0126086   8.4109e-06
f_dev(6)    0.0677596 -8.39611e-06
f_dev(7)     -0.22486 -1.58714e-06
f_dev(8)    -0.282804 -4.21874e-06
f_dev(9)     0.702525 -1.20023e-06
f_dev(10)     0.549135  5.09014e-06
f_dev(11)      1.51075  6.11463e-06
f_dev(12)     0.814354  5.39204e-06
f_dev(13)     0.768999 -2.00671e-06
f_dev(14)       0.3881 -5.59128e-06
f_dev(15)     0.451769 -9.37151e-06
f_dev(16)     0.501859   5.7168e-06
f_dev(17)     0.993882 -1.67076e-06
f_dev(18)    -0.907381  1.73094e-06
f_dev(19)    -0.964572  6.77362e-06
f_dev(20)    0.0469571  2.22175e-06
f_dev(21)     0.201393  6.66501e-06
f_dev(22)    -0.879193 -4.70034e-06
f_dev(23)     -1.17496 -2.48613e-06
f_dev(24)    -0.517186 -8.09356e-06
f_dev(25)    0.0946984  1.11941e-05
f_dev(26)     0.338849  9.83779e-06
f_dev(27)    -0.183859 -6.71228e-07
f_dev(28)    -0.956452 -1.44772e-06
f_dev(29)      -1.7937  4.34981e-06
f_dev(30)    -0.810021  1.77541e-06
f_dev(31)    0.0192283  4.70059e-06
f_dev(32)     0.414319  -1.5972e-06
f_dev(33)     0.650837 -3.23663e-07
f_dev(34)     0.438171  5.37361e-06
f_dev(35)    -0.130019 -9.82369e-07
f_dev(36)   -0.0186075 -8.52433e-06
f_dev(37)      1.03247 -5.97424e-06
f_dev(38)      1.53202  5.26275e-06
f_dev(39)      1.78754  5.24303e-06
f_dev(40)     -1.13446  6.30751e-06
fish_ret_sel_50      96.9093 -1.05082e-05
fish_ret_sel_50_post      102.053  0.000205695
fish_ret_sel_slope     0.214615  3.21323e-05
fish_ret_sel_slope_post     0.297361  3.90121e-05
fish_tot_sel_offset      -9.2654  1.49477e-06
fish_tot_sel_offset_dev(1)     -34.9762  8.35609e-06
fish_tot_sel_offset_dev(2)      -39.329   2.9561e-06
fish_tot_sel_offset_dev(3)        2.351  1.73402e-05
fish_tot_sel_offset_dev(4)     -19.2472  1.52035e-05
fish_tot_sel_offset_dev(5)       38.313  5.12161e-06
fish_tot_sel_offset_dev(6)      39.9832   1.8589e-06
fish_tot_sel_offset_dev(7)     -15.0489  1.60759e-05
fish_tot_sel_offset_dev(8)      28.0757  1.24096e-05
fish_tot_sel_offset_dev(9)     -13.7478 -1.62955e-05
fish_tot_sel_offset_dev(10)     -32.1042  1.03073e-05
fish_tot_sel_offset_dev(11)      33.6815 -9.42987e-06
fish_tot_sel_offset_dev(12)      39.0704  3.90149e-06
fish_tot_sel_offset_dev(13)      36.4843  7.20736e-06
fish_tot_sel_offset_dev(14)      -27.363  1.26315e-05
fish_tot_sel_offset_dev(15)      24.7262   1.3683e-05
fish_tot_sel_offset_dev(16)      37.3514  -6.3173e-06
fish_tot_sel_offset_dev(17)     -39.8633 -9.60871e-07
fish_tot_sel_offset_dev(18)       39.981 -1.80976e-06
fish_tot_sel_offset_dev(19)     -37.3088  6.16136e-06
fish_tot_sel_offset_dev(20)      35.9895 -7.66084e-06
fish_tot_sel_offset_dev(21)     -1.44432 -1.73552e-05
fish_tot_sel_offset_dev(22)      39.9884 -2.04655e-06
fish_tot_sel_offset_dev(23)     -23.0746 -1.41591e-05
fish_tot_sel_offset_dev(24)     -34.6541 -8.60602e-06
fish_tot_sel_offset_dev(25)     -37.0375  6.46319e-06
fish_tot_sel_offset_dev(26)     -16.8985 -1.57236e-05
fish_tot_sel_offset_dev(27)     -16.8384  1.57359e-05
fish_tot_sel_offset_dev(28)      39.9154  1.73184e-06
fish_tot_sel_offset_dev(29)     -35.6291  7.81738e-06
fish_tot_sel_offset_dev(30)      17.3249  1.56732e-05
fish_tot_sel_offset_dev(31)      1.96727  1.73488e-05
fish_tot_sel_offset_dev(32)      3.03398  1.73209e-05
fish_tot_sel_offset_dev(33)     -36.3016  7.20906e-06
fish_tot_sel_offset_dev(34)     -39.7632  1.52772e-06
fish_tot_sel_offset_dev(35)     -26.8838  1.28247e-05
fish_tot_sel_offset_dev(36)     -7.03848  1.70899e-05
fish_tot_sel_offset_dev(37)      39.6431  2.60689e-06
fish_tot_sel_offset_dev(38)      39.6486  2.59132e-06
fish_tot_sel_offset_dev(39)       19.276  1.52398e-05
fish_tot_sel_offset_dev(40)     -22.2529  1.44058e-05
fish_tot_sel_slope     -1.62411  -1.4432e-05
surv_omega     0.569239 -3.98106e-05
surv_alpha1     0.106072 -0.000420877
surv_beta1       111.59  1.80569e-05
surv_alpha2      0.17956 -5.89721e-05
surv_beta2      41.6216 -3.64315e-05
