# Number of parameters = 308 Objective function value = 308.524545366944  Maximum gradient component = 0.000527815401887985
# log_n_imm:
 18.5624177420176 19.6727507442063 19.7547023557805 19.9026474411545 19.8713344463881 19.7893761704998 19.4940858864487 19.4072705461156 19.3791920672973 18.8505167755253 18.3241507673688 18.3689152153710 17.8283178182659 16.7965965214740 15.2468340618271 13.2765622420854 11.9710096358135 10.3162868423359 9.60522303464279 8.24085875895465 6.50587931115035
# log_n_mat:
 17.7545500421882 11.5477191958075 15.7576240399037 17.4077210197518 18.3652906797531 18.9527882169816 19.0075194150910 18.8872844522426 18.9274501492228 19.0203399356607 18.8414824148900 18.4289057378182 18.0582052475269 18.2773790871065 18.2089760696909 17.5262714947798 16.6925546385926 15.6785790692962 14.6322974312139 13.3564287333022 12.0372608853409
# nat_m_dev:
 -0.117883946367971 -0.415182073111038 -0.561907897107110 -1.04079655164884 -1.13738651587282 -0.907319454001659 -0.675297889649657 -0.407394767160614 -0.176443121934116 0.0881404822644597 -0.0293255653983046 0.187618299315866 0.135081728554777 0.229345319211441 0.558242911566844 0.685362184963907 0.224043411376780 -0.685280679795639 -0.454618306609452 0.229110443046344 -0.148423960414422 -0.286329585292816 -0.330059523825337 -0.259778012077562 -0.413055623335423 -0.322285375774008 -0.456483583824353 -0.383038785783757 0.328170216377621 0.287205746865953 0.0223326841163392 -0.0227385526862171 0.618746268747431 0.508435460594306 -0.135090306444380 -0.372240411680903 0.525048984092820 1.90222732956884 0.00000000000000 -0.782265566580351 -0.270087339749700 0.261589301658919
# nat_m_mat_dev:
 -0.238182176173297 0.594677963749426 1.32150473426093 -0.547970104175117 -1.28075919945798 -0.941832380596129 -0.275297591023182 -0.118796282306694 0.231653553296163 1.00245412717954 0.0770165782998151 -0.0118918785342248 0.0899238675806698 0.613523080507033 0.540717405132961 0.550957163865130 0.686790465599804 -0.482348125988379 -0.638287646919574 0.343468150707496 0.229455402624053 -0.300274380564682 -0.375182619196662 0.426945896885168 0.625438502813657 0.537188395639101 0.0451626697034180 -0.802005210134616 -0.877894954401285 -0.230556026174511 0.716382474672473 0.131196805704050 0.590647933691390 0.273937610278642 -0.0776517174116740 0.0254019820702349 0.810003826622664 1.24200214978921 0.00000000000000 0.674511743349920 -0.103629850890866 -1.07834755290777
# nat_m_lg_dev:
 0.301939357302895 0.0483353877071891 0.0933303309167866 0.0766427931073344 0.0794122460374063 0.101717861270172 0.215098518954548 -0.257182115090292 -0.0226781171477814 0.420645629258048 0.142557040428901 0.140406982267569 0.128370570662031 0.202540514414946 0.148766841497238 0.196785752441594 0.103788022566431 -0.260332340125794 0.0731821415728365 -0.881676502532786 -0.968620661800947 0.202155205658479 0.0832640740804316 0.299539708590514 -0.719104008587461 0.0793084696674200 0.0990822618692049 0.185660733908404 0.148164916285410 -0.236856581627263 0.215955621210455 0.0647474212320092 0.197410845200286 0.0919372755937815 -0.0749278002604858 0.136288345519109 -0.181681918718981 -0.120286764685228 0.0862615289284288 -0.940902434348035 0.185567276159716 0.115385570615480
# q_dev:
 0.00000000000000 0.00000000000000 0.00000000000000 0.00000000000000 0.00000000000000 0.00000000000000 0.00000000000000 0.00000000000000 0.00000000000000 0.00000000000000 0.00000000000000 0.00000000000000 0.00000000000000 0.00000000000000 0.00000000000000 0.00000000000000 0.00000000000000 0.00000000000000 0.00000000000000 0.00000000000000 0.00000000000000 0.00000000000000 0.00000000000000 0.00000000000000 0.00000000000000 0.00000000000000 0.00000000000000 0.00000000000000 0.00000000000000 0.00000000000000 0.00000000000000 0.00000000000000 0.00000000000000 0.00000000000000 0.00000000000000 0.00000000000000 0.00000000000000 0.00000000000000 0.00000000000000 0.00000000000000 0.00000000000000 0.00000000000000
# q_mat_dev:
 0.00000000000000 0.00000000000000 0.00000000000000 0.00000000000000 0.00000000000000 0.00000000000000 0.00000000000000 0.00000000000000 0.00000000000000 0.00000000000000 0.00000000000000 0.00000000000000 0.00000000000000 0.00000000000000 0.00000000000000 0.00000000000000 0.00000000000000 0.00000000000000 0.00000000000000 0.00000000000000 0.00000000000000 0.00000000000000 0.00000000000000 0.00000000000000 0.00000000000000 0.00000000000000 0.00000000000000 0.00000000000000 0.00000000000000 0.00000000000000 0.00000000000000 0.00000000000000 0.00000000000000 0.00000000000000 0.00000000000000 0.00000000000000 0.00000000000000 0.00000000000000 0.00000000000000 0.00000000000000 0.00000000000000 0.00000000000000
# q_lg_dev:
 0.00000000000000 0.00000000000000 0.00000000000000 0.00000000000000 0.00000000000000 0.00000000000000 0.00000000000000 0.00000000000000 0.00000000000000 0.00000000000000 0.00000000000000 0.00000000000000 0.00000000000000 0.00000000000000 0.00000000000000 0.00000000000000 0.00000000000000 0.00000000000000 0.00000000000000 0.00000000000000 0.00000000000000 0.00000000000000 0.00000000000000 0.00000000000000 0.00000000000000 0.00000000000000 0.00000000000000 0.00000000000000 0.00000000000000 0.00000000000000 0.00000000000000 0.00000000000000 0.00000000000000 0.00000000000000 0.00000000000000 0.00000000000000 0.00000000000000 0.00000000000000 0.00000000000000 0.00000000000000 0.00000000000000 0.00000000000000
# log_avg_rec:
21.2608905924
# rec_devs:
 -0.292842366990 -0.318789627207 0.0515765802850 0.799360724700 0.175846418394 0.144124168850 -0.201203077314 0.131824034140 1.13472122673 1.46973306171 1.31592003057 0.471681591394 -0.788957503440 -0.906196465358 -0.593871256873 -0.567983223890 -0.723671627040 -1.08623874396 -0.870912861380 -0.00904777938328 0.0583796289765 0.0460311408931 -0.0864388220244 -0.751418423714 -1.57064151999 -0.404880209899 0.495432195488 -0.0969080288439 -0.296779481136 -0.274903287651 -0.192223250722 -0.0276993171057 1.45732106855 1.38947993464 1.09478623366 -1.24642202191 -2.28054721670 -2.57045417557 -1.72938353231 -1.08593654848 0.601911334565 0.00000000000
# sigma_m:
 1.00000000000 1.00000000000 1.00000000000
# log_m_mu:
 -1.35304214175 -0.774265470388 -1.30126608271
# prop_rec:
 14.2475986938 2.92524351786
# sigma_q:
 0.100000000000 0.100000000000
# log_f:
0.137366741990
# f_dev:
 -1.26759490157 -1.90892374610 -0.423001458080 0.284589405141 -0.0126086452495 0.0677596382069 -0.224859952348 -0.282804387593 0.702525074013 0.549134951545 1.51074656394 0.814354468455 0.768999208572 0.388100040460 0.451769054690 0.501858684551 0.993882186360 -0.907380506614 -0.964572013532 0.0469570808991 0.201393071896 -0.879193408772 -1.17496097333 -0.517185595251 0.0946984194508 0.338849483895 -0.183858667725 -0.956451671477 -1.79369880659 -0.810021014374 0.0192282758625 0.414318834722 0.650837318811 0.438171096909 -0.130019473128 -0.0186074647873 1.03247477629 1.53201526081 1.78753517676 -1.13445538571
# fish_ret_sel_50:
96.9093089179
# fish_ret_sel_50_post:
102.052586974
# fish_ret_sel_slope:
0.214615419938
# fish_ret_sel_slope_post:
0.297360864165
# fish_tot_sel_offset:
-9.26540321947
# fish_tot_sel_offset_dev:
 -34.9761957811 -39.3290266141 2.35099644387 -19.2471981721 38.3129946010 39.9832418940 -15.0488794037 28.0757157084 -13.7477960405 -32.1042396540 33.6815109883 39.0704208867 36.4843072308 -27.3630168587 24.7262251668 37.3514160471 -39.8632998664 39.9810448713 -37.3087604247 35.9895276789 -1.44431502785 39.9883629663 -23.0746056571 -34.6540561206 -37.0374885855 -16.8985201728 -16.8383639359 39.9153945587 -35.6291410875 17.3248516020 1.96726716617 3.03398117702 -36.3016031903 -39.7632044303 -26.8838262457 -7.03847723651 39.6431081447 39.6486273957 19.2759609156 -22.2529409378
# fish_tot_sel_slope:
-1.62410713652
# surv_omega:
0.569239024929
# surv_alpha1:
0.106071871065
# surv_beta1:
111.589702371
# surv_alpha2:
0.179560193277
# surv_beta2:
41.6216099456
