# Number of parameters = 308 Objective function value = 308.524545373338  Maximum gradient component = 0.000659405117353460
# log_n_imm:
 18.5624261553964 19.6727502364979 19.7547011687872 19.9026473875014 19.8713342665756 19.7893756765535 19.4940855256336 19.4072706863384 19.3791932163915 18.8505159431098 18.3241503271393 18.3689148113486 17.8283183498653 16.7965957553607 15.2468374782250 13.2765588199137 11.9710007542196 10.3162782688661 9.60522035168372 8.24093419326455 6.50658530055929
# log_n_mat:
 17.7545480586717 11.5477125404285 15.7576308191931 17.4077185768704 18.3652898024280 18.9527880954849 19.0075192696559 18.8872841249640 18.9274497349805 19.0203394719634 18.8414823099054 18.4289053196315 18.0582055881512 18.2773791638666 18.2089754683079 17.5262708890187 16.6925541450430 15.6785791232190 14.6322972889225 13.3564317721647 12.0372506319011
# nat_m_dev:
 -0.117885342788223 -0.415182115909345 -0.561908024694113 -1.04079632756486 -1.13738652599931 -0.907319625207452 -0.675297706878149 -0.407392956181595 -0.176442297303373 0.0881416902959555 -0.0293269156875973 0.187618421999725 0.135081014337322 0.229345264615296 0.558242439479052 0.685361769722562 0.224045537830991 -0.685280581053572 -0.454618112342554 0.229109539168507 -0.148423939542694 -0.286329796154588 -0.330060043673931 -0.259778771250866 -0.413056003118417 -0.322284865897657 -0.456483582278438 -0.383038671837034 0.328170140113410 0.287205812580943 0.0223329919356902 -0.0227390079623889 0.618745605755600 0.508436156029491 -0.135091058625905 -0.372240482164450 0.525049827941044 1.90222692522987 0.00000000000000 -0.782265324996853 -0.270087626482545 0.261589953245830
# nat_m_mat_dev:
 -0.238183403567949 0.594678888266105 1.32150448094097 -0.547969709264039 -1.28075881249022 -0.941831746348701 -0.275297635138560 -0.118795618358223 0.231653475577818 1.00245398112811 0.0770162828249968 -0.0118924398672355 0.0899234185887776 0.613523481318053 0.540717249513905 0.550957692632573 0.686789736723883 -0.482348985227129 -0.638288319861560 0.343467246422532 0.229456623978438 -0.300272562370667 -0.375182149428000 0.426945953132158 0.625438664045138 0.537187860405991 0.0451636449008177 -0.802004832372575 -0.877895420400346 -0.230556545400391 0.716383060343098 0.131196158903935 0.590646320216869 0.273938011808325 -0.0776506843735744 0.0254025735253665 0.810003889051591 1.24200186916090 0.00000000000000 0.674512508678027 -0.103631601615321 -1.07834782256326
# nat_m_lg_dev:
 0.233333593069568 0.0441481303904569 0.231420787943072 -0.469900706881361 -0.341654060544274 0.186219257994197 0.182408057779278 0.0543156460602199 0.307293593410171 -0.294906038775372 -0.201860981805682 0.295281746140496 0.108281496712064 -0.0430233116554670 0.200857294360490 -0.205867261620476 0.286710014523446 -0.250130808061519 -0.181350526018509 0.316250954383172 -0.233517789100556 0.0744041463294702 0.129980791620218 -0.132303056478318 0.218390437963285 0.410327447450221 -0.0793061666793302 -0.227283934629147 0.239830816337627 0.250956052773739 -0.247424913328066 -0.0171390080383240 -0.211699217898580 -0.228174645747150 -0.148323214544853 -0.223509309748920 -0.0820554732989916 -0.202005985162284 0.271486376447307 0.235161604141300 -0.0535434090363718 -0.202078426776245
# q_dev:
 0.00000000000000 0.00000000000000 0.00000000000000 0.00000000000000 0.00000000000000 0.00000000000000 0.00000000000000 0.00000000000000 0.00000000000000 0.00000000000000 0.00000000000000 0.00000000000000 0.00000000000000 0.00000000000000 0.00000000000000 0.00000000000000 0.00000000000000 0.00000000000000 0.00000000000000 0.00000000000000 0.00000000000000 0.00000000000000 0.00000000000000 0.00000000000000 0.00000000000000 0.00000000000000 0.00000000000000 0.00000000000000 0.00000000000000 0.00000000000000 0.00000000000000 0.00000000000000 0.00000000000000 0.00000000000000 0.00000000000000 0.00000000000000 0.00000000000000 0.00000000000000 0.00000000000000 0.00000000000000 0.00000000000000 0.00000000000000
# q_mat_dev:
 0.00000000000000 0.00000000000000 0.00000000000000 0.00000000000000 0.00000000000000 0.00000000000000 0.00000000000000 0.00000000000000 0.00000000000000 0.00000000000000 0.00000000000000 0.00000000000000 0.00000000000000 0.00000000000000 0.00000000000000 0.00000000000000 0.00000000000000 0.00000000000000 0.00000000000000 0.00000000000000 0.00000000000000 0.00000000000000 0.00000000000000 0.00000000000000 0.00000000000000 0.00000000000000 0.00000000000000 0.00000000000000 0.00000000000000 0.00000000000000 0.00000000000000 0.00000000000000 0.00000000000000 0.00000000000000 0.00000000000000 0.00000000000000 0.00000000000000 0.00000000000000 0.00000000000000 0.00000000000000 0.00000000000000 0.00000000000000
# q_lg_dev:
 0.00000000000000 0.00000000000000 0.00000000000000 0.00000000000000 0.00000000000000 0.00000000000000 0.00000000000000 0.00000000000000 0.00000000000000 0.00000000000000 0.00000000000000 0.00000000000000 0.00000000000000 0.00000000000000 0.00000000000000 0.00000000000000 0.00000000000000 0.00000000000000 0.00000000000000 0.00000000000000 0.00000000000000 0.00000000000000 0.00000000000000 0.00000000000000 0.00000000000000 0.00000000000000 0.00000000000000 0.00000000000000 0.00000000000000 0.00000000000000 0.00000000000000 0.00000000000000 0.00000000000000 0.00000000000000 0.00000000000000 0.00000000000000 0.00000000000000 0.00000000000000 0.00000000000000 0.00000000000000 0.00000000000000 0.00000000000000
# log_avg_rec:
21.1880162236
# rec_devs:
 -0.219968740509 -0.245914966737 0.124451169289 0.872235220951 0.248720793942 0.216998991818 -0.128329079854 0.204699069522 1.20759562022 1.54260729006 1.38879382053 0.544555501243 -0.716083796307 -0.833321841656 -0.520996868871 -0.495108420378 -0.650797369315 -1.01336461526 -0.798038661256 0.0638269836290 0.131253453212 0.118906100918 -0.0135643974976 -0.678545078827 -1.49776638090 -0.332005731384 0.568306420348 -0.0240343071907 -0.223904887220 -0.202029061432 -0.119348966141 0.0451755827048 1.53019559410 1.46235407546 1.16766052087 -1.17354876904 -2.20767307853 -2.49757991393 -1.65650875906 -1.01306209338 0.674785996744 0.00000000000
# sigma_m:
 1.00000000000 1.00000000000 1.00000000000
# log_m_mu:
 -1.35304207556 -0.774265464565 -1.32164607847
# prop_rec:
 14.2475901702 2.92523702051
# sigma_q:
 0.100000000000 0.100000000000
# log_f:
0.137367326410
# f_dev:
 -1.26759495412 -1.90892374078 -0.423001600550 0.284589195907 -0.0126087378653 0.0677595856320 -0.224859780435 -0.282804320728 0.702525155992 0.549134930924 1.51074651918 0.814354489293 0.768998988939 0.388100052108 0.451769039095 0.501858511367 0.993882388470 -0.907380683145 -0.964572325751 0.0469566647783 0.201392853366 -0.879192940354 -1.17496055795 -0.517184990795 0.0946985596970 0.338849219943 -0.183858414619 -0.956451553280 -1.79369909425 -0.810021472255 0.0192283220849 0.414319495869 0.650836934543 0.438170444698 -0.130019511567 -0.0186070808211 1.03247532859 1.53201529044 1.78753495338 -1.13445516502
# fish_ret_sel_50:
96.9093088275
# fish_ret_sel_50_post:
102.052587140
# fish_ret_sel_slope:
0.214615453520
# fish_ret_sel_slope_post:
0.297360848852
# fish_tot_sel_offset:
-9.26540601367
# fish_tot_sel_offset_dev:
 -31.7334017904 -35.3264762663 -37.7607248783 38.2291968951 -0.0415108220913 -6.70682286064 -39.4524967270 -31.9584832024 -1.62771180185 -13.6343443072 -23.1534325133 26.9940982217 -39.9977380529 -0.753223756793 -36.5051678741 39.0934062948 38.8864482558 34.3034002579 -29.1760580856 39.7091423845 28.8078621804 28.9360680078 27.6318136756 35.6238700848 -39.9932663242 -34.7651799501 13.3816137941 -9.87257629072 18.6761926749 19.8638819725 39.1714771475 -36.0444686118 25.2513739655 25.9554570585 39.9799865895 2.76338199346 3.96709735536 -38.9550070869 -27.2584720804 -12.5092055269
# fish_tot_sel_slope:
-1.62410711096
# surv_omega:
0.569238993782
# surv_alpha1:
0.106071921887
# surv_beta1:
111.589703523
# surv_alpha2:
0.179560237761
# surv_beta2:
41.6216104639
