# Number of parameters = 308 Objective function value = 308.524545359785  Maximum gradient component = 0.000791783458733504
# log_n_imm:
 18.5624215839903 19.6727522270417 19.7547014085583 19.9026485538282 19.8713344519227 19.7893764092746 19.4940861054244 19.4072715193784 19.3791927847341 18.8505162511179 18.3241512331540 18.3689145560143 17.8283178190460 16.7965947044511 15.2468363431683 13.2765556473097 11.9710242011361 10.3163116226828 9.60515753424846 8.24090990754061 6.50557700615460
# log_n_mat:
 17.7545529136325 11.5477282354253 15.7576185803124 17.4077202595257 18.3652905055387 18.9527884228753 19.0075197517019 18.8872841450063 18.9274507921390 19.0203395846856 18.8414827082800 18.4289053941892 18.0582051336284 18.2773795753027 18.2089756440143 17.5262719492425 16.6925544500539 15.6785792266904 14.6322983043570 13.3564281803568 12.0372622522211
# nat_m_dev:
 -0.117884715381411 -0.415181595381465 -0.561907035201446 -1.04079629473132 -1.13738692368738 -0.907320122184914 -0.675298097645666 -0.407393190028431 -0.176442412817804 0.0881390203823895 -0.0293267672995699 0.187621820348438 0.135079661491398 0.229344223362696 0.558241174343500 0.685363328647575 0.224044902368653 -0.685281468626804 -0.454618693008777 0.229109694382035 -0.148425359897924 -0.286330176150694 -0.330059705534619 -0.259778502636021 -0.413056143299375 -0.322285177669941 -0.456481746866547 -0.383037420841194 0.328169529348423 0.287206200516928 0.0223321056945207 -0.0227346105879414 0.618743697164844 0.508434970909823 -0.135089804879815 -0.372239294291879 0.525048340023415 1.90222767974988 0.00000000000000 -0.782265865070368 -0.270087749179954 0.261589905069754
# nat_m_mat_dev:
 -0.238180107367991 0.594677633573596 1.32150510420277 -0.547969357036631 -1.28075827001488 -0.941832647344024 -0.275298181062936 -0.118796447098050 0.231654076348713 1.00245348623900 0.0770169656558460 -0.0118913990535455 0.0899242364048588 0.613521391661793 0.540717490780925 0.550959559997469 0.686789947177065 -0.482349747353073 -0.638288951639406 0.343468181560707 0.229456805740243 -0.300274891217963 -0.375183537358865 0.426945598567722 0.625438867139101 0.537189019328135 0.0451631429297056 -0.802005411589388 -0.877895210971332 -0.230556770304878 0.716382554399619 0.131197290481518 0.590647219323793 0.273937601136135 -0.0776534399876180 0.0254019503254922 0.810005974050304 1.24200140000974 0.00000000000000 0.674511976366610 -0.103630414886822 -1.07834789416584
# nat_m_lg_dev:
 0.0632791063499317 -0.0925597620657473 0.189291753404547 -0.220718962358785 -0.0897866125380345 0.526291077043287 -0.298740335942823 0.0719371273801960 -0.241462142347943 0.0329611997910379 -0.185319992848333 -0.249533705566167 -0.135857155074732 -0.131784855201933 -0.0170884864832085 -0.294982757101128 0.219604587523695 0.000868900489271811 -0.0227591565805339 0.120403460290995 -0.215963083234955 0.145138837554157 0.223373430911556 -0.267887547835533 -0.0899612895972502 0.188702947695389 0.303867999066090 0.437810618784441 -0.261564847497284 -0.0319879493636254 -0.271658239280025 -0.186044008877814 -0.133861145075980 0.462979567952125 -0.109697480841507 -0.0182089176195127 0.0961282230364443 0.000879317181326516 0.336410392855429 0.286980461726117 -0.268433179314398 0.128952603611217
# q_dev:
 0.00000000000000 0.00000000000000 0.00000000000000 0.00000000000000 0.00000000000000 0.00000000000000 0.00000000000000 0.00000000000000 0.00000000000000 0.00000000000000 0.00000000000000 0.00000000000000 0.00000000000000 0.00000000000000 0.00000000000000 0.00000000000000 0.00000000000000 0.00000000000000 0.00000000000000 0.00000000000000 0.00000000000000 0.00000000000000 0.00000000000000 0.00000000000000 0.00000000000000 0.00000000000000 0.00000000000000 0.00000000000000 0.00000000000000 0.00000000000000 0.00000000000000 0.00000000000000 0.00000000000000 0.00000000000000 0.00000000000000 0.00000000000000 0.00000000000000 0.00000000000000 0.00000000000000 0.00000000000000 0.00000000000000 0.00000000000000
# q_mat_dev:
 0.00000000000000 0.00000000000000 0.00000000000000 0.00000000000000 0.00000000000000 0.00000000000000 0.00000000000000 0.00000000000000 0.00000000000000 0.00000000000000 0.00000000000000 0.00000000000000 0.00000000000000 0.00000000000000 0.00000000000000 0.00000000000000 0.00000000000000 0.00000000000000 0.00000000000000 0.00000000000000 0.00000000000000 0.00000000000000 0.00000000000000 0.00000000000000 0.00000000000000 0.00000000000000 0.00000000000000 0.00000000000000 0.00000000000000 0.00000000000000 0.00000000000000 0.00000000000000 0.00000000000000 0.00000000000000 0.00000000000000 0.00000000000000 0.00000000000000 0.00000000000000 0.00000000000000 0.00000000000000 0.00000000000000 0.00000000000000
# q_lg_dev:
 0.00000000000000 0.00000000000000 0.00000000000000 0.00000000000000 0.00000000000000 0.00000000000000 0.00000000000000 0.00000000000000 0.00000000000000 0.00000000000000 0.00000000000000 0.00000000000000 0.00000000000000 0.00000000000000 0.00000000000000 0.00000000000000 0.00000000000000 0.00000000000000 0.00000000000000 0.00000000000000 0.00000000000000 0.00000000000000 0.00000000000000 0.00000000000000 0.00000000000000 0.00000000000000 0.00000000000000 0.00000000000000 0.00000000000000 0.00000000000000 0.00000000000000 0.00000000000000 0.00000000000000 0.00000000000000 0.00000000000000 0.00000000000000 0.00000000000000 0.00000000000000 0.00000000000000 0.00000000000000 0.00000000000000 0.00000000000000
# log_avg_rec:
21.1533069372
# rec_devs:
 -0.185258895818 -0.211205620367 0.159160345454 0.906944472873 0.283430214039 0.251707317512 -0.0936189688839 0.239407924501 1.24230494629 1.57731712572 1.42350368053 0.579264858258 -0.681374450270 -0.798612653497 -0.486287244875 -0.460399088284 -0.616088417434 -0.978655470544 -0.763329563450 0.0985357036304 0.165963017681 0.153614854780 0.0211450947763 -0.643834508663 -1.46305706785 -0.297296038292 0.603015391864 0.0106755359113 -0.189196442921 -0.167319554347 -0.0846392830084 0.0798841411583 1.56490431733 1.49706374639 1.20237033890 -1.13884191259 -2.17296066826 -2.46287160069 -1.62179977027 -0.978352768296 0.709495100854 0.00000000000
# sigma_m:
 1.00000000000 1.00000000000 1.00000000000
# log_m_mu:
 -1.35304205188 -0.774265456457 -1.06113935036
# prop_rec:
 14.2475927419 2.92523988835
# sigma_q:
 0.100000000000 0.100000000000
# log_f:
0.137367121521
# f_dev:
 -1.26759492719 -1.90892372955 -0.423001772481 0.284589242131 -0.0126087708718 0.0677596230377 -0.224860187700 -0.282804581564 0.702525303238 0.549135021477 1.51074645046 0.814354284524 0.768999749620 0.388099778355 0.451768169945 0.501858414327 0.993883068108 -0.907380619988 -0.964572525504 0.0469567605471 0.201393454298 -0.879193083106 -1.17496087165 -0.517185889210 0.0946978830030 0.338849311868 -0.183858362055 -0.956451654363 -1.79369890958 -0.810021164830 0.0192281072252 0.414319303063 0.650838017234 0.438171174613 -0.130020176296 -0.0186089800413 1.03247584624 1.53201668029 1.78753590858 -1.13445534620
# fish_ret_sel_50:
96.9093081049
# fish_ret_sel_50_post:
102.052586553
# fish_ret_sel_slope:
0.214615392415
# fish_ret_sel_slope_post:
0.297360868408
# fish_tot_sel_offset:
-9.26540598104
# fish_tot_sel_offset_dev:
 -37.1772327617 2.69409140078 35.9026405194 34.2571984181 16.3746641905 26.6444914103 39.3767067673 -27.2490224034 -20.3539971798 3.99332060036 -35.4699106955 34.7588862847 -3.45612925289 23.2871383712 -37.4485932356 -39.8522612636 -18.0300273666 -14.8248927371 -28.7935645792 -36.7430645291 38.1550403506 -1.80474167288 6.17495716315 24.9881274285 -14.5929659641 10.1156924169 -15.6310857518 -38.5025725556 28.3182274453 39.8841800843 -30.4544398491 38.6226909967 27.5476456060 -6.97589074743 -35.9001793640 22.8166415229 36.2533534401 -13.0767919321 -39.9079502964 6.07961972077
# fish_tot_sel_slope:
-1.62410716116
# surv_omega:
0.569239023568
# surv_alpha1:
0.106071896894
# surv_beta1:
111.589701201
# surv_alpha2:
0.179560201006
# surv_beta2:
41.6216096710
