# Number of parameters = 308 Objective function value = 308.524660491378  Maximum gradient component = 0.000436092344505356
# log_n_imm:
 18.5624031615782 19.6727533505878 19.7547009482655 19.9026462580521 19.8713327535424 19.7893759663938 19.4940846587738 19.4072697634320 19.3791901305442 18.8505153564137 18.3241477821518 18.3689151535155 17.8283157041516 16.7965949982124 15.2468328669263 13.2765950521644 11.9710364577726 10.3164312855223 9.60540606106766 8.24159014506067 1.22154523623865
# log_n_mat:
 17.7545496973286 11.5477483255950 15.7576328244495 17.4077204009356 18.3652907477223 18.9527877916535 19.0075189572668 18.8872836807545 18.9274497618742 19.0203388993046 18.8414817904791 18.4289052749701 18.0582059356895 18.2773779765742 18.2089749722162 17.5262691718489 16.6925516949762 15.6785761000660 14.6322936035131 13.3564200065680 12.0408100575413
# nat_m_dev:
 -0.117887708679652 -0.415182915237755 -0.561907580917656 -1.04079678505899 -1.13738619248922 -0.907319972514711 -0.675297124263527 -0.407393751250570 -0.176444030204741 0.0881397790108536 -0.0293249135252846 0.187616990150088 0.135084248102747 0.229341923333352 0.558243173299291 0.685362325359762 0.224043341506806 -0.685280920053826 -0.454617783423015 0.229110686724899 -0.148422980489395 -0.286330099189170 -0.330058803372505 -0.259778167443585 -0.413055118053502 -0.322285511279515 -0.456483567662781 -0.383039018452715 0.328170102278240 0.287204805454257 0.0223338369533975 -0.0227372213870506 0.618745874172965 0.508435697112762 -0.135090204745242 -0.372238373108821 0.525049205372862 1.90222695343683 0.00000000000000 -0.782265304982994 -0.270087488492791 0.261589985787481
# nat_m_mat_dev:
 -0.238187983979383 0.594679912624059 1.32150471316877 -0.547969116222851 -1.28076010813674 -0.941835719728364 -0.275293268052237 -0.118795715836200 0.231651380839383 1.00245424701815 0.0770177928833918 -0.0118914695829299 0.0899218687477748 0.613522517744048 0.540718298754010 0.550957481289516 0.686789162861818 -0.482346443418856 -0.638287707234789 0.343467607256170 0.229455922604984 -0.300273843837963 -0.375183758000769 0.426944941452648 0.625439596420248 0.537187331311424 0.0451625052136697 -0.802005168082695 -0.877895024903540 -0.230555722628079 0.716382625896043 0.131196687591408 0.590647678092056 0.273937341207184 -0.0776493109411802 0.0254052579616480 0.810002462253154 1.24200196030746 0.00000000000000 0.674511093366370 -0.103628012132204 -1.07834723503945
# nat_m_lg_dev:
 3.48473176973629 3.95094926443850 -1.73797635591346 2.99187004347175 -3.89265479565397 2.69610463172526 -2.48852992238928 -0.203799467652564 -3.89719970366072 3.93388106197922 -0.331840482421455 -0.572489835262386 2.32622037570816 -0.553650039589735 -2.91884725126397 -1.81503122272546 3.72199140006867 1.80242999605730 -1.32623200461638 0.861148391243422 -3.76564333063711 2.20421791508561 -3.99854745247986 0.0905005018092499 1.75695696862976 1.39198362466533 -2.49494118174227 -3.99587550172057 0.607764071554748 -3.98019091941296 3.77968309429452 -1.21237451721943 0.787503978032326 3.77741781170092 -0.484638775796594 -1.97102015261558 -1.57473647855280 1.45840174239723 -0.472545989149357 2.61567405864714 -1.72716547732886 1.17650015655933
# q_dev:
 0.00000000000000 0.00000000000000 0.00000000000000 0.00000000000000 0.00000000000000 0.00000000000000 0.00000000000000 0.00000000000000 0.00000000000000 0.00000000000000 0.00000000000000 0.00000000000000 0.00000000000000 0.00000000000000 0.00000000000000 0.00000000000000 0.00000000000000 0.00000000000000 0.00000000000000 0.00000000000000 0.00000000000000 0.00000000000000 0.00000000000000 0.00000000000000 0.00000000000000 0.00000000000000 0.00000000000000 0.00000000000000 0.00000000000000 0.00000000000000 0.00000000000000 0.00000000000000 0.00000000000000 0.00000000000000 0.00000000000000 0.00000000000000 0.00000000000000 0.00000000000000 0.00000000000000 0.00000000000000 0.00000000000000 0.00000000000000
# q_mat_dev:
 0.00000000000000 0.00000000000000 0.00000000000000 0.00000000000000 0.00000000000000 0.00000000000000 0.00000000000000 0.00000000000000 0.00000000000000 0.00000000000000 0.00000000000000 0.00000000000000 0.00000000000000 0.00000000000000 0.00000000000000 0.00000000000000 0.00000000000000 0.00000000000000 0.00000000000000 0.00000000000000 0.00000000000000 0.00000000000000 0.00000000000000 0.00000000000000 0.00000000000000 0.00000000000000 0.00000000000000 0.00000000000000 0.00000000000000 0.00000000000000 0.00000000000000 0.00000000000000 0.00000000000000 0.00000000000000 0.00000000000000 0.00000000000000 0.00000000000000 0.00000000000000 0.00000000000000 0.00000000000000 0.00000000000000 0.00000000000000
# q_lg_dev:
 0.00000000000000 0.00000000000000 0.00000000000000 0.00000000000000 0.00000000000000 0.00000000000000 0.00000000000000 0.00000000000000 0.00000000000000 0.00000000000000 0.00000000000000 0.00000000000000 0.00000000000000 0.00000000000000 0.00000000000000 0.00000000000000 0.00000000000000 0.00000000000000 0.00000000000000 0.00000000000000 0.00000000000000 0.00000000000000 0.00000000000000 0.00000000000000 0.00000000000000 0.00000000000000 0.00000000000000 0.00000000000000 0.00000000000000 0.00000000000000 0.00000000000000 0.00000000000000 0.00000000000000 0.00000000000000 0.00000000000000 0.00000000000000 0.00000000000000 0.00000000000000 0.00000000000000 0.00000000000000 0.00000000000000 0.00000000000000
# log_avg_rec:
21.2927357960
# rec_devs:
 -0.324686387647 -0.350635090531 0.0197314763109 0.767515722495 0.144001912772 0.112279213379 -0.233048852667 0.0999797051409 1.10287555913 1.43788769412 1.28407428066 0.439835705910 -0.820803205477 -0.938041358421 -0.625717059851 -0.599828651844 -0.755516776229 -1.11808412676 -0.902758198975 -0.0408929514081 0.0265343694167 0.0141857239154 -0.118283907512 -0.783264020592 -1.60248596286 -0.436725132254 0.463586822494 -0.128753311170 -0.328624106228 -0.306748316041 -0.224067659655 -0.0595440985095 1.42547616113 1.35763444818 1.06294086206 -1.27826656011 -2.31239611630 -2.60229801342 -1.76122877467 -1.11778170919 0.570066071715 0.00000000000
# sigma_m:
 1.00000000000 1.00000000000 1.00000000000
# log_m_mu:
 -1.35304211361 -0.774265401740 -0.821790746881
# prop_rec:
 14.2475961941 2.92524009131
# sigma_q:
 0.100000000000 0.100000000000
# log_f:
0.137368989513
# f_dev:
 -1.26759435057 -1.90892356320 -0.423000771479 0.284590093082 -0.0126084646834 0.0677597748096 -0.224859649829 -0.282804008396 0.702524902819 0.549134110423 1.51074550207 0.814355566299 0.768999040577 0.388099494221 0.451769140267 0.501858622797 0.993882233124 -0.907381082715 -0.964572313462 0.0469570335180 0.201393627624 -0.879192955004 -1.17496072421 -0.517186002568 0.0946986511407 0.338849819199 -0.183858969707 -0.956452342078 -1.79369978099 -0.810021856051 0.0192277353848 0.414318940271 0.650837425017 0.438170261658 -0.130019521430 -0.0186057583338 1.03247597506 1.53201511460 1.78753521893 -1.13445616820
# fish_ret_sel_50:
96.9093058224
# fish_ret_sel_50_post:
102.052586408
# fish_ret_sel_slope:
0.214615403458
# fish_ret_sel_slope_post:
0.297360876475
# fish_tot_sel_offset:
-9.26542162175
# fish_tot_sel_offset_dev:
 39.9797784989 -39.0577690746 32.1809332045 -2.55668851178 -37.5013199483 -9.28060319822 20.8763935126 31.0359151119 -39.4842611625 39.0051510807 -34.1239186193 27.0236298806 -1.02343809891 -13.7673403278 -30.8519773332 39.9262265843 -12.8670090985 -0.495510504939 -8.44497138842 -38.7163454007 38.1096317468 35.9548287590 -38.9602868486 39.9523870383 -20.4850361117 -32.0924242270 30.3434262160 -39.9965795984 -6.20959223896 39.7292161212 1.24787085974 -1.33914834504 8.27874948377 38.8558747013 33.7614731062 8.43509240837 -30.7427030797 -10.3713181982 -35.6234576942 -20.7048793050
# fish_tot_sel_slope:
-1.62410734141
# surv_omega:
0.569239028903
# surv_alpha1:
0.106071911338
# surv_beta1:
111.589698882
# surv_alpha2:
0.179560222416
# surv_beta2:
41.6216091755
