# Number of parameters = 308 Objective function value = 308.524545354898  Maximum gradient component = 0.000930044092179551
# log_n_imm:
 18.5624224781793 19.6727511500815 19.7547026207143 19.9026475398711 19.8713346094876 19.7893760471513 19.4940880654905 19.4072697844275 19.3791922438109 18.8505157155692 18.3241500810753 18.3689165224517 17.8283170430561 16.7965974178841 15.2468347609267 13.2765685052826 11.9710103710817 10.3162613012501 9.60516026037683 8.24064342249799 6.50658311127513
# log_n_mat:
 17.7545505317835 11.5477222368934 15.7576166578389 17.4077193980556 18.3652897176548 18.9527880204735 19.0075188873955 18.8872839536106 18.9274495400969 19.0203391084795 18.8414828617528 18.4289055306417 18.0582052742028 18.2773799810622 18.2089761392499 17.5262710370746 16.6925547298001 15.6785797547757 14.6323016211256 13.3564383417075 12.0372738417687
# nat_m_dev:
 -0.117884096490686 -0.415183217745809 -0.561907055958514 -1.04079600315169 -1.13738589661399 -0.907320191387108 -0.675296524870058 -0.407394522638360 -0.176443559267542 0.0881392761161521 -0.0293255192042272 0.187616910095519 0.135084155701057 0.229343985596590 0.558241972469454 0.685362374285756 0.224042728649912 -0.685281089884426 -0.454619439085069 0.229109908164536 -0.148423297795428 -0.286328950206610 -0.330058963586331 -0.259779035111809 -0.413055594432363 -0.322285292351041 -0.456483985069576 -0.383038157291208 0.328168271064404 0.287206051338911 0.0223331330223963 -0.0227364058507363 0.618742249483748 0.508437202355970 -0.135087335020437 -0.372241579915247 0.525051896872839 1.90222669883404 0.00000000000000 -0.782265881174178 -0.270086892518835 0.261589053924617
# nat_m_mat_dev:
 -0.238184680646955 0.594678347197871 1.32150512258779 -0.547967082929759 -1.28075884913174 -0.941834087459134 -0.275296337463006 -0.118798510115528 0.231653190638335 1.00245549728613 0.0770150153500055 -0.0118934648368399 0.0899254403064735 0.613522687256459 0.540717290648416 0.550959178677659 0.686789451586273 -0.482347926175715 -0.638288339632215 0.343468072074889 0.229456323436647 -0.300274862305873 -0.375183517591319 0.426946587565171 0.625437695556703 0.537189259408586 0.0451626972630507 -0.802004464355774 -0.877894329251826 -0.230556776402104 0.716383520010746 0.131196798962589 0.590648207455308 0.273938505130087 -0.0776505488724251 0.0254020309561133 0.810003782092224 1.24200255081939 0.00000000000000 0.674511601729350 -0.103630606374617 -1.07834967082210
# nat_m_lg_dev:
 0.352790298603405 0.245173414666892 -2.04594092252329 -1.20820579945476 0.00705589055461100 -0.108165498786556 -0.0136409295677311 -0.467436712719437 0.360488556816256 0.0905555665965132 -0.502879823210328 0.435701540642336 0.261706338642486 0.389076207800164 -2.33378086040132 0.403943977886086 0.187470650569740 -0.0602780014690938 0.0619789038332075 0.303604490412508 0.435535830523631 -0.175034059917211 0.427322086127596 0.308919782839310 -2.02921870366495 0.435465825617746 0.400323735091276 0.282073145871363 0.375340681837446 0.414338969592985 0.181740541991273 0.435637160873062 -0.136479897830949 0.116470851525565 -0.0779273257594106 0.219118067535734 0.214136753928048 0.955371661683671 0.390553832058057 0.137137687941096 -0.0945399016047254 0.424495984847700
# q_dev:
 0.00000000000000 0.00000000000000 0.00000000000000 0.00000000000000 0.00000000000000 0.00000000000000 0.00000000000000 0.00000000000000 0.00000000000000 0.00000000000000 0.00000000000000 0.00000000000000 0.00000000000000 0.00000000000000 0.00000000000000 0.00000000000000 0.00000000000000 0.00000000000000 0.00000000000000 0.00000000000000 0.00000000000000 0.00000000000000 0.00000000000000 0.00000000000000 0.00000000000000 0.00000000000000 0.00000000000000 0.00000000000000 0.00000000000000 0.00000000000000 0.00000000000000 0.00000000000000 0.00000000000000 0.00000000000000 0.00000000000000 0.00000000000000 0.00000000000000 0.00000000000000 0.00000000000000 0.00000000000000 0.00000000000000 0.00000000000000
# q_mat_dev:
 0.00000000000000 0.00000000000000 0.00000000000000 0.00000000000000 0.00000000000000 0.00000000000000 0.00000000000000 0.00000000000000 0.00000000000000 0.00000000000000 0.00000000000000 0.00000000000000 0.00000000000000 0.00000000000000 0.00000000000000 0.00000000000000 0.00000000000000 0.00000000000000 0.00000000000000 0.00000000000000 0.00000000000000 0.00000000000000 0.00000000000000 0.00000000000000 0.00000000000000 0.00000000000000 0.00000000000000 0.00000000000000 0.00000000000000 0.00000000000000 0.00000000000000 0.00000000000000 0.00000000000000 0.00000000000000 0.00000000000000 0.00000000000000 0.00000000000000 0.00000000000000 0.00000000000000 0.00000000000000 0.00000000000000 0.00000000000000
# q_lg_dev:
 0.00000000000000 0.00000000000000 0.00000000000000 0.00000000000000 0.00000000000000 0.00000000000000 0.00000000000000 0.00000000000000 0.00000000000000 0.00000000000000 0.00000000000000 0.00000000000000 0.00000000000000 0.00000000000000 0.00000000000000 0.00000000000000 0.00000000000000 0.00000000000000 0.00000000000000 0.00000000000000 0.00000000000000 0.00000000000000 0.00000000000000 0.00000000000000 0.00000000000000 0.00000000000000 0.00000000000000 0.00000000000000 0.00000000000000 0.00000000000000 0.00000000000000 0.00000000000000 0.00000000000000 0.00000000000000 0.00000000000000 0.00000000000000 0.00000000000000 0.00000000000000 0.00000000000000 0.00000000000000 0.00000000000000 0.00000000000000
# log_avg_rec:
21.0215056722
# rec_devs:
 -0.0534578714885 -0.0794034254022 0.290961093647 1.03874613680 0.415229793078 0.383508930935 0.0381821094476 0.371208600262 1.37410584208 1.70911773016 1.55530449608 0.711066589780 -0.549573440533 -0.666812221194 -0.354486949465 -0.328599099486 -0.484287045319 -0.846854354134 -0.631527822738 0.230337471774 0.297765023853 0.285416258607 0.152946350024 -0.512035231084 -1.33125505583 -0.165495803791 0.734817058437 0.142474765552 -0.0573926255356 -0.0355192173601 0.0471621007086 0.211685440186 1.69670665092 1.62886597166 1.33417170381 -1.00703285153 -2.04116494407 -2.33106757508 -1.48999853599 -0.846550756974 0.841295966762 0.00000000000
# sigma_m:
 1.00000000000 1.00000000000 1.00000000000
# log_m_mu:
 -1.35304204728 -0.774265745809 -1.26572290497
# prop_rec:
 14.2475948914 2.92524187960
# sigma_q:
 0.100000000000 0.100000000000
# log_f:
0.137366725404
# f_dev:
 -1.26759600219 -1.90892446617 -0.423001680678 0.284589602406 -0.0126087083524 0.0677597391261 -0.224859488725 -0.282804613049 0.702524938754 0.549135245982 1.51074751484 0.814354144919 0.768998644846 0.388099764427 0.451768939128 0.501859179497 0.993882913212 -0.907380463178 -0.964572128989 0.0469565243579 0.201392460276 -0.879193482209 -1.17496120798 -0.517185467249 0.0946984398825 0.338849700340 -0.183858394494 -0.956451792643 -1.79369874979 -0.810021059604 0.0192284277157 0.414319169284 0.650837727876 0.438171316264 -0.130019561160 -0.0186072799261 1.03247470585 1.53201586792 1.78753561715 -1.13445603769
# fish_ret_sel_50:
96.9093084182
# fish_ret_sel_50_post:
102.052586127
# fish_ret_sel_slope:
0.214615415786
# fish_ret_sel_slope_post:
0.297360855553
# fish_tot_sel_offset:
-9.26540376636
# fish_tot_sel_offset_dev:
 -26.2854292521 -11.4293030778 -12.5021989436 14.9324321504 39.3090670011 22.4591189251 10.6338303163 -17.2031975584 -27.8243011786 -1.59881510470 -12.4667209553 38.9926277064 -21.0965684501 2.59500665545 34.7289627951 -38.5584162717 -20.9399254914 -4.60047425818 38.8292238195 -7.84164143091 -36.0162515298 21.8124393983 39.8870376963 -38.9063141436 0.517892084456 39.9968016066 -39.9031210097 -5.89007382952 17.5139201611 21.8628041002 39.3144875171 -27.1907012255 39.6547367134 -34.1130773984 -33.1952502661 -33.0896990961 -31.5037899035 27.4357148609 39.8266569694 -8.14749010249
# fish_tot_sel_slope:
-1.62410706982
# surv_omega:
0.569239021659
# surv_alpha1:
0.106071908996
# surv_beta1:
111.589701246
# surv_alpha2:
0.179560205945
# surv_beta2:
41.6216101764
