# Number of parameters = 308 Objective function value = 308.524545374083  Maximum gradient component = 0.000569210483089328
# log_n_imm:
 18.5624169946808 19.6727500493516 19.7547019462469 19.9026463913844 19.8713338586648 19.7893755744552 19.4940851922605 19.4072695479738 19.3791917878475 18.8505163473223 18.3241500263165 18.3689147704560 17.8283169336376 16.7965955173124 15.2468336702145 13.2765511142319 11.9709585551875 10.3162783600987 9.60519554673570 8.24082002577653 6.50929168052935
# log_n_mat:
 17.7545495230353 11.5477140099963 15.7576301033125 17.4077193389675 18.3652894203344 18.9527875140524 19.0075192830909 18.8872836182624 18.9274496353320 19.0203391166104 18.8414820972652 18.4289051054834 18.0582047145877 18.2773786719399 18.2089754375738 17.5262710934513 16.6925541690628 15.6785785158069 14.6322975085823 13.3564271083818 12.0372436756534
# nat_m_dev:
 -0.117887442068928 -0.415182050230527 -0.561907707221424 -1.04079583812231 -1.13738703255363 -0.907320378130931 -0.675297909632832 -0.407392866721892 -0.176442402698247 0.0881390618077822 -0.0293266144749820 0.187618365846075 0.135080493363376 0.229346066583592 0.558242881343607 0.685362117860182 0.224043954807447 -0.685280978076761 -0.454618052042213 0.229109743312070 -0.148422510084808 -0.286328744875200 -0.330059498933070 -0.259780306204588 -0.413054640086172 -0.322285204033878 -0.456484341644932 -0.383036948594140 0.328171563927006 0.287204829042918 0.0223331304488881 -0.0227391650337101 0.618746617026320 0.508434054964675 -0.135088436271271 -0.372240080801191 0.525049863147580 1.90222698340620 0.00000000000000 -0.782264933067490 -0.270087336694586 0.261589078009059
# nat_m_mat_dev:
 -0.238185452839941 0.594677774778682 1.32150495330148 -0.547968947583016 -1.28075862541595 -0.941832220909858 -0.275297380815143 -0.118796279280622 0.231653650541365 1.00245389105834 0.0770163421119868 -0.0118910899864811 0.0899240777084641 0.613523394772134 0.540717585987209 0.550957488549636 0.686789949652515 -0.482347720185180 -0.638287959116711 0.343467836014870 0.229455577547646 -0.300275122818146 -0.375183827078734 0.426946224986511 0.625438892957916 0.537187209365612 0.0451650980368555 -0.802004253687785 -0.877894793428657 -0.230557612736284 0.716383326337406 0.131193905701283 0.590648389205027 0.273938212330634 -0.0776496540464738 0.0254025161908814 0.810002829810654 1.24200252907682 0.00000000000000 0.674511567652629 -0.103629854162384 -1.07834764619031
# nat_m_lg_dev:
 3.63766927041429 -3.93610372965290 -0.817333555894702 -0.541660130699328 -2.79451994179764 3.78428009874216 -3.51872950696069 3.27939014591840 2.61006808315883 -3.64449162135556 -1.52898840916334 -3.15004107439141 -2.55213594167172 -0.217288114374241 3.78694052247175 -3.50615198987029 1.52513058228360 0.852344621060412 2.92540100867380 3.81399986105083 3.92620250777783 -3.84231275584012 -1.28659391269067 0.104896537725914 -1.78535085609359 -0.745976321103142 1.14085370417122 3.84711350571400 -3.43355493939436 -2.88286577144695 3.98810120797708 3.42470648617012 3.09038826067415 -0.162360589657835 -3.84230583274054 -3.63483582982809 -2.69855409363994 1.64287182662610 -3.73871773720781 3.95818761730910 -0.353751797309068 3.27607860486436
# q_dev:
 0.00000000000000 0.00000000000000 0.00000000000000 0.00000000000000 0.00000000000000 0.00000000000000 0.00000000000000 0.00000000000000 0.00000000000000 0.00000000000000 0.00000000000000 0.00000000000000 0.00000000000000 0.00000000000000 0.00000000000000 0.00000000000000 0.00000000000000 0.00000000000000 0.00000000000000 0.00000000000000 0.00000000000000 0.00000000000000 0.00000000000000 0.00000000000000 0.00000000000000 0.00000000000000 0.00000000000000 0.00000000000000 0.00000000000000 0.00000000000000 0.00000000000000 0.00000000000000 0.00000000000000 0.00000000000000 0.00000000000000 0.00000000000000 0.00000000000000 0.00000000000000 0.00000000000000 0.00000000000000 0.00000000000000 0.00000000000000
# q_mat_dev:
 0.00000000000000 0.00000000000000 0.00000000000000 0.00000000000000 0.00000000000000 0.00000000000000 0.00000000000000 0.00000000000000 0.00000000000000 0.00000000000000 0.00000000000000 0.00000000000000 0.00000000000000 0.00000000000000 0.00000000000000 0.00000000000000 0.00000000000000 0.00000000000000 0.00000000000000 0.00000000000000 0.00000000000000 0.00000000000000 0.00000000000000 0.00000000000000 0.00000000000000 0.00000000000000 0.00000000000000 0.00000000000000 0.00000000000000 0.00000000000000 0.00000000000000 0.00000000000000 0.00000000000000 0.00000000000000 0.00000000000000 0.00000000000000 0.00000000000000 0.00000000000000 0.00000000000000 0.00000000000000 0.00000000000000 0.00000000000000
# q_lg_dev:
 0.00000000000000 0.00000000000000 0.00000000000000 0.00000000000000 0.00000000000000 0.00000000000000 0.00000000000000 0.00000000000000 0.00000000000000 0.00000000000000 0.00000000000000 0.00000000000000 0.00000000000000 0.00000000000000 0.00000000000000 0.00000000000000 0.00000000000000 0.00000000000000 0.00000000000000 0.00000000000000 0.00000000000000 0.00000000000000 0.00000000000000 0.00000000000000 0.00000000000000 0.00000000000000 0.00000000000000 0.00000000000000 0.00000000000000 0.00000000000000 0.00000000000000 0.00000000000000 0.00000000000000 0.00000000000000 0.00000000000000 0.00000000000000 0.00000000000000 0.00000000000000 0.00000000000000 0.00000000000000 0.00000000000000 0.00000000000000
# log_avg_rec:
21.2935936914
# rec_devs:
 -0.325545676968 -0.351492844531 0.0188733520576 0.766657775744 0.143143170317 0.111421463337 -0.233907125136 0.0991209704398 1.10201728278 1.43702962222 1.28321655421 0.438978752066 -0.821661198683 -0.938899114523 -0.626574362603 -0.600686840329 -0.756374475845 -1.11894266136 -0.903615668608 -0.0417510318980 0.0256762960080 0.0133279953666 -0.119142005516 -0.784121015058 -1.60334481073 -0.437583794300 0.462729277083 -0.129610876471 -0.329482597685 -0.307606605949 -0.224926649113 -0.0604027459939 1.42461767467 1.35677655278 1.06208338160 -1.27912418987 -2.31325086353 -2.60315858126 -1.76208702197 -1.11864000698 0.569207946273 0.00000000000
# sigma_m:
 1.00000000000 1.00000000000 1.00000000000
# log_m_mu:
 -1.35304218581 -0.774265538267 -1.27700013783
# prop_rec:
 14.2476022903 2.92524783483
# sigma_q:
 0.100000000000 0.100000000000
# log_f:
0.137366977359
# f_dev:
 -1.26759524618 -1.90892428482 -0.423001709907 0.284589334510 -0.0126085017826 0.0677598386405 -0.224859764109 -0.282804195326 0.702525234518 0.549135051025 1.51074600515 0.814354567677 0.768999240647 0.388100066869 0.451769224995 0.501858803896 0.993882318150 -0.907380829220 -0.964572183433 0.0469569951599 0.201392912769 -0.879193495457 -1.17496103891 -0.517185367863 0.0946986211855 0.338849096866 -0.183858500375 -0.956451201901 -1.79369867634 -0.810021205923 0.0192282907059 0.414318502016 0.650836841539 0.438171044875 -0.130019247926 -0.0186065210451 1.03247451037 1.53201507203 1.78753557930 -1.13445518238
# fish_ret_sel_50:
96.9093094139
# fish_ret_sel_50_post:
102.052586493
# fish_ret_sel_slope:
0.214615436307
# fish_ret_sel_slope_post:
0.297360844713
# fish_tot_sel_offset:
-9.26540480425
# fish_tot_sel_offset_dev:
 -13.3586993003 -38.3474133751 23.5382390273 0.328067288914 -39.9550009759 35.6850465422 -3.19199212863 37.3184328494 32.4138646810 -34.0808219063 -39.8510115175 -23.4089509108 -36.8984589743 7.17186818068 -20.5655048625 38.9026997953 28.7694057575 9.59036521730 0.822771968880 -6.60210712371 35.6558168183 -37.3576039700 34.8448428111 -17.5705649429 -13.3127185718 16.1519827498 -6.21457924648 3.27635851691 -3.44817777420 10.4627396388 26.7020454521 11.9546852537 35.1900135260 3.92134289545 -37.2539481838 -30.9302539868 39.8657232907 -30.9300237583 -38.6294951663 39.3410144143
# fish_tot_sel_slope:
-1.62410716411
# surv_omega:
0.569238994704
# surv_alpha1:
0.106071947389
# surv_beta1:
111.589700857
# surv_alpha2:
0.179560192926
# surv_beta2:
41.6216097725
