# Number of parameters = 308 Objective function value = 308.524545381987  Maximum gradient component = 0.000839056552130806
# log_n_imm:
 18.5624234236981 19.6727519720934 19.7547028316380 19.9026478653667 19.8713351960222 19.7893781165741 19.4940874490242 19.4072710810995 19.3791928248095 18.8505190727308 18.3241513869025 18.3689173204654 17.8283156072979 16.7965981870283 15.2468365784712 13.2765727354028 11.9710492161934 10.3162203945550 9.60521608674357 8.24087471711121 6.49271746519860
# log_n_mat:
 17.7545493240192 11.5477257326328 15.7576109189514 17.4077143826824 18.3652876702766 18.9527852250040 19.0075171826934 18.8872821429059 18.9274475617188 19.0203370947725 18.8414807914996 18.4289034596402 18.0582032439770 18.2773762264438 18.2089732755121 17.5262669907947 16.6925492805568 15.6785784354517 14.6322953212802 13.3564088277414 12.0372934368540
# nat_m_dev:
 -0.117878382341667 -0.415182803960104 -0.561908924789528 -1.04079614646679 -1.13738676691677 -0.907319369476826 -0.675298664396732 -0.407394469280048 -0.176442143307169 0.0881389155566934 -0.0293232917894128 0.187617458798873 0.135079090779340 0.229344081983796 0.558244271812766 0.685362237320380 0.224043541420562 -0.685280428218177 -0.454618222522102 0.229109954817176 -0.148423092650688 -0.286329391868869 -0.330059316105940 -0.259781587173109 -0.413055612524247 -0.322286742895586 -0.456484017407884 -0.383038519190768 0.328170687975401 0.287208469317368 0.0223335202004140 -0.0227393847623518 0.618746316255072 0.508435027978206 -0.135090931361528 -0.372239543092804 0.525047422697257 1.90222745039687 0.00000000000000 -0.782265157450674 -0.270087265191401 0.261589099915396
# nat_m_mat_dev:
 -0.238194339685527 0.594678990735616 1.32150529485916 -0.547970010683756 -1.28075935531631 -0.941831646242784 -0.275297945994061 -0.118795353822910 0.231654104935972 1.00245419178901 0.0770168834409830 -0.0118916039054655 0.0899236775982608 0.613522808003023 0.540718428682797 0.550956939165316 0.686790496764336 -0.482348868977315 -0.638287016983043 0.343467339550698 0.229455978126660 -0.300273391187021 -0.375182817730328 0.426943941324656 0.625440190515217 0.537187987006747 0.0451637766555741 -0.802005600503269 -0.877894978183635 -0.230554868666910 0.716384042012146 0.131195917946576 0.590647071120074 0.273938425506016 -0.0776511358770131 0.0254040148362362 0.810004119495384 1.24200229359120 0.00000000000000 0.674512091512208 -0.103628475238484 -1.07834682129666
# nat_m_lg_dev:
 0.0156777418421999 0.00880432470608964 0.0440043888769011 0.0202212029367135 -0.840571230567339 0.468687049532062 0.0622236998583712 0.0172915651499222 -0.132363269809927 0.305447970133777 -0.0421436212837322 0.00595566384966742 -0.00843355129051556 0.0309575402372420 0.124468080462818 0.139609518250877 0.0904183243036685 0.180474523053330 0.0578768231604463 0.0675200188583847 0.0691161677256358 -0.619584366178707 -0.0829698504298410 0.202466637797545 0.00108474135592521 -0.143263576237188 -0.243162369115164 0.00571764098614350 -0.00675817310271750 0.0711950741282652 0.283660289953641 -0.876257836521179 0.00394343046692883 -0.302554480509793 0.0381209568031618 0.236018326179113 0.185986462295750 0.0172402361577509 0.165473188044868 0.0247421947265383 0.377991560241717 -0.0243330170293512
# q_dev:
 0.00000000000000 0.00000000000000 0.00000000000000 0.00000000000000 0.00000000000000 0.00000000000000 0.00000000000000 0.00000000000000 0.00000000000000 0.00000000000000 0.00000000000000 0.00000000000000 0.00000000000000 0.00000000000000 0.00000000000000 0.00000000000000 0.00000000000000 0.00000000000000 0.00000000000000 0.00000000000000 0.00000000000000 0.00000000000000 0.00000000000000 0.00000000000000 0.00000000000000 0.00000000000000 0.00000000000000 0.00000000000000 0.00000000000000 0.00000000000000 0.00000000000000 0.00000000000000 0.00000000000000 0.00000000000000 0.00000000000000 0.00000000000000 0.00000000000000 0.00000000000000 0.00000000000000 0.00000000000000 0.00000000000000 0.00000000000000
# q_mat_dev:
 0.00000000000000 0.00000000000000 0.00000000000000 0.00000000000000 0.00000000000000 0.00000000000000 0.00000000000000 0.00000000000000 0.00000000000000 0.00000000000000 0.00000000000000 0.00000000000000 0.00000000000000 0.00000000000000 0.00000000000000 0.00000000000000 0.00000000000000 0.00000000000000 0.00000000000000 0.00000000000000 0.00000000000000 0.00000000000000 0.00000000000000 0.00000000000000 0.00000000000000 0.00000000000000 0.00000000000000 0.00000000000000 0.00000000000000 0.00000000000000 0.00000000000000 0.00000000000000 0.00000000000000 0.00000000000000 0.00000000000000 0.00000000000000 0.00000000000000 0.00000000000000 0.00000000000000 0.00000000000000 0.00000000000000 0.00000000000000
# q_lg_dev:
 0.00000000000000 0.00000000000000 0.00000000000000 0.00000000000000 0.00000000000000 0.00000000000000 0.00000000000000 0.00000000000000 0.00000000000000 0.00000000000000 0.00000000000000 0.00000000000000 0.00000000000000 0.00000000000000 0.00000000000000 0.00000000000000 0.00000000000000 0.00000000000000 0.00000000000000 0.00000000000000 0.00000000000000 0.00000000000000 0.00000000000000 0.00000000000000 0.00000000000000 0.00000000000000 0.00000000000000 0.00000000000000 0.00000000000000 0.00000000000000 0.00000000000000 0.00000000000000 0.00000000000000 0.00000000000000 0.00000000000000 0.00000000000000 0.00000000000000 0.00000000000000 0.00000000000000 0.00000000000000 0.00000000000000 0.00000000000000
# log_avg_rec:
20.9025399542
# rec_devs:
 0.0655083415420 0.0395610905247 0.409927038406 1.15771151452 0.534196493289 0.502474894626 0.157146831058 0.490174708623 1.49307117297 1.82808352902 1.67426956097 0.830031277699 -0.430607084643 -0.547845034577 -0.235520941277 -0.209632500258 -0.365321358278 -0.727887970297 -0.512562645450 0.349302860139 0.416730024341 0.404380819074 0.271911710749 -0.393070475559 -1.21228911729 -0.0465295784718 0.853783701620 0.261442174504 0.0615724631296 0.0834473497799 0.166127548722 0.330651092905 1.81567131513 1.74783027672 1.45313616641 -0.888070821975 -1.92219576048 -2.21210263983 -1.37103270441 -0.727586261065 0.960261379606 0.00000000000
# sigma_m:
 1.00000000000 1.00000000000 1.00000000000
# log_m_mu:
 -1.35304221844 -0.774265741907 -1.22660014696
# prop_rec:
 14.2475918328 2.92523787461
# sigma_q:
 0.100000000000 0.100000000000
# log_f:
0.137367244960
# f_dev:
 -1.26759448886 -1.90892527123 -0.423001178881 0.284589799181 -0.0126084187305 0.0677595239793 -0.224860611860 -0.282804627131 0.702525259067 0.549135425255 1.51074652369 0.814354821410 0.768998896824 0.388099622113 0.451768585629 0.501858376179 0.993882251913 -0.907380489386 -0.964571935669 0.0469569898315 0.201393191855 -0.879192933557 -1.17496047580 -0.517185983444 0.0946978584012 0.338849128640 -0.183858227668 -0.956451696462 -1.79369909311 -0.810021418190 0.0192281071276 0.414320254602 0.650836963487 0.438170502458 -0.130019306747 -0.0186067740741 1.03247648839 1.53201522068 1.78753503144 -1.13445589136
# fish_ret_sel_50:
96.9093088144
# fish_ret_sel_50_post:
102.052586120
# fish_ret_sel_slope:
0.214615440959
# fish_ret_sel_slope_post:
0.297360902455
# fish_tot_sel_offset:
-9.26540742308
# fish_tot_sel_offset_dev:
 -16.2873907701 -34.5493354714 -10.4970476630 39.0056363196 0.774797256175 27.1765921023 6.02365846789 39.9528714587 39.7364872912 8.11453098472 12.9323000070 33.3665970795 -34.0708115141 20.8430089000 37.0974653929 20.4393825716 -8.09570579936 34.3389284229 -9.93382733300 -39.4720076210 -4.52231129997 -38.8703785797 25.7503139566 -38.1175179556 -37.4708644639 -21.6449994837 -39.5472353835 -19.6382838768 29.4568879590 11.2589142225 -6.86933428660 -31.0432042985 -8.96751543744 8.56170735842 10.9957654237 35.5948515495 14.2698447102 -29.2072585221 4.77963223275 -31.6651439073
# fish_tot_sel_slope:
-1.62410715704
# surv_omega:
0.569238979134
# surv_alpha1:
0.106071957939
# surv_beta1:
111.589706754
# surv_alpha2:
0.179560192221
# surv_beta2:
41.6216083590
