# Number of parameters = 308 Objective function value = 308.524545379566  Maximum gradient component = 0.000992104483190563
# log_n_imm:
 18.5624383010265 19.6727475636525 19.7547031411708 19.9026472170751 19.8713347517008 19.7893761395406 19.4940857436998 19.4072711775736 19.3791922292377 18.8505170144186 18.3241508611555 18.3689166226008 17.8283186138827 16.7965993549368 15.2468165940890 13.2767275677811 11.9710157923246 10.3164110767840 9.60523620237478 8.24104723432628 6.50687712592512
# log_n_mat:
 17.7545509816116 11.5477093785669 15.7576300349961 17.4077214603739 18.3652908383468 18.9527887951069 19.0075208538944 18.8872847230516 18.9274511180425 19.0203407211005 18.8414832646552 18.4289063388569 18.0582061012697 18.2773788885514 18.2089773328587 17.5262708543964 16.6925563758857 15.6785812914660 14.6322999169915 13.3564323770247 12.0372527469247
# nat_m_dev:
 -0.117881289784468 -0.415184934614613 -0.561911969193249 -1.04079542237832 -1.13739055562931 -0.907320030315927 -0.675287707877491 -0.407389827453080 -0.176441368331552 0.0881421987634022 -0.0293346718636731 0.187608047106732 0.135091912698615 0.229348407961852 0.558239972449901 0.685362098604187 0.224044460790224 -0.685280080703308 -0.454618070672457 0.229105992687268 -0.148423150652603 -0.286330287077964 -0.330061660176978 -0.259778948887519 -0.413055962651110 -0.322284413923199 -0.456479986382340 -0.383037178781259 0.328158975604879 0.287202848430727 0.0223376152773019 -0.0227360643461676 0.618746948882253 0.508431119695598 -0.135091071260128 -0.372240513701945 0.525057258488801 1.90222568109799 0.00000000000000 -0.782268841554749 -0.270083859014494 0.261591735422570
# nat_m_mat_dev:
 -0.238173900172427 0.594675556473682 1.32150421265862 -0.547969943434346 -1.28075853624073 -0.941831334532585 -0.275296816318261 -0.118796492787580 0.231654801959836 1.00245074086611 0.0770166104437487 -0.0118898901672122 0.0899257088523069 0.613522673115161 0.540715978502360 0.550958348577830 0.686788420419697 -0.482348384211542 -0.638288259452023 0.343467013581630 0.229457657293416 -0.300274524963670 -0.375183691293429 0.426943996739288 0.625439053101792 0.537187913881542 0.0451613941067299 -0.802006112049747 -0.877895852312176 -0.230555916610593 0.716382969387721 0.131199201410584 0.590644048331646 0.273937659637277 -0.0776514363031608 0.0254035803289175 0.810004248892180 1.24200098350893 0.00000000000000 0.674511546754843 -0.103630161307209 -1.07834828207850
# nat_m_lg_dev:
 -1.81834906382070 0.275731907554813 -1.42347448818468 0.891916565518553 1.31183087139281 -2.56035038403134 2.67757833205968 -2.23242088999939 -1.00995270982824 2.61658995025566 -3.55240337775677 -1.34150600457749 -1.42897462394784 -1.08977774253422 3.04100808002702 -0.726426166954792 -2.01770933457194 -0.475411795381837 1.24178678697288 1.38278643054965 1.19127270604088 0.905926818332304 -2.06692362208916 2.40888439194739 -1.16571736852673 1.30530111174547 1.43127905351068 -0.937207332825381 1.41931893786361 -1.61586737879861 2.88117293027062 -0.785887688161037 -1.14282356691846 2.54412375588812 -1.15448444582211 -1.83637276601041 -0.453385403147772 1.14444833060546 -1.11139705153856 1.00904618452334 1.20303610043537 1.06378395993314
# q_dev:
 0.00000000000000 0.00000000000000 0.00000000000000 0.00000000000000 0.00000000000000 0.00000000000000 0.00000000000000 0.00000000000000 0.00000000000000 0.00000000000000 0.00000000000000 0.00000000000000 0.00000000000000 0.00000000000000 0.00000000000000 0.00000000000000 0.00000000000000 0.00000000000000 0.00000000000000 0.00000000000000 0.00000000000000 0.00000000000000 0.00000000000000 0.00000000000000 0.00000000000000 0.00000000000000 0.00000000000000 0.00000000000000 0.00000000000000 0.00000000000000 0.00000000000000 0.00000000000000 0.00000000000000 0.00000000000000 0.00000000000000 0.00000000000000 0.00000000000000 0.00000000000000 0.00000000000000 0.00000000000000 0.00000000000000 0.00000000000000
# q_mat_dev:
 0.00000000000000 0.00000000000000 0.00000000000000 0.00000000000000 0.00000000000000 0.00000000000000 0.00000000000000 0.00000000000000 0.00000000000000 0.00000000000000 0.00000000000000 0.00000000000000 0.00000000000000 0.00000000000000 0.00000000000000 0.00000000000000 0.00000000000000 0.00000000000000 0.00000000000000 0.00000000000000 0.00000000000000 0.00000000000000 0.00000000000000 0.00000000000000 0.00000000000000 0.00000000000000 0.00000000000000 0.00000000000000 0.00000000000000 0.00000000000000 0.00000000000000 0.00000000000000 0.00000000000000 0.00000000000000 0.00000000000000 0.00000000000000 0.00000000000000 0.00000000000000 0.00000000000000 0.00000000000000 0.00000000000000 0.00000000000000
# q_lg_dev:
 0.00000000000000 0.00000000000000 0.00000000000000 0.00000000000000 0.00000000000000 0.00000000000000 0.00000000000000 0.00000000000000 0.00000000000000 0.00000000000000 0.00000000000000 0.00000000000000 0.00000000000000 0.00000000000000 0.00000000000000 0.00000000000000 0.00000000000000 0.00000000000000 0.00000000000000 0.00000000000000 0.00000000000000 0.00000000000000 0.00000000000000 0.00000000000000 0.00000000000000 0.00000000000000 0.00000000000000 0.00000000000000 0.00000000000000 0.00000000000000 0.00000000000000 0.00000000000000 0.00000000000000 0.00000000000000 0.00000000000000 0.00000000000000 0.00000000000000 0.00000000000000 0.00000000000000 0.00000000000000 0.00000000000000 0.00000000000000
# log_avg_rec:
20.8242738708
# rec_devs:
 0.143772379490 0.117827049181 0.488193068762 1.23597749445 0.612463186022 0.580741756768 0.235412639914 0.568439568477 1.57133600892 1.90634706144 1.75253447593 0.908298529478 -0.352341409685 -0.469580917473 -0.157255673418 -0.131367152056 -0.287055965765 -0.649623490569 -0.434297391254 0.427568030650 0.494996003858 0.482646855782 0.350177421389 -0.314803477855 -1.13402479599 0.0317350551544 0.932045773588 0.339704537141 0.139835511152 0.161713609780 0.244393062114 0.408917445316 1.89393632885 1.82609586926 1.53140266830 -0.809806118329 -1.84393261724 -2.13383921170 -1.29276690809 -0.649320485888 1.03852805073 0.00000000000
# sigma_m:
 1.00000000000 1.00000000000 1.00000000000
# log_m_mu:
 -1.35304252454 -0.774265269341 -0.898714222152
# prop_rec:
 14.2475845422 2.92523390919
# sigma_q:
 0.100000000000 0.100000000000
# log_f:
0.137364288540
# f_dev:
 -1.26759420473 -1.90892319061 -0.423002024106 0.284588402348 -0.0126091988456 0.0677592058595 -0.224859814459 -0.282803903807 0.702526517891 0.549135195358 1.51074530161 0.814354978046 0.768999803028 0.388100123116 0.451769163682 0.501859313099 0.993882459758 -0.907380856793 -0.964572014743 0.0469564766540 0.201392692766 -0.879193045229 -1.17496082143 -0.517186111623 0.0946974880923 0.338848903704 -0.183859282582 -0.956451610195 -1.79369788617 -0.810020232891 0.0192285880820 0.414319310282 0.650836375499 0.438169958566 -0.130020022986 -0.0186076888112 1.03247539029 1.53201621438 1.78753546265 -1.13445541475
# fish_ret_sel_50:
96.9093135878
# fish_ret_sel_50_post:
102.052587454
# fish_ret_sel_slope:
0.214615473913
# fish_ret_sel_slope_post:
0.297361035028
# fish_tot_sel_offset:
-9.26537854540
# fish_tot_sel_offset_dev:
 22.3787047713 -39.9999804988 -8.73124616593 -39.0189417813 -12.5245977057 -17.8489122279 -39.6623135614 -36.9659487647 4.37690589297 18.6587126189 39.2302891478 16.1205269340 -27.9392076586 16.5988543103 25.4504152590 0.449991760508 -39.9062145235 38.0301766676 28.6717518905 -31.7200826129 7.11794069090 36.2648478338 -25.8237451399 34.4860865807 37.5286213576 -26.7047613783 -19.3747769924 21.5734753718 6.93911839227 -24.4283314978 -39.8738125998 -39.5075594830 13.1991686126 31.6767845449 24.1680284044 26.3730916038 24.6170800679 39.9418825899 -5.18767940360 -38.6343433081
# fish_tot_sel_slope:
-1.62410673870
# surv_omega:
0.430761074792
# surv_alpha1:
0.179560322667
# surv_beta1:
41.6216035018
# surv_alpha2:
0.106071958570
# surv_beta2:
111.589707782
