# Number of parameters = 308 Objective function value = 308.524545370249  Maximum gradient component = 0.000848532943131828
# log_n_imm:
 18.5624216259437 19.6727504312148 19.7547025661497 19.9026478592944 19.8713348821782 19.7893762340319 19.4940861811654 19.4072705887817 19.3791926112177 18.8505158667391 18.3241506872998 18.3689150961542 17.8283180597657 16.7965963396780 15.2468320282767 13.2765563900770 11.9711878369532 10.3162635145701 9.60531327587475 8.24089991775225 6.50825451296180
# log_n_mat:
 17.7545502997272 11.5477805632807 15.7576247284317 17.4077201018044 18.3652907081779 18.9527878446501 19.0075193980205 18.8872838155672 18.9274497566602 19.0203393204535 18.8414822810549 18.4289049486485 18.0582049884946 18.2773794412044 18.2089760042455 17.5262719930254 16.6925524762388 15.6785790837578 14.6322965519057 13.3564295052272 12.0372489358112
# nat_m_dev:
 -0.117884114426477 -0.415183017236781 -0.561905553055430 -1.04079565027063 -1.13738623682859 -0.907317674412149 -0.675296807777035 -0.407391895912620 -0.176443788037815 0.0881428802748256 -0.0293247161797805 0.187607101773046 0.135082694197251 0.229345179981779 0.558241424859809 0.685362735008231 0.224047345855762 -0.685281279171782 -0.454619157028167 0.229115280998873 -0.148424962595324 -0.286327875875783 -0.330060370103943 -0.259779918755845 -0.413057187548205 -0.322287684547923 -0.456483935188647 -0.383039240550237 0.328169532245667 0.287206465128521 0.0223313745776809 -0.0227380641216162 0.618745345500305 0.508433160362409 -0.135090694401326 -0.372240085434481 0.525053853916933 1.90222636384330 0.00000000000000 -0.782265722266507 -0.270087095882740 0.261589370561654
# nat_m_mat_dev:
 -0.238184309337081 0.594679408738358 1.32150469491305 -0.547970181270427 -1.28075852915104 -0.941832198200167 -0.275298598866787 -0.118795453274124 0.231653637409884 1.00245348622983 0.0770151210165410 -0.0118941757697991 0.0899243284480668 0.613522995145670 0.540718760450907 0.550957596942371 0.686790805144373 -0.482349016040112 -0.638286673700621 0.343467246698922 0.229455596687046 -0.300276414153747 -0.375184655272205 0.426943675811263 0.625439274491258 0.537187961137293 0.0451628914324180 -0.802004568659489 -0.877894063950257 -0.230556203765379 0.716382620503247 0.131196953562494 0.590648147887574 0.273937929678657 -0.0776490167627265 0.0254052060681928 0.810003811676042 1.24200168571376 0.00000000000000 0.674511968007081 -0.103628922508518 -1.07834803715177
# nat_m_lg_dev:
 3.88597744947260 -1.43066677445698 3.90596351618146 3.83825157369503 2.07001942584958 -2.24362281391922 1.41043031078451 3.91013255168750 3.54372620309161 -3.53098525592616 -2.03535668538768 3.98466955422895 -2.37787566331679 0.349109344464309 0.830019285356564 -3.85122118160474 1.57107760997330 3.18863952686405 -1.47435537748730 -3.56322877253522 2.38569571571658 -2.17751524154969 -3.72952946957802 0.315399226650089 -2.69487841183287 1.06450953293272 2.18408360353813 -1.83137001655946 3.88142442655053 -3.47634425264412 -0.122316179132042 3.42776392144564 -2.97253895883689 -1.99259855923421 -2.92293884762178 2.98015239962095 3.82576370125863 -3.97724691084115 -3.75901056051959 0.993121911129687 -1.58613858594869 -1.79619227155984
# q_dev:
 0.00000000000000 0.00000000000000 0.00000000000000 0.00000000000000 0.00000000000000 0.00000000000000 0.00000000000000 0.00000000000000 0.00000000000000 0.00000000000000 0.00000000000000 0.00000000000000 0.00000000000000 0.00000000000000 0.00000000000000 0.00000000000000 0.00000000000000 0.00000000000000 0.00000000000000 0.00000000000000 0.00000000000000 0.00000000000000 0.00000000000000 0.00000000000000 0.00000000000000 0.00000000000000 0.00000000000000 0.00000000000000 0.00000000000000 0.00000000000000 0.00000000000000 0.00000000000000 0.00000000000000 0.00000000000000 0.00000000000000 0.00000000000000 0.00000000000000 0.00000000000000 0.00000000000000 0.00000000000000 0.00000000000000 0.00000000000000
# q_mat_dev:
 0.00000000000000 0.00000000000000 0.00000000000000 0.00000000000000 0.00000000000000 0.00000000000000 0.00000000000000 0.00000000000000 0.00000000000000 0.00000000000000 0.00000000000000 0.00000000000000 0.00000000000000 0.00000000000000 0.00000000000000 0.00000000000000 0.00000000000000 0.00000000000000 0.00000000000000 0.00000000000000 0.00000000000000 0.00000000000000 0.00000000000000 0.00000000000000 0.00000000000000 0.00000000000000 0.00000000000000 0.00000000000000 0.00000000000000 0.00000000000000 0.00000000000000 0.00000000000000 0.00000000000000 0.00000000000000 0.00000000000000 0.00000000000000 0.00000000000000 0.00000000000000 0.00000000000000 0.00000000000000 0.00000000000000 0.00000000000000
# q_lg_dev:
 0.00000000000000 0.00000000000000 0.00000000000000 0.00000000000000 0.00000000000000 0.00000000000000 0.00000000000000 0.00000000000000 0.00000000000000 0.00000000000000 0.00000000000000 0.00000000000000 0.00000000000000 0.00000000000000 0.00000000000000 0.00000000000000 0.00000000000000 0.00000000000000 0.00000000000000 0.00000000000000 0.00000000000000 0.00000000000000 0.00000000000000 0.00000000000000 0.00000000000000 0.00000000000000 0.00000000000000 0.00000000000000 0.00000000000000 0.00000000000000 0.00000000000000 0.00000000000000 0.00000000000000 0.00000000000000 0.00000000000000 0.00000000000000 0.00000000000000 0.00000000000000 0.00000000000000 0.00000000000000 0.00000000000000 0.00000000000000
# log_avg_rec:
20.8268795293
# rec_devs:
 0.141168691768 0.115221798673 0.485587939250 1.23337216283 0.609857518781 0.578135556678 0.232807723479 0.565833873351 1.56873122829 1.90374210252 1.74992835211 0.905691889537 -0.354946005536 -0.472184721006 -0.159859256475 -0.133970712026 -0.289659699176 -0.652227627851 -0.436901416430 0.424963178169 0.492389943217 0.480041647736 0.347571327720 -0.317407658205 -1.13663157046 0.0291305180154 0.929443062113 0.337102851575 0.137231304550 0.159107827956 0.241787420863 0.406311008278 1.89133166708 1.82349105976 1.52879830936 -0.812411501079 -1.84653639784 -2.13644228059 -1.29537281656 -0.651925422453 1.03592200813 0.00000000000
# sigma_m:
 1.00000000000 1.00000000000 1.00000000000
# log_m_mu:
 -1.35304204146 -0.774265564196 -0.993806288195
# prop_rec:
 14.2476015265 2.92524495530
# sigma_q:
 0.100000000000 0.100000000000
# log_f:
0.137367220897
# f_dev:
 -1.26759530679 -1.90892363073 -0.423001287768 0.284589323844 -0.0126086465575 0.0677597954005 -0.224860029315 -0.282804302269 0.702525445352 0.549135459159 1.51074670803 0.814354504718 0.768998582760 0.388099085449 0.451768647713 0.501858397287 0.993882303178 -0.907380683648 -0.964572110294 0.0469571331666 0.201393423363 -0.879192787617 -1.17496068519 -0.517186139426 0.0946984865907 0.338849504513 -0.183858796715 -0.956451868638 -1.79369913936 -0.810021410482 0.0192280373796 0.414318540309 0.650837581514 0.438170836470 -0.130019435828 -0.0186066095814 1.03247590180 1.53201539528 1.78753515677 -1.13445537985
# fish_ret_sel_50:
96.9093079475
# fish_ret_sel_50_post:
102.052586104
# fish_ret_sel_slope:
0.214615406292
# fish_ret_sel_slope_post:
0.297360855460
# fish_tot_sel_offset:
-9.26540747301
# fish_tot_sel_offset_dev:
 -37.7214401157 23.3140975623 29.3840281584 -38.0807656637 11.7899441679 -5.96606360810 13.0688995242 -39.8212514715 -39.9793576107 -23.6087595225 34.4894864359 24.6867037920 19.5270553469 4.28800393449 -29.2147479699 32.9799956035 7.62404590641 -38.2545743956 35.0690809397 -33.9932239352 35.3582891657 36.7209544919 5.23409109752 38.4630752717 -11.4408751006 33.4113022936 -38.6022277627 33.0527461818 -6.10421274806 -28.1698984911 7.29186203387 -37.8610934069 37.0736379307 8.27131316336 -25.1070189947 -39.9392528564 2.83698674799 -14.4423788148 -22.1689008132 36.5404435321
# fish_tot_sel_slope:
-1.62410718395
# surv_omega:
0.569239022577
# surv_alpha1:
0.106071902474
# surv_beta1:
111.589699644
# surv_alpha2:
0.179560179164
# surv_beta2:
41.6216086919
