# Number of parameters = 308 Objective function value = 308.524545362738  Maximum gradient component = 0.000507251494055183
# log_n_imm:
 18.5624319566213 19.6727487790448 19.7547034885080 19.9026467822064 19.8713351087906 19.7893761065731 19.4940857980052 19.4072707404776 19.3791919487403 18.8505163428431 18.3241505178970 18.3689147300026 17.8283172980129 16.7965968127876 15.2468368319613 13.2765648595294 11.9710259138284 10.3162923800398 9.60502822134094 8.24214056801094 6.50354451145885
# log_n_mat:
 17.7545514154208 11.5477152151656 15.7576180656636 17.4077247866974 18.3652906623522 18.9527879837122 19.0075194521657 18.8872842677777 18.9274498073531 19.0203392393759 18.8414818303808 18.4289049742490 18.0582054437117 18.2773792088495 18.2089758197443 17.5262710522122 16.6925542106152 15.6785785208115 14.6322981881709 13.3564224032497 12.0372550981855
# nat_m_dev:
 -0.117883455821286 -0.415182530560207 -0.561908792977851 -1.04079619012909 -1.13738630989369 -0.907319356890317 -0.675296802307382 -0.407395529986335 -0.176443821506603 0.0881404432929158 -0.0293274396460173 0.187619700095105 0.135080424494311 0.229346310156439 0.558242952270264 0.685363089185827 0.224041399146132 -0.685280409825233 -0.454617918887014 0.229110186258999 -0.148422146742219 -0.286330751084282 -0.330059359381538 -0.259778543225201 -0.413055069377167 -0.322285583771893 -0.456482955261273 -0.383037940739386 0.328169272811100 0.287205482804233 0.0223323417194500 -0.0227383724436328 0.618745462342286 0.508436393321752 -0.135090628979593 -0.372239775851636 0.525050225388685 1.90222688654911 0.00000000000000 -0.782265987558644 -0.270087159906580 0.261589630597575
# nat_m_mat_dev:
 -0.238182217123361 0.594677956055585 1.32150510761397 -0.547969225908909 -1.28075886986575 -0.941832000348318 -0.275297040430239 -0.118796632376570 0.231653369700874 1.00245419425239 0.0770177244297107 -0.0118922726714502 0.0899239022441495 0.613523799331101 0.540716847022084 0.550956791741681 0.686790875966628 -0.482348488342717 -0.638288898652873 0.343467289689757 0.229455727577270 -0.300274028405700 -0.375183771827851 0.426946832948278 0.625438756028736 0.537188876276392 0.0451613500440092 -0.802004962135924 -0.877894465299978 -0.230556906639296 0.716382802635800 0.131196895007665 0.590647998531243 0.273938177511997 -0.0776523502539240 0.0254016353026075 0.810004392798795 1.24200165689628 0.00000000000000 0.674512025642851 -0.103629849066796 -1.07834821657109
# nat_m_lg_dev:
 0.894321000276644 -3.44836811287182 3.39845564341059 0.611784746027026 -3.99060201464979 -1.12786559484559 -1.80636989771086 -2.87721035855789 0.0463361174938015 2.60650901776557 -3.11722975711729 -0.759123240955876 -1.77667205806055 0.661029191553863 0.0897112843293178 -0.731735936400458 -3.31611117319898 -3.46881070866694 1.36433833775698 3.07447584059605 3.72349942305777 -1.20422643754098 0.864911369603012 3.25301659452753 2.30852195378775 -3.99715460358182 2.42220367124815 3.43936760971803 -0.394640356407904 -0.608481638089027 -1.71366537887254 1.41296087713647 -3.30774365747843 3.61724102176748 3.50545580728540 -3.90616364927367 3.79698697516289 -3.12708717713023 2.44139718464575 0.761586529270786 -2.90981263420947 3.29496418919925
# q_dev:
 0.00000000000000 0.00000000000000 0.00000000000000 0.00000000000000 0.00000000000000 0.00000000000000 0.00000000000000 0.00000000000000 0.00000000000000 0.00000000000000 0.00000000000000 0.00000000000000 0.00000000000000 0.00000000000000 0.00000000000000 0.00000000000000 0.00000000000000 0.00000000000000 0.00000000000000 0.00000000000000 0.00000000000000 0.00000000000000 0.00000000000000 0.00000000000000 0.00000000000000 0.00000000000000 0.00000000000000 0.00000000000000 0.00000000000000 0.00000000000000 0.00000000000000 0.00000000000000 0.00000000000000 0.00000000000000 0.00000000000000 0.00000000000000 0.00000000000000 0.00000000000000 0.00000000000000 0.00000000000000 0.00000000000000 0.00000000000000
# q_mat_dev:
 0.00000000000000 0.00000000000000 0.00000000000000 0.00000000000000 0.00000000000000 0.00000000000000 0.00000000000000 0.00000000000000 0.00000000000000 0.00000000000000 0.00000000000000 0.00000000000000 0.00000000000000 0.00000000000000 0.00000000000000 0.00000000000000 0.00000000000000 0.00000000000000 0.00000000000000 0.00000000000000 0.00000000000000 0.00000000000000 0.00000000000000 0.00000000000000 0.00000000000000 0.00000000000000 0.00000000000000 0.00000000000000 0.00000000000000 0.00000000000000 0.00000000000000 0.00000000000000 0.00000000000000 0.00000000000000 0.00000000000000 0.00000000000000 0.00000000000000 0.00000000000000 0.00000000000000 0.00000000000000 0.00000000000000 0.00000000000000
# q_lg_dev:
 0.00000000000000 0.00000000000000 0.00000000000000 0.00000000000000 0.00000000000000 0.00000000000000 0.00000000000000 0.00000000000000 0.00000000000000 0.00000000000000 0.00000000000000 0.00000000000000 0.00000000000000 0.00000000000000 0.00000000000000 0.00000000000000 0.00000000000000 0.00000000000000 0.00000000000000 0.00000000000000 0.00000000000000 0.00000000000000 0.00000000000000 0.00000000000000 0.00000000000000 0.00000000000000 0.00000000000000 0.00000000000000 0.00000000000000 0.00000000000000 0.00000000000000 0.00000000000000 0.00000000000000 0.00000000000000 0.00000000000000 0.00000000000000 0.00000000000000 0.00000000000000 0.00000000000000 0.00000000000000 0.00000000000000 0.00000000000000
# log_avg_rec:
21.3005104268
# rec_devs:
 -0.332463757180 -0.358409124262 0.0119567752641 0.759740803864 0.136226126075 0.104504648858 -0.240823790646 0.0922042203046 1.09510134751 1.43011324833 1.27629990004 0.432060908005 -0.828577460769 -0.945815512897 -0.633491487471 -0.607603420298 -0.763291888843 -1.12585926148 -0.910532266656 -0.0486676068095 0.0187594213983 0.00641187184348 -0.126058999777 -0.791037282175 -1.61026126442 -0.444499848902 0.455811868507 -0.136528485322 -0.336399219228 -0.314523411719 -0.231843152109 -0.0673180678092 1.41770127231 1.34986007037 1.05516578446 -1.28604192140 -2.32016908177 -2.61007273231 -1.76900285462 -1.12555576616 0.562292068900 0.00000000000
# sigma_m:
 1.00000000000 1.00000000000 1.00000000000
# log_m_mu:
 -1.35304222407 -0.774265451286 -1.19338671755
# prop_rec:
 14.2475851348 2.92523201975
# sigma_q:
 0.100000000000 0.100000000000
# log_f:
0.137367524141
# f_dev:
 -1.26759492970 -1.90892359599 -0.423001480479 0.284589824207 -0.0126085347544 0.0677597496904 -0.224859521019 -0.282804088261 0.702525086376 0.549134865692 1.51074671893 0.814354521332 0.768998988701 0.388100040769 0.451769119331 0.501858346071 0.993882122311 -0.907380035020 -0.964571977720 0.0469566536362 0.201392917893 -0.879193095779 -1.17496093283 -0.517185232361 0.0946989092630 0.338849987704 -0.183858632288 -0.956452006144 -1.79369909792 -0.810021443286 0.0192279380402 0.414319057514 0.650837492444 0.438171069083 -0.130019865703 -0.0186080179446 1.03247477947 1.53201517332 1.78753457532 -1.13445544991
# fish_ret_sel_50:
96.9093078754
# fish_ret_sel_50_post:
102.052586325
# fish_ret_sel_slope:
0.214615408743
# fish_ret_sel_slope_post:
0.297360843157
# fish_tot_sel_offset:
-9.26540822714
# fish_tot_sel_offset_dev:
 5.07102840942 2.52589909828 -28.9616192778 -33.9088498260 31.4102085031 31.9641159994 25.5045529407 -8.71121221443 9.37103765094 32.7499434852 -7.58877139009 37.0335758103 -39.9778764668 -23.9004866421 6.61630016623 33.4129562546 6.14951004604 14.6330812658 29.7557670790 -20.2090069732 -2.50334220901 -39.4077234806 26.2617364430 -0.154244999991 11.9144289006 7.15714703446 -24.9115662952 -11.4858382790 25.5892109289 -38.2035890961 4.32090618002 -17.5267337134 -9.64856295085 -20.9842297687 -12.6187302794 -30.1677025305 -12.9966853131 -29.8247915969 39.9923745137 32.2577825932
# fish_tot_sel_slope:
-1.62410717932
# surv_omega:
0.569238986450
# surv_alpha1:
0.106071931051
# surv_beta1:
111.589700703
# surv_alpha2:
0.179560255767
# surv_beta2:
41.6216099119
