# Number of parameters = 308 Objective function value = 448.033385176588  Maximum gradient component = 1346.92844272871
# log_n_imm:
 14.4039902293490 18.7063412486101 20.0011186769779 19.6406785216834 19.7334173126484 19.8304715715011 19.4397283648617 20.6992599294494 19.2189978111450 18.7106349595106 18.1058281021351 18.2079720027265 17.5776456691884 16.7795975714691 14.8089544586267 14.4072890028457 10.1706324770964 9.87226223072872 9.37187078700687 8.37251611971626 5.79887440010279
# log_n_mat:
 15.9031033772509 10.2393069096206 14.7024143091789 17.2264212879378 18.6789201454955 19.3130819637019 19.3262468521682 19.0088406824973 19.1288931862996 19.1238145304186 18.4952613136228 17.8495406205397 18.0025900245472 18.0887480027542 17.9193425760938 17.4957772664691 16.0560060807825 15.7140146108852 14.2542273966112 13.3708781614847 10.3196736966722
# nat_m_dev:
 0.597217993051014 -0.0259816646703075 -0.542929915325768 -1.15271344694905 -0.958377385177810 -0.964175240996266 -0.356710079983805 -0.280909311642743 -0.147104866432775 0.447767866331818 0.149358395518808 -0.126626672361150 0.140976994595658 0.581464046927198 0.592530789270928 0.913670816322289 0.198908314382217 -0.531996523179012 -0.227679445294513 0.0359984690826849 -0.535551140987961 -0.451963701317866 -0.250505417805884 -0.586411089349486 -0.478658552350454 -0.405908701742069 -0.436043449413803 -0.267966815992152 -0.256878412219530 0.381942524658514 -0.250145893296860 -0.342751334395499 0.439930235552909 -0.117734977714347 -0.438041744901312 -0.354146371520794 0.591223170401341 1.88445358837212 0.00000000000000 -0.688940044346409 -0.201220036540106 0.547218960971013
# nat_m_mat_dev:
 0.445756160069665 -0.412247685073137 1.23257411748115 -0.424380108419888 -1.26575989622371 -1.29195629495600 -0.611683477670437 0.205943806590078 0.263762462132926 1.03567219289341 -0.0677611650832281 -0.103421978715591 0.116106708269786 0.650943733877164 0.616702806038569 0.582339343939901 0.731065792260944 -0.514354342014131 -0.583386844048628 0.384558760521576 0.255251541146320 -0.164456908654869 -0.198263851601921 0.404063643090127 0.599502989641808 0.686986666549005 0.388871772966454 -0.639419647258974 -0.809262830918321 -0.299075600094603 0.557256096049552 0.227325726356856 0.734732330528906 0.172014860489619 -0.737089176414004 -0.335362678289457 0.574140703560950 1.44005090830449 0.00000000000000 0.858060651686866 0.100737436561685 -1.00154837369313
# nat_m_lg_dev:
 -0.275939474143506 0.0448087327534640 0.0727974190809669 -0.289401945711272 -0.184070293595585 0.0986749058799693 0.191135969128895 0.00749997918361265 0.190492322312911 -0.0151997120252879 0.414015326181864 -0.341448904812191 -0.475220003217651 0.192845592879136 0.0202588257636115 0.556949143935235 0.0377275777126879 0.0311130519594124 -0.237489312410514 0.381701165246724 -0.334501189595363 0.0406269908310471 -0.136915983547620 0.125614447229611 0.0148574061095391 0.189541726355911 -0.152144119563313 -0.198556328875056 -0.0565131671269551 -0.203451926773955 -0.374388334062414 0.331878297731516 0.141578157459133 0.0397146825328775 -0.00410244888301160 0.197772366035978 0.220944392234086 -0.268907502381820 0.235405708919077 0.194786194148654 -0.354480762875030 -0.0700089720053753
# q_dev:
 0.00000000000000 0.00000000000000 0.00000000000000 0.00000000000000 0.00000000000000 0.00000000000000 0.00000000000000 0.00000000000000 0.00000000000000 0.00000000000000 0.00000000000000 0.00000000000000 0.00000000000000 0.00000000000000 0.00000000000000 0.00000000000000 0.00000000000000 0.00000000000000 0.00000000000000 0.00000000000000 0.00000000000000 0.00000000000000 0.00000000000000 0.00000000000000 0.00000000000000 0.00000000000000 0.00000000000000 0.00000000000000 0.00000000000000 0.00000000000000 0.00000000000000 0.00000000000000 0.00000000000000 0.00000000000000 0.00000000000000 0.00000000000000 0.00000000000000 0.00000000000000 0.00000000000000 0.00000000000000 0.00000000000000 0.00000000000000
# q_mat_dev:
 0.00000000000000 0.00000000000000 0.00000000000000 0.00000000000000 0.00000000000000 0.00000000000000 0.00000000000000 0.00000000000000 0.00000000000000 0.00000000000000 0.00000000000000 0.00000000000000 0.00000000000000 0.00000000000000 0.00000000000000 0.00000000000000 0.00000000000000 0.00000000000000 0.00000000000000 0.00000000000000 0.00000000000000 0.00000000000000 0.00000000000000 0.00000000000000 0.00000000000000 0.00000000000000 0.00000000000000 0.00000000000000 0.00000000000000 0.00000000000000 0.00000000000000 0.00000000000000 0.00000000000000 0.00000000000000 0.00000000000000 0.00000000000000 0.00000000000000 0.00000000000000 0.00000000000000 0.00000000000000 0.00000000000000 0.00000000000000
# q_lg_dev:
 0.00000000000000 0.00000000000000 0.00000000000000 0.00000000000000 0.00000000000000 0.00000000000000 0.00000000000000 0.00000000000000 0.00000000000000 0.00000000000000 0.00000000000000 0.00000000000000 0.00000000000000 0.00000000000000 0.00000000000000 0.00000000000000 0.00000000000000 0.00000000000000 0.00000000000000 0.00000000000000 0.00000000000000 0.00000000000000 0.00000000000000 0.00000000000000 0.00000000000000 0.00000000000000 0.00000000000000 0.00000000000000 0.00000000000000 0.00000000000000 0.00000000000000 0.00000000000000 0.00000000000000 0.00000000000000 0.00000000000000 0.00000000000000 0.00000000000000 0.00000000000000 0.00000000000000 0.00000000000000 0.00000000000000 0.00000000000000
# log_avg_rec:
20.9799892683
# rec_devs:
 -0.0552703784732 -0.291249736728 0.218286195676 0.751784543025 0.841071964452 0.288106884516 0.152704771160 0.0600441179076 1.00620685165 1.55478696483 1.53730354204 0.962734889922 -0.278724840152 -0.958290153334 -0.520656242676 -0.554292781948 -0.800526650187 -0.973555225498 -1.03554719633 -0.0425390017762 -0.0928558548685 0.322065619043 -0.345439596061 -0.0984567646649 -1.90553708252 -0.513362014549 0.271951102460 0.0535060885665 -0.667500860610 -0.233299519830 -0.453411303215 -0.727851639110 1.14448269056 1.19798057580 1.26863242002 -0.572550219483 -1.51745774495 -3.24196612493 -2.28354660205 -0.802598720465 0.0395598241903 0.00000000000
# sigma_m:
 1.00000000000 1.00000000000 1.00000000000
# log_m_mu:
 -1.46210962706 -0.816023791401 -1.58056897245
# prop_rec:
 44.6179427326 28.9809351613
# sigma_q:
 0.100000000000 0.100000000000
# log_f:
0.337778160161
# f_dev:
 -0.956374370894 -1.89791149448 -0.841364042019 -0.0853770309205 -0.0464591429803 0.359790308995 -0.0783639100300 0.000239238643870 0.895859322050 0.431510661221 1.60507674540 1.01664301847 0.850240283790 0.536937153119 0.545827459360 0.557969963653 1.11081905583 -0.862830752734 -0.843923784382 0.122637727979 0.420715567953 -0.910768249593 -1.03401044272 -0.215321524338 0.118295460347 0.398641210033 -0.00606618273838 -0.704826545025 -1.73060976403 -0.703080455587 -0.121610993392 0.215466656784 0.546071261211 0.388145986066 -0.509573775644 -0.558349287607 0.282904434405 1.15386126461 1.49691415070 -0.947745181499
# fish_ret_sel_50:
96.4635256867
# fish_ret_sel_50_post:
94.8747990624
# fish_ret_sel_slope:
0.223372429579
# fish_ret_sel_slope_post:
0.0829883279210
# fish_tot_sel_offset:
-9.47103345497
# fish_tot_sel_offset_dev:
 -19.7802837991 5.54070007373 6.55612681982 4.50090299762 5.84935455549 8.96924670329 -2.26436386294 -7.22461482381 8.77381450221 -9.92968404084 10.3459565579 10.3130560641 5.39147622915 -12.0496529203 9.39527495093 -12.9123981682 -7.54769056693 -11.8713247553 -3.01249216265 4.76957236068 7.41818822598 -12.1099624310 8.05728191883 9.48813021607 8.97696084868 8.51133422954 -6.91452104870 -13.5139073190 3.81755741108 -6.10568255035 -2.94177087601 -6.63774264329 2.39788872195 7.65331493963 2.07464125297 -3.92092521119 2.03946048028 -1.22221669036 10.5128344222 -11.3938406123
# fish_tot_sel_slope:
-1.52694429767
# surv_omega:
0.219624073287
# surv_alpha1:
8.99378368536
# surv_beta1:
113.098002388
# surv_alpha2:
0.0321490433666
# surv_beta2:
64.1130863531
