# Number of parameters = 308 Objective function value = 308.524545409620  Maximum gradient component = 0.000400342745609430
# log_n_imm:
 18.5624203515970 19.6727492376769 19.7547013103634 19.9026481682321 19.8713338416706 19.7893755629262 19.4940860188547 19.4072702134243 19.3791912656146 18.8505150699599 18.3241501584231 18.3689150235525 17.8283181432540 16.7965992678805 15.2468340037715 13.2765626100974 11.9709774119438 10.3162956277026 9.60491177816823 8.25592377789892 6.52966034451491
# log_n_mat:
 17.7545513462438 11.5477229085589 15.7576382193799 17.4077287189712 18.3652947592486 18.9527923263362 19.0075237544129 18.8872885376300 18.9274548522878 19.0203435258693 18.8414861022295 18.4289090021916 18.0582086905473 18.2773817033255 18.2089798774168 17.5262753649291 16.6925580399068 15.6785835572521 14.6323022763206 13.3563551433737 12.0371771184753
# nat_m_dev:
 -0.117888538281885 -0.415183282586538 -0.561907365805135 -1.04079886002588 -1.13738596703465 -0.907318646731940 -0.675297679990779 -0.407391409358671 -0.176442512589991 0.0881387567471672 -0.0293287828193553 0.187619534453945 0.135085205089227 0.229343646332651 0.558243952971021 0.685362293910386 0.224043908497375 -0.685279309370977 -0.454616453324329 0.229110003432979 -0.148423044888037 -0.286331283309630 -0.330062347110158 -0.259776435788731 -0.413055066424285 -0.322286989968828 -0.456482584631334 -0.383037845383584 0.328171079788937 0.287205036451125 0.0223352172117200 -0.0227420777605107 0.618746677830593 0.508434128322529 -0.135090637153863 -0.372239362521660 0.525052164362428 1.90222674557668 0.00000000000000 -0.782267343932103 -0.270087283771969 0.261590141817961
# nat_m_mat_dev:
 -0.238158374967105 0.594674368101673 1.32150539474058 -0.547970525559982 -1.28075887980573 -0.941830690537565 -0.275297415508353 -0.118796552982695 0.231652650858930 1.00245328088619 0.0770156374154785 -0.0118911623538067 0.0899233792400778 0.613523299451017 0.540717100117571 0.550957524312644 0.686789343738302 -0.482349320284286 -0.638288402783624 0.343468976285362 0.229452994457113 -0.300276274343690 -0.375184787222148 0.426944494713302 0.625440233847174 0.537185585486791 0.0451644587823741 -0.802007812073371 -0.877898068102841 -0.230556157416244 0.716382688777561 0.131196452773737 0.590646610824117 0.273937569896509 -0.0776531802195754 0.0254052318380782 0.810001587336338 1.24200210307511 0.00000000000000 0.674510263013299 -0.103629322297771 -1.07834951715365
# nat_m_lg_dev:
 -3.09714643837459 -2.47236515581595 1.29417106556059 -3.96970877780661 -3.69910360011019 3.34688107359064 3.47460823921208 3.60449403096591 3.25764684792032 3.37659451747552 0.182640391033811 -3.53544860453010 -3.17043659549905 -2.64971432898173 -0.636281699125295 3.56476186551222 -0.863841931452991 -1.91603504746384 3.95223332211329 -0.696430967077786 2.26251318137136 3.50133466897891 3.82926375955485 -2.19352199128890 3.96966701723026 0.192705451089038 -3.98432505908647 -3.98889841193274 -3.83572472612893 3.96382043473666 3.76855254132176 -1.19944026529807 3.59868023540520 -3.87202666935837 3.42158331447082 -2.86047729559315 -0.742079504571504 -0.863846976149959 -0.162045667545726 -3.30881299983671 -2.31031212290998 1.46587287839541
# q_dev:
 0.00000000000000 0.00000000000000 0.00000000000000 0.00000000000000 0.00000000000000 0.00000000000000 0.00000000000000 0.00000000000000 0.00000000000000 0.00000000000000 0.00000000000000 0.00000000000000 0.00000000000000 0.00000000000000 0.00000000000000 0.00000000000000 0.00000000000000 0.00000000000000 0.00000000000000 0.00000000000000 0.00000000000000 0.00000000000000 0.00000000000000 0.00000000000000 0.00000000000000 0.00000000000000 0.00000000000000 0.00000000000000 0.00000000000000 0.00000000000000 0.00000000000000 0.00000000000000 0.00000000000000 0.00000000000000 0.00000000000000 0.00000000000000 0.00000000000000 0.00000000000000 0.00000000000000 0.00000000000000 0.00000000000000 0.00000000000000
# q_mat_dev:
 0.00000000000000 0.00000000000000 0.00000000000000 0.00000000000000 0.00000000000000 0.00000000000000 0.00000000000000 0.00000000000000 0.00000000000000 0.00000000000000 0.00000000000000 0.00000000000000 0.00000000000000 0.00000000000000 0.00000000000000 0.00000000000000 0.00000000000000 0.00000000000000 0.00000000000000 0.00000000000000 0.00000000000000 0.00000000000000 0.00000000000000 0.00000000000000 0.00000000000000 0.00000000000000 0.00000000000000 0.00000000000000 0.00000000000000 0.00000000000000 0.00000000000000 0.00000000000000 0.00000000000000 0.00000000000000 0.00000000000000 0.00000000000000 0.00000000000000 0.00000000000000 0.00000000000000 0.00000000000000 0.00000000000000 0.00000000000000
# q_lg_dev:
 0.00000000000000 0.00000000000000 0.00000000000000 0.00000000000000 0.00000000000000 0.00000000000000 0.00000000000000 0.00000000000000 0.00000000000000 0.00000000000000 0.00000000000000 0.00000000000000 0.00000000000000 0.00000000000000 0.00000000000000 0.00000000000000 0.00000000000000 0.00000000000000 0.00000000000000 0.00000000000000 0.00000000000000 0.00000000000000 0.00000000000000 0.00000000000000 0.00000000000000 0.00000000000000 0.00000000000000 0.00000000000000 0.00000000000000 0.00000000000000 0.00000000000000 0.00000000000000 0.00000000000000 0.00000000000000 0.00000000000000 0.00000000000000 0.00000000000000 0.00000000000000 0.00000000000000 0.00000000000000 0.00000000000000 0.00000000000000
# log_avg_rec:
21.1876094548
# rec_devs:
 -0.219561947809 -0.245508762655 0.124858104372 0.872642003082 0.249126964943 0.217405083588 -0.127922313785 0.205105660038 1.20800152960 1.54301359496 1.38920120915 0.544963049832 -0.715676763378 -0.832915738482 -0.520590291747 -0.494702534879 -0.650390942035 -1.01295798141 -0.797633000987 0.0642324326022 0.131659836018 0.119311376672 -0.0131576500720 -0.678137865021 -1.49736035408 -0.331599735646 0.568713181789 -0.0236277568583 -0.223499244618 -0.201623081364 -0.118943242137 0.0455809510416 1.53060174005 1.46276055367 1.16806724099 -1.17314139397 -2.20726745984 -2.49717468492 -1.65610259174 -1.01265592669 0.675192713052 0.00000000000
# sigma_m:
 1.00000000000 1.00000000000 1.00000000000
# log_m_mu:
 -1.35304233203 -0.774265381682 -1.34474573318
# prop_rec:
 14.2475939783 2.92524049954
# sigma_q:
 0.100000000000 0.100000000000
# log_f:
0.137367028911
# f_dev:
 -1.26759367790 -1.90892250642 -0.423001526218 0.284589299809 -0.0126095276252 0.0677597239213 -0.224860020329 -0.282804153883 0.702525447464 0.549134973439 1.51074662469 0.814353785865 0.768998724164 0.388100248459 0.451769339428 0.501859041600 0.993882605649 -0.907380895296 -0.964572281344 0.0469575614203 0.201393540273 -0.879193610643 -1.17496180500 -0.517186383611 0.0946988691005 0.338849556696 -0.183858876492 -0.956451558444 -1.79369990751 -0.810021610710 0.0192280217017 0.414319440472 0.650836992410 0.438170880811 -0.130019922061 -0.0186063457861 1.03247503993 1.53201537398 1.78753560982 -1.13445609183
# fish_ret_sel_50:
96.9093081885
# fish_ret_sel_50_post:
102.052587143
# fish_ret_sel_slope:
0.214615399563
# fish_ret_sel_slope_post:
0.297360877715
# fish_tot_sel_offset:
-9.26540512674
# fish_tot_sel_offset_dev:
 39.7767346248 -13.1081306303 34.6181383821 -39.9962791841 -12.0702877590 -36.5768117769 22.6256956920 26.9125540657 32.1206139602 38.8523718964 31.4672333399 -37.0697920612 39.6207555244 -37.2741347021 -39.9984401242 -19.6817466397 38.8640542442 32.3045908357 18.2146276220 -36.3454463121 -33.0729384889 -18.8397465350 4.21225166119 25.0035419523 39.4535452228 -39.9757283254 -39.1922983898 -24.9973692054 -31.3934783188 35.7566433033 38.1610135050 21.4558273667 -39.9166757048 -31.1748426270 29.4229361764 -6.97205560997 37.8107660548 12.6901249925 -22.7671190473 -38.9206989805
# fish_tot_sel_slope:
-1.62410712088
# surv_omega:
0.569239016784
# surv_alpha1:
0.106071902599
# surv_beta1:
111.589694950
# surv_alpha2:
0.179560278759
# surv_beta2:
41.6216052207
