# Number of parameters = 308 Objective function value = 308.524545357845  Maximum gradient component = 0.000768058553223085
# log_n_imm:
 18.5624154289884 19.6727491039798 19.7547040282894 19.9026459360419 19.8713341976423 19.7893753473443 19.4940869585210 19.4072719380468 19.3791909443826 18.8505163383217 18.3241519493832 18.3689157672395 17.8283171323637 16.7965944688623 15.2468726788886 13.2765686421504 11.9707024367646 10.3166855638146 9.60551820718838 8.24208609193296 6.49584892793281
# log_n_mat:
 17.7545658912456 11.5476910845551 15.7576294726400 17.4077337643620 18.3653028991259 18.9527995513109 19.0075320538502 18.8872955817300 18.9274634058617 19.0203513994495 18.8414929605930 18.4289161651491 18.0582139234242 18.2773900763681 18.2089863444551 17.5262823949715 16.6925667566931 15.6785898662294 14.6323137078279 13.3564432293317 12.0373343199861
# nat_m_dev:
 -0.117888826077177 -0.415180154656832 -0.561908864675944 -1.04079604127379 -1.13738582554763 -0.907317279571874 -0.675298105895657 -0.407394639856466 -0.176441778940961 0.0881407662887122 -0.0293295015610266 0.187621911910461 0.135071618065592 0.229352090748232 0.558241562393289 0.685359671845559 0.224044248198619 -0.685281307429659 -0.454619012742663 0.229107493138008 -0.148424733903013 -0.286339622528598 -0.330065264697870 -0.259770478232504 -0.413054031862429 -0.322284057763807 -0.456478989054322 -0.383035066192684 0.328166779506237 0.287211049531557 0.0223346956942271 -0.0227377750662562 0.618742920543614 0.508435600358484 -0.135086333475455 -0.372242097621659 0.525056541920283 1.90222560426829 0.00000000000000 -0.782264114307989 -0.270089473875403 0.261588185869280
# nat_m_mat_dev:
 -0.238107046501842 0.594667271871211 1.32150272379729 -0.547972717955658 -1.28076284741507 -0.941835832109782 -0.275295131507946 -0.118798306912344 0.231649478362988 1.00245216002592 0.0770133504989753 -0.0118917138429929 0.0899230628393803 0.613522054642080 0.540714964726645 0.550957398904468 0.686788234816086 -0.482351948511411 -0.638287731070260 0.343472629946954 0.229445021380692 -0.300275459057560 -0.375181621948213 0.426949613979952 0.625436689618977 0.537189774624233 0.0451601594896950 -0.802009444422164 -0.877898327789427 -0.230557689115276 0.716381846877859 0.131192096393730 0.590646292451138 0.273938010177339 -0.0776510601775609 0.0253994457046562 0.810001039888161 1.24200068493940 0.00000000000000 0.674510601101021 -0.103633086283043 -1.07834984451013
# nat_m_lg_dev:
 0.646648933111404 1.94802191452144 1.03206392362953 3.69182647248718 -0.312574600687333 -2.76952888542838 3.78062902892851 0.639896330055658 -3.26166168597167 3.90520005398212 1.15085001659629 0.0796134695980276 -1.60715391470553 -1.54522653664595 -1.78883202222511 3.99434253056324 2.60305860306640 1.13114680099935 -3.99082214690497 -0.733981331826300 -3.67259109465571 -2.20351270400597 3.55808264351139 -2.60633190312451 3.88558824851021 3.53621988918575 -1.78466288438570 3.62123837058597 -3.52676098355892 3.82709682767282 -2.84477913928620 1.31914712022146 -0.835490113678426 -3.96526999549193 -1.93079605822908 -3.34669905257012 0.0545598046629733 -3.54699078279032 3.54600502885785 -3.18461633626189 -0.984027538814321 2.49107370050078
# q_dev:
 0.00000000000000 0.00000000000000 0.00000000000000 0.00000000000000 0.00000000000000 0.00000000000000 0.00000000000000 0.00000000000000 0.00000000000000 0.00000000000000 0.00000000000000 0.00000000000000 0.00000000000000 0.00000000000000 0.00000000000000 0.00000000000000 0.00000000000000 0.00000000000000 0.00000000000000 0.00000000000000 0.00000000000000 0.00000000000000 0.00000000000000 0.00000000000000 0.00000000000000 0.00000000000000 0.00000000000000 0.00000000000000 0.00000000000000 0.00000000000000 0.00000000000000 0.00000000000000 0.00000000000000 0.00000000000000 0.00000000000000 0.00000000000000 0.00000000000000 0.00000000000000 0.00000000000000 0.00000000000000 0.00000000000000 0.00000000000000
# q_mat_dev:
 0.00000000000000 0.00000000000000 0.00000000000000 0.00000000000000 0.00000000000000 0.00000000000000 0.00000000000000 0.00000000000000 0.00000000000000 0.00000000000000 0.00000000000000 0.00000000000000 0.00000000000000 0.00000000000000 0.00000000000000 0.00000000000000 0.00000000000000 0.00000000000000 0.00000000000000 0.00000000000000 0.00000000000000 0.00000000000000 0.00000000000000 0.00000000000000 0.00000000000000 0.00000000000000 0.00000000000000 0.00000000000000 0.00000000000000 0.00000000000000 0.00000000000000 0.00000000000000 0.00000000000000 0.00000000000000 0.00000000000000 0.00000000000000 0.00000000000000 0.00000000000000 0.00000000000000 0.00000000000000 0.00000000000000 0.00000000000000
# q_lg_dev:
 0.00000000000000 0.00000000000000 0.00000000000000 0.00000000000000 0.00000000000000 0.00000000000000 0.00000000000000 0.00000000000000 0.00000000000000 0.00000000000000 0.00000000000000 0.00000000000000 0.00000000000000 0.00000000000000 0.00000000000000 0.00000000000000 0.00000000000000 0.00000000000000 0.00000000000000 0.00000000000000 0.00000000000000 0.00000000000000 0.00000000000000 0.00000000000000 0.00000000000000 0.00000000000000 0.00000000000000 0.00000000000000 0.00000000000000 0.00000000000000 0.00000000000000 0.00000000000000 0.00000000000000 0.00000000000000 0.00000000000000 0.00000000000000 0.00000000000000 0.00000000000000 0.00000000000000 0.00000000000000 0.00000000000000 0.00000000000000
# log_avg_rec:
21.1464881989
# rec_devs:
 -0.178440143880 -0.204387187183 0.165979198231 0.913763408610 0.290247677419 0.258525664385 -0.0867992834476 0.246224297340 1.24912292281 1.58413435638 1.43032114880 0.586081125818 -0.674550865484 -0.791798719985 -0.479469004692 -0.453582120053 -0.609271060921 -0.971837413211 -0.756511625547 0.105353922617 0.172780533615 0.160434668334 0.0279645891015 -0.637015459187 -1.45623686698 -0.290477946744 0.609835101616 0.0174953911703 -0.182375550853 -0.160502363610 -0.0778206802329 0.0867022305159 1.57172356656 1.50388345990 1.20918896307 -1.13201608992 -2.16614801082 -2.45605217951 -1.61498107542 -0.971534693383 0.716313064366 0.00000000000
# sigma_m:
 1.00000000000 1.00000000000 1.00000000000
# log_m_mu:
 -1.35304226030 -0.774264195050 -1.38830434085
# prop_rec:
 14.2475959201 2.92523768129
# sigma_q:
 0.100000000000 0.100000000000
# log_f:
0.137366510057
# f_dev:
 -1.26759058323 -1.90891715647 -0.423002299983 0.284588778518 -0.0126099939528 0.0677585041114 -0.224860005871 -0.282803802591 0.702525048837 0.549134152966 1.51074611561 0.814354050206 0.768998922293 0.388099915181 0.451768300981 0.501858806937 0.993882995700 -0.907381345168 -0.964573364340 0.0469587565422 0.201393251752 -0.879195032999 -1.17496248653 -0.517185367505 0.0946974296579 0.338848896080 -0.183858306546 -0.956451579565 -1.79369859766 -0.810021502111 0.0192280958561 0.414318867805 0.650836995035 0.438170573740 -0.130019641491 -0.0186070782439 1.03247422716 1.53201588950 1.78753494562 -1.13445537582
# fish_ret_sel_50:
96.9093061992
# fish_ret_sel_50_post:
102.052587647
# fish_ret_sel_slope:
0.214615384696
# fish_ret_sel_slope_post:
0.297360772477
# fish_tot_sel_offset:
-9.26540149650
# fish_tot_sel_offset_dev:
 3.66718731149 31.5068221373 7.17682647733 39.9941425889 -5.52320820590 -30.7475367696 22.3956714232 6.66823100761 -17.7701578225 36.9871005073 36.5425733558 38.4228630359 19.8838879070 30.2050452630 -39.0369200170 -9.04305097682 16.7752639722 5.74408143736 -30.1926109161 -28.5237869184 12.7772674448 -37.9675664161 24.5159256974 -17.2656949089 -0.684275527478 39.9981946471 -38.4819778844 -0.0678386862543 -23.5999511747 14.6089515127 -35.0704857017 -39.9758008720 -19.5060040885 -13.4235931796 -13.5374293336 -5.79761577138 32.7931308085 27.2657135333 -5.80908483229 -35.9042900652
# fish_tot_sel_slope:
-1.62410705061
# surv_omega:
0.569238957908
# surv_alpha1:
0.106071878770
# surv_beta1:
111.589707474
# surv_alpha2:
0.179560192179
# surv_beta2:
41.6216101438
