# Number of parameters = 308 Objective function value = 308.524545370670  Maximum gradient component = 0.000694386910671163
# log_n_imm:
 18.5624236784041 19.6727501838125 19.7547030880827 19.9026472714239 19.8713348897289 19.7893764794507 19.4940861878746 19.4072711209852 19.3791922939864 18.8505167860641 18.3241511452539 18.3689153541653 17.8283178160342 16.7965971968004 15.2468342773438 13.2765619805941 11.9710135270138 10.3162790116909 9.60519530422612 8.24090062428474 6.50833790331208
# log_n_mat:
 17.7545506835996 11.5477195855507 15.7576258947380 17.4077206548265 18.3652905020375 18.9527883333108 19.0075197008230 18.8872844097540 18.9274501821330 19.0203397999492 18.8414825024011 18.4289055320102 18.0582056054298 18.2773791819368 18.2089761049422 17.5262716300612 16.6925543914942 15.6785797032620 14.6322972078649 13.3564292233294 12.0372496868534
# nat_m_dev:
 -0.117883491017403 -0.415181818179240 -0.561907202989955 -1.04079668756520 -1.13738716431697 -0.907319305263587 -0.675297756345906 -0.407394550085555 -0.176442467652428 0.0881398466747277 -0.0293269038516452 0.187619237177668 0.135081380689461 0.229345866685067 0.558242239278591 0.685361938878410 0.224043857077896 -0.685280442719244 -0.454618484066631 0.229109501361875 -0.148423482906288 -0.286329281540566 -0.330059802902179 -0.259778105282444 -0.413055634650379 -0.322285184818978 -0.456483536726385 -0.383038669569421 0.328170523033365 0.287205857329747 0.0223319378445447 -0.0227383071363571 0.618745842542182 0.508435631876584 -0.135090621268405 -0.372240111218498 0.525049246154102 1.90222707364410 0.00000000000000 -0.782265713231204 -0.270087296406549 0.261589422846093
# nat_m_mat_dev:
 -0.238182273534309 0.594678531572506 1.32150463179646 -0.547970157445409 -1.28075902565737 -0.941832329708951 -0.275297570491240 -0.118796311349455 0.231653877064514 1.00245394009779 0.0770167024976440 -0.0118917052046755 0.0899236901313815 0.613523029542269 0.540717482301655 0.550957323593050 0.686790334119261 -0.482348346894499 -0.638288195824194 0.343467878847591 0.229455913173135 -0.300274415196498 -0.375183288603564 0.426945390985037 0.625439160418789 0.537188091565310 0.0451628534358765 -0.802005487942484 -0.877895802570126 -0.230555925559058 0.716382697990912 0.131196448073238 0.590647961255826 0.273937646205973 -0.0776507996522611 0.0254026235775763 0.810003551331811 1.24200223364730 0.00000000000000 0.674511906079622 -0.103629665372050 -1.07834781321346
# nat_m_lg_dev:
 -3.92528652831810 3.84055093637090 3.86628156922491 -3.74068526201889 -2.46462706435040 3.52397995554354 -3.85821140070306 3.72040861446973 1.27856938058562 -3.87517961101543 3.81608440400495 2.63993625207115 3.75906962431330 3.90549982816509 2.86787450159221 3.85811876415505 -3.40898435406427 -3.19505496661057 -1.46760865512387 3.74831953423477 0.997964090538160 1.84527732676403 3.47920438560780 3.01572647675278 -3.88461755317264 -3.95608027653916 3.97958296946846 3.85645805362589 2.13633010457826 -3.58156766578734 1.64152416253727 0.884094911204747 -3.97115256713172 -2.50974757343764 -2.95412558926783 -3.32071382156516 -3.08847350439913 -0.752541841828412 -3.92494086879576 -2.20681442006722 -0.288168472218193 -2.28627384939383
# q_dev:
 0.00000000000000 0.00000000000000 0.00000000000000 0.00000000000000 0.00000000000000 0.00000000000000 0.00000000000000 0.00000000000000 0.00000000000000 0.00000000000000 0.00000000000000 0.00000000000000 0.00000000000000 0.00000000000000 0.00000000000000 0.00000000000000 0.00000000000000 0.00000000000000 0.00000000000000 0.00000000000000 0.00000000000000 0.00000000000000 0.00000000000000 0.00000000000000 0.00000000000000 0.00000000000000 0.00000000000000 0.00000000000000 0.00000000000000 0.00000000000000 0.00000000000000 0.00000000000000 0.00000000000000 0.00000000000000 0.00000000000000 0.00000000000000 0.00000000000000 0.00000000000000 0.00000000000000 0.00000000000000 0.00000000000000 0.00000000000000
# q_mat_dev:
 0.00000000000000 0.00000000000000 0.00000000000000 0.00000000000000 0.00000000000000 0.00000000000000 0.00000000000000 0.00000000000000 0.00000000000000 0.00000000000000 0.00000000000000 0.00000000000000 0.00000000000000 0.00000000000000 0.00000000000000 0.00000000000000 0.00000000000000 0.00000000000000 0.00000000000000 0.00000000000000 0.00000000000000 0.00000000000000 0.00000000000000 0.00000000000000 0.00000000000000 0.00000000000000 0.00000000000000 0.00000000000000 0.00000000000000 0.00000000000000 0.00000000000000 0.00000000000000 0.00000000000000 0.00000000000000 0.00000000000000 0.00000000000000 0.00000000000000 0.00000000000000 0.00000000000000 0.00000000000000 0.00000000000000 0.00000000000000
# q_lg_dev:
 0.00000000000000 0.00000000000000 0.00000000000000 0.00000000000000 0.00000000000000 0.00000000000000 0.00000000000000 0.00000000000000 0.00000000000000 0.00000000000000 0.00000000000000 0.00000000000000 0.00000000000000 0.00000000000000 0.00000000000000 0.00000000000000 0.00000000000000 0.00000000000000 0.00000000000000 0.00000000000000 0.00000000000000 0.00000000000000 0.00000000000000 0.00000000000000 0.00000000000000 0.00000000000000 0.00000000000000 0.00000000000000 0.00000000000000 0.00000000000000 0.00000000000000 0.00000000000000 0.00000000000000 0.00000000000000 0.00000000000000 0.00000000000000 0.00000000000000 0.00000000000000 0.00000000000000 0.00000000000000 0.00000000000000 0.00000000000000
# log_avg_rec:
20.8214689637
# rec_devs:
 0.146578907611 0.120632357592 0.490998293937 1.23878237228 0.615267999873 0.583545842411 0.238218305687 0.571245861705 1.57414280707 1.90915475300 1.75534159168 0.911103299138 -0.349536154529 -0.466774680944 -0.154449767926 -0.128561584593 -0.284249991482 -0.646816970215 -0.431491343734 0.430373768638 0.497801303933 0.485452832091 0.352982994948 -0.311996925076 -1.13121947548 0.0345414679378 0.934853872559 0.342513557256 0.142642445679 0.164518139157 0.247198352007 0.411722617139 1.89674269599 1.82890154488 1.53420800293 -0.807000504724 -1.84112502604 -2.13103217838 -1.28996170229 -0.646514730794 1.04133317984 0.00000000000
# sigma_m:
 1.00000000000 1.00000000000 1.00000000000
# log_m_mu:
 -1.35304204571 -0.774265490157 -1.25849529708
# prop_rec:
 14.2475966359 2.92524120590
# sigma_q:
 0.100000000000 0.100000000000
# log_f:
0.137366901575
# f_dev:
 -1.26759511733 -1.90892369259 -0.423001408988 0.284589329103 -0.0126086592602 0.0677596540630 -0.224859836671 -0.282804283733 0.702525248076 0.549135022841 1.51074641390 0.814354360922 0.768999204754 0.388100040853 0.451769142387 0.501858718341 0.993882412935 -0.907380506269 -0.964572099835 0.0469568654395 0.201393027663 -0.879193233005 -1.17496104691 -0.517185908065 0.0946983033023 0.338849552128 -0.183858621556 -0.956451608046 -1.79369900309 -0.810021173405 0.0192282971504 0.414319045053 0.650837365903 0.438170973201 -0.130019400746 -0.0186069944600 1.03247483597 1.53201520483 1.78753501142 -1.13445543627
# fish_ret_sel_50:
96.9093085686
# fish_ret_sel_50_post:
102.052586252
# fish_ret_sel_slope:
0.214615420984
# fish_ret_sel_slope_post:
0.297360851583
# fish_tot_sel_offset:
-9.26540463566
# fish_tot_sel_offset_dev:
 17.1606304970 -6.17920589983 -0.468356161958 -29.1348033229 -37.2158237582 39.2695068566 -28.2205715515 -39.5305343459 32.9501378214 33.7317396884 39.9797217774 20.2015798608 -39.8266571736 39.6038402137 29.7271377914 3.55984000635 -21.5288448464 -32.6705509316 8.99296263542 29.3824467183 -21.5886603117 -39.9220068834 -39.0017566477 18.7781188259 39.7397586887 -36.8921481236 -39.6754249210 7.27398701544 -35.3271108911 19.4503748950 -25.2426905994 37.3217817094 36.5862531772 -33.0873947950 -28.4827156985 37.0585200863 39.4231981314 -26.6124649723 -4.89874148447 35.3149269237
# fish_tot_sel_slope:
-1.62410714510
# surv_omega:
0.569239025960
# surv_alpha1:
0.106071919097
# surv_beta1:
111.589699583
# surv_alpha2:
0.179560199163
# surv_beta2:
41.6216105607
