# Number of parameters = 308 Objective function value = 308.524545352693  Maximum gradient component = 0.000443084890783938
# log_n_imm:
 18.5624076868356 19.6727538405443 19.7547014845838 19.9026496089324 19.8713347428949 19.7893769723380 19.4940851706200 19.4072704521523 19.3791925569165 18.8505161361215 18.3241506341520 18.3689151691753 17.8283175157269 16.7965973167795 15.2468352933366 13.2765794536974 11.9710022357708 10.3162120787111 9.60520293454821 8.24130894778882 6.51969829600822
# log_n_mat:
 17.7545497553296 11.5476472831011 15.7576380127647 17.4077216058959 18.3652915181466 18.9527895979148 19.0075209183174 18.8872848317109 18.9274508104461 19.0203411783216 18.8414834330979 18.4289073008315 18.0582062933415 18.2773808319290 18.2089781280270 17.5262729018555 16.6925558141290 15.6785812669377 14.6322995607059 13.3564292369879 12.0372178317593
# nat_m_dev:
 -0.117881979912698 -0.415181079266003 -0.561909013831399 -1.04079726261757 -1.13738726285128 -0.907319609554983 -0.675297998321890 -0.407394931902739 -0.176441839481663 0.0881403380259730 -0.0293269386468734 0.187618781854986 0.135082796297557 0.229344360634874 0.558241461823857 0.685362950256105 0.224044085425680 -0.685281160897906 -0.454618253235046 0.229109942421106 -0.148422757247253 -0.286327498478760 -0.330060616405385 -0.259778332748701 -0.413055663137090 -0.322286429755575 -0.456483884975033 -0.383037831154650 0.328169093956348 0.287205252629617 0.0223330622097849 -0.0227388081751331 0.618745846258061 0.508435835518122 -0.135090771516142 -0.372239136133565 0.525050350514394 1.90222698749690 0.00000000000000 -0.782265557730945 -0.270088233173384 0.261589068841408
# nat_m_mat_dev:
 -0.238176343523746 0.594677516425508 1.32150458329300 -0.547970860502747 -1.28075949418767 -0.941832471018056 -0.275297088328135 -0.118795621068259 0.231653349963255 1.00245370525751 0.0770173336295948 -0.0118934472353097 0.0899235364426466 0.613522447695495 0.540717985972193 0.550957077015664 0.686790158139192 -0.482348097324720 -0.638288152732422 0.343467630387878 0.229455416998271 -0.300274252497813 -0.375183468779157 0.426944309241830 0.625438824442745 0.537189114031614 0.0451627562687619 -0.802005398024967 -0.877895902868098 -0.230556314747248 0.716383395668016 0.131196238289424 0.590647851662074 0.273937737858185 -0.0776506679007069 0.0254027687615129 0.810003797818867 1.24200188313693 0.00000000000000 0.674511530303676 -0.103629999206746 -1.07834856916775
# nat_m_lg_dev:
 -0.965669250519380 3.86967205970766 -1.92688573725945 -3.45244410013841 3.87348809754535 2.36207053146557 -3.72863152472955 2.66172639289612 -0.553744705261312 -3.28890932412050 0.283389431556143 -3.24053674893670 3.02851805726690 -1.12463056554680 -3.15979575700381 1.91407989171781 -0.688113088337464 1.66799078138573 -3.11804819996612 3.81741569167493 3.88676523873337 1.95229007778667 3.99912315898948 3.97826631587311 1.46599633468688 3.92764393502133 3.61240675294927 -2.22723645145837 -2.17092106169892 -0.576138514446860 -2.33275572802643 -3.04855195293141 0.0606821137356589 1.40110756246717 1.43871922413907 1.36000618584604 -3.99566383176028 2.06163487411225 -3.87255310685948 -2.69741968214541 -2.54984093433357 -3.90450244407628
# q_dev:
 0.00000000000000 0.00000000000000 0.00000000000000 0.00000000000000 0.00000000000000 0.00000000000000 0.00000000000000 0.00000000000000 0.00000000000000 0.00000000000000 0.00000000000000 0.00000000000000 0.00000000000000 0.00000000000000 0.00000000000000 0.00000000000000 0.00000000000000 0.00000000000000 0.00000000000000 0.00000000000000 0.00000000000000 0.00000000000000 0.00000000000000 0.00000000000000 0.00000000000000 0.00000000000000 0.00000000000000 0.00000000000000 0.00000000000000 0.00000000000000 0.00000000000000 0.00000000000000 0.00000000000000 0.00000000000000 0.00000000000000 0.00000000000000 0.00000000000000 0.00000000000000 0.00000000000000 0.00000000000000 0.00000000000000 0.00000000000000
# q_mat_dev:
 0.00000000000000 0.00000000000000 0.00000000000000 0.00000000000000 0.00000000000000 0.00000000000000 0.00000000000000 0.00000000000000 0.00000000000000 0.00000000000000 0.00000000000000 0.00000000000000 0.00000000000000 0.00000000000000 0.00000000000000 0.00000000000000 0.00000000000000 0.00000000000000 0.00000000000000 0.00000000000000 0.00000000000000 0.00000000000000 0.00000000000000 0.00000000000000 0.00000000000000 0.00000000000000 0.00000000000000 0.00000000000000 0.00000000000000 0.00000000000000 0.00000000000000 0.00000000000000 0.00000000000000 0.00000000000000 0.00000000000000 0.00000000000000 0.00000000000000 0.00000000000000 0.00000000000000 0.00000000000000 0.00000000000000 0.00000000000000
# q_lg_dev:
 0.00000000000000 0.00000000000000 0.00000000000000 0.00000000000000 0.00000000000000 0.00000000000000 0.00000000000000 0.00000000000000 0.00000000000000 0.00000000000000 0.00000000000000 0.00000000000000 0.00000000000000 0.00000000000000 0.00000000000000 0.00000000000000 0.00000000000000 0.00000000000000 0.00000000000000 0.00000000000000 0.00000000000000 0.00000000000000 0.00000000000000 0.00000000000000 0.00000000000000 0.00000000000000 0.00000000000000 0.00000000000000 0.00000000000000 0.00000000000000 0.00000000000000 0.00000000000000 0.00000000000000 0.00000000000000 0.00000000000000 0.00000000000000 0.00000000000000 0.00000000000000 0.00000000000000 0.00000000000000 0.00000000000000 0.00000000000000
# log_avg_rec:
21.1031132282
# rec_devs:
 -0.135064369249 -0.161012691983 0.209353506356 0.957138011331 0.333624442587 0.301900756900 -0.0434263234268 0.289601920980 1.29249743445 1.62751002817 1.47369696367 0.629459627239 -0.631182776372 -0.748419175156 -0.436094403069 -0.410205640759 -0.565894487109 -0.928461657792 -0.713135983843 0.148729148395 0.216156797895 0.203808628221 0.0713381468097 -0.593641144937 -1.41286474126 -0.247103776883 0.653209080476 0.0608690007518 -0.139002664453 -0.117126169581 -0.0344453859632 0.130076667761 1.61509791331 1.54725710648 1.25256403535 -1.08864484118 -2.12276804432 -2.41267811285 -1.57160731833 -0.928159464866 0.759687533524 0.00000000000
# sigma_m:
 1.00000000000 1.00000000000 1.00000000000
# log_m_mu:
 -1.35304217692 -0.774265472930 -1.05547696696
# prop_rec:
 14.2476164140 2.92525775994
# sigma_q:
 0.100000000000 0.100000000000
# log_f:
0.137366777832
# f_dev:
 -1.26759513976 -1.90892331793 -0.423001456277 0.284588835118 -0.0126089191242 0.0677592933491 -0.224859922060 -0.282804089413 0.702525154459 0.549134847676 1.51074713997 0.814355018785 0.768999025611 0.388099807892 0.451769439224 0.501858816536 0.993882154092 -0.907380784714 -0.964572271604 0.0469569242982 0.201393027533 -0.879193360714 -1.17496076906 -0.517185948813 0.0946979211420 0.338849547156 -0.183858228094 -0.956451574872 -1.79369874259 -0.810021009203 0.0192283084227 0.414319009527 0.650837246891 0.438170722640 -0.130019596316 -0.0186071208661 1.03247523944 1.53201530021 1.78753500467 -1.13445553323
# fish_ret_sel_50:
96.9093077321
# fish_ret_sel_50_post:
102.052586583
# fish_ret_sel_slope:
0.214615392736
# fish_ret_sel_slope_post:
0.297360858128
# fish_tot_sel_offset:
-9.26540464473
# fish_tot_sel_offset_dev:
 39.7595674265 39.4808420702 -28.6739664773 39.9211279791 33.1911831469 -39.9350343947 -37.2829782188 33.9877807687 36.4033788312 -30.7275594664 -28.9099666725 -36.4589583934 29.8623741642 -31.6916851211 21.8113690797 21.0383593100 -39.8165781628 -8.15842493075 -36.7305995769 -38.4037133684 -17.6194046309 -33.5804220891 -39.9548371893 39.6459681198 -5.20981649904 -37.3984759341 29.1250943250 39.8576212842 -14.9920614381 29.6558366185 -18.4919727867 -39.9992499110 3.12563840625 -34.2135572458 39.9727547824 39.8206577359 -14.9675034869 28.0101889819 38.5006060365 30.0464169270
# fish_tot_sel_slope:
-1.62410717025
# surv_omega:
0.569238954767
# surv_alpha1:
0.106071953323
# surv_beta1:
111.589704057
# surv_alpha2:
0.179560078372
# surv_beta2:
41.6216100839
