# Number of parameters = 308 Objective function value = 308.524545369123  Maximum gradient component = 0.000794561381177613
# log_n_imm:
 18.5624200229116 19.6727503840255 19.7547028622218 19.9026474142938 19.8713345172645 19.7893767726578 19.4940861148529 19.4072705712883 19.3791923751840 18.8505164156985 18.3241510033206 18.3689148017773 17.8283180829492 16.7965959770236 15.2468379234604 13.2765597241347 11.9710113854498 10.3164028643463 9.60520370433205 8.24092573123163 6.50739543849301
# log_n_mat:
 17.7545516248496 11.5477164079784 15.7576295351536 17.4077207557291 18.3652903069103 18.9527877072780 19.0075190687838 18.8872838417891 18.9274494424510 19.0203390392794 18.8414821887645 18.4289045178545 18.0582045888803 18.2773787681432 18.2089753666291 17.5262710375443 16.6925536241322 15.6785781881136 14.6322965104697 13.3564273515402 12.0372472226198
# nat_m_dev:
 -0.117885071271791 -0.415181996556000 -0.561906018535212 -1.04079631884364 -1.13738674804468 -0.907319583277557 -0.675297611312750 -0.407394920980803 -0.176441734246294 0.0881410649194926 -0.0293263629896662 0.187617115139920 0.135080243404721 0.229346087905120 0.558242878688863 0.685360589697968 0.224046133821117 -0.685280392079342 -0.454618034228211 0.229109656900397 -0.148423794768649 -0.286329688171291 -0.330059525359636 -0.259777912802485 -0.413055974221491 -0.322285366345062 -0.456483307208160 -0.383038638484366 0.328169373916727 0.287205541928993 0.0223326744374320 -0.0227381400603571 0.618745792669066 0.508435988498691 -0.135091140126876 -0.372240110448442 0.525051815040990 1.90222650265252 0.00000000000000 -0.782266266476545 -0.270087387059374 0.261587961996941
# nat_m_mat_dev:
 -0.238185499433582 0.594677912894421 1.32150508106201 -0.547968242983900 -1.28075886137236 -0.941833188574580 -0.275298229487343 -0.118796093927578 0.231654416519304 1.00245377546896 0.0770161015873265 -0.0118924449364304 0.0899237068405574 0.613523363623524 0.540716896887415 0.550958181052186 0.686789886961956 -0.482346055288507 -0.638287694716441 0.343466326413926 0.229455638762471 -0.300271804428533 -0.375182214366917 0.426945342030963 0.625438388440115 0.537188742373264 0.0451617023952906 -0.802004998592983 -0.877894726354530 -0.230555497905891 0.716381901422481 0.131196098484240 0.590648383550479 0.273937401895551 -0.0776515764830026 0.0254029975547718 0.810003808399254 1.24200192657403 0.00000000000000 0.674511449202458 -0.103629689454163 -1.07834782644472
# nat_m_lg_dev:
 3.78863848016946 3.14423746455702 0.954986311620032 -3.93741606130379 -2.59716976393956 3.30790781242723 1.26183224209055 -3.84829334231678 3.95447339870910 -0.663326438464816 2.25426926260455 1.42315121238355 1.05773554149258 3.43160797879907 -1.51099325991885 -3.22194074854926 -0.250718051018780 1.09145997173775 -0.233847394775050 2.32121450116883 -3.86606401719513 -1.27910535356686 -3.67705460483412 2.14532508366105 -0.866702849821888 -2.16866580718525 3.45734572438556 0.134204929269731 1.73402151977620 -0.553199810131490 0.489953743192701 -3.77880506795215 2.68882507552987 2.61162632367697 -3.89398681773966 1.53450908639503 1.34475708220258 1.37550747430693 -1.71740069858168 -2.87728347296744 -3.49203155734274 -1.07358510255103
# q_dev:
 0.00000000000000 0.00000000000000 0.00000000000000 0.00000000000000 0.00000000000000 0.00000000000000 0.00000000000000 0.00000000000000 0.00000000000000 0.00000000000000 0.00000000000000 0.00000000000000 0.00000000000000 0.00000000000000 0.00000000000000 0.00000000000000 0.00000000000000 0.00000000000000 0.00000000000000 0.00000000000000 0.00000000000000 0.00000000000000 0.00000000000000 0.00000000000000 0.00000000000000 0.00000000000000 0.00000000000000 0.00000000000000 0.00000000000000 0.00000000000000 0.00000000000000 0.00000000000000 0.00000000000000 0.00000000000000 0.00000000000000 0.00000000000000 0.00000000000000 0.00000000000000 0.00000000000000 0.00000000000000 0.00000000000000 0.00000000000000
# q_mat_dev:
 0.00000000000000 0.00000000000000 0.00000000000000 0.00000000000000 0.00000000000000 0.00000000000000 0.00000000000000 0.00000000000000 0.00000000000000 0.00000000000000 0.00000000000000 0.00000000000000 0.00000000000000 0.00000000000000 0.00000000000000 0.00000000000000 0.00000000000000 0.00000000000000 0.00000000000000 0.00000000000000 0.00000000000000 0.00000000000000 0.00000000000000 0.00000000000000 0.00000000000000 0.00000000000000 0.00000000000000 0.00000000000000 0.00000000000000 0.00000000000000 0.00000000000000 0.00000000000000 0.00000000000000 0.00000000000000 0.00000000000000 0.00000000000000 0.00000000000000 0.00000000000000 0.00000000000000 0.00000000000000 0.00000000000000 0.00000000000000
# q_lg_dev:
 0.00000000000000 0.00000000000000 0.00000000000000 0.00000000000000 0.00000000000000 0.00000000000000 0.00000000000000 0.00000000000000 0.00000000000000 0.00000000000000 0.00000000000000 0.00000000000000 0.00000000000000 0.00000000000000 0.00000000000000 0.00000000000000 0.00000000000000 0.00000000000000 0.00000000000000 0.00000000000000 0.00000000000000 0.00000000000000 0.00000000000000 0.00000000000000 0.00000000000000 0.00000000000000 0.00000000000000 0.00000000000000 0.00000000000000 0.00000000000000 0.00000000000000 0.00000000000000 0.00000000000000 0.00000000000000 0.00000000000000 0.00000000000000 0.00000000000000 0.00000000000000 0.00000000000000 0.00000000000000 0.00000000000000 0.00000000000000
# log_avg_rec:
21.0186080139
# rec_devs:
 -0.0505594529380 -0.0765066714174 0.293859380697 1.04164346022 0.418129078029 0.386406700354 0.0410793272804 0.374107084455 1.37700380743 1.71201543245 1.55820175005 0.713963981321 -0.546675793225 -0.663913454653 -0.351589037517 -0.325700110186 -0.481388758284 -0.843956200248 -0.628629701161 0.233234727980 0.300662187132 0.288313805399 0.155843937646 -0.509135834537 -1.32835809776 -0.162597705982 0.737714792780 0.145374240107 -0.0544965838254 -0.0326205486026 0.0500597747860 0.214583874529 1.69960399195 1.63176260868 1.33706935899 -1.00414150812 -2.03826186821 -2.32817200726 -1.48710066597 -0.843653747285 0.844194237403 0.00000000000
# sigma_m:
 1.00000000000 1.00000000000 1.00000000000
# log_m_mu:
 -1.35304201258 -0.774265458535 -1.18744933118
# prop_rec:
 14.2475927473 2.92523946836
# sigma_q:
 0.100000000000 0.100000000000
# log_f:
0.137366890232
# f_dev:
 -1.26759495109 -1.90892436770 -0.423001523954 0.284589583430 -0.0126083576720 0.0677600168634 -0.224860035306 -0.282804514210 0.702525189840 0.549135266553 1.51074662716 0.814354422888 0.768999167417 0.388099915596 0.451768747922 0.501858683303 0.993882194728 -0.907380659228 -0.964571736336 0.0469566981074 0.201392363501 -0.879193286229 -1.17496047254 -0.517185299026 0.0946980760539 0.338849447948 -0.183858662409 -0.956451751910 -1.79369861637 -0.810021033521 0.0192279642332 0.414318223175 0.650837089385 0.438170843463 -0.130019656567 -0.0186072189205 1.03247522763 1.53201563125 1.78753623177 -1.13445546923
# fish_ret_sel_50:
96.9093085783
# fish_ret_sel_50_post:
102.052586049
# fish_ret_sel_slope:
0.214615416647
# fish_ret_sel_slope_post:
0.297360855676
# fish_tot_sel_offset:
-9.26540397874
# fish_tot_sel_offset_dev:
 -16.7915510920 39.6493814807 24.8199802648 33.8382112056 -39.6655479956 -20.8215600571 -39.3523783489 -39.1311232792 39.8991814984 -23.7060863024 -2.05343592687 -26.7104376441 -39.6883067193 39.8662082387 -39.2385137583 39.5330205488 -36.5755424308 -18.6938820777 32.5447741728 29.7647841742 -20.8560855169 29.5301156946 39.9190293105 33.5690436927 -36.7176845411 39.3574620942 -25.2151776401 -6.88466652445 -37.9781028444 36.9468301421 -32.5391293066 -33.6035128507 -38.8995397521 -38.5215190523 39.6590391046 23.7754669315 4.69783700336 38.4816525822 39.7273193010 8.06444622031
# fish_tot_sel_slope:
-1.62410710205
# surv_omega:
0.569239044237
# surv_alpha1:
0.106071922282
# surv_beta1:
111.589698677
# surv_alpha2:
0.179560221374
# surv_beta2:
41.6216101751
