# Number of parameters = 308 Objective function value = 308.524545361709  Maximum gradient component = 0.000966032934640234
# log_n_imm:
 18.5624210837152 19.6727486741245 19.7547034103611 19.9026470132017 19.8713349704838 19.7893758786918 19.4940854582755 19.4072705318753 19.3791918613152 18.8505165269227 18.3241501964094 18.3689150305301 17.8283176112906 16.7965972036500 15.2468330009164 13.2765832876526 11.9710153736447 10.3163340087720 9.60517913453750 8.24091169817566 6.50553454952050
# log_n_mat:
 17.7545502213244 11.5477131469937 15.7576264370662 17.4077214498384 18.3652908489036 18.9527878210199 19.0075196879216 18.8872838385875 18.9274506562454 19.0203393528786 18.8414824869672 18.4289051042802 18.0582054061580 18.2773789853772 18.2089761472792 17.5262719502675 16.6925550865921 15.6785796979659 14.6322979570250 13.3564311669540 12.0372540228117
# nat_m_dev:
 -0.117884324271900 -0.415183430395678 -0.561907321669884 -1.04079618914288 -1.13738699901410 -0.907319304487237 -0.675298182249824 -0.407394552323916 -0.176442492835416 0.0881404413183924 -0.0293273342656637 0.187619716870697 0.135082771559376 0.229345254728049 0.558241881332781 0.685363262104597 0.224043911762447 -0.685280261466253 -0.454618203395216 0.229108189080325 -0.148423293135349 -0.286328686684928 -0.330059681211712 -0.259778608617673 -0.413056325688711 -0.322285133123374 -0.456483778015195 -0.383038635233016 0.328169662712675 0.287207233093505 0.0223324295311549 -0.0227392441335675 0.618745164584012 0.508435500865840 -0.135090064099459 -0.372239099889504 0.525049850456660 1.90222703039279 0.00000000000000 -0.782265816464392 -0.270087675913214 0.261589709558121
# nat_m_mat_dev:
 -0.238181033224349 0.594678207204840 1.32150452626915 -0.547970331320576 -1.28075961870332 -0.941831961940198 -0.275298121695640 -0.118796175238931 0.231653853474387 1.00245360191369 0.0770170966140410 -0.0118908610913929 0.0899240403306757 0.613522462333395 0.540717951484648 0.550956957586219 0.686790397565790 -0.482348228677692 -0.638287995952225 0.343467111602411 0.229456097075926 -0.300274041740109 -0.375181876591176 0.426945774996003 0.625438426345205 0.537188876578848 0.0451630382864573 -0.802005019982250 -0.877895882183764 -0.230555804330778 0.716382389459316 0.131196021747008 0.590648203877025 0.273937333462993 -0.0776517030140219 0.0254016998876453 0.810004072807475 1.24200173654334 0.00000000000000 0.674511375890136 -0.103630200604049 -1.07834760598918
# nat_m_lg_dev:
 -0.449026012171980 0.239769909920742 0.665257797367345 0.166985750312908 0.141135866027758 0.242423647855253 0.603925509606729 -0.367803148278124 -0.196635013223774 0.626410067390381 0.144268400582364 0.645585003634563 0.242205141283804 -0.519161711491742 -0.373195425901898 0.143589017988298 0.295424476557266 -0.143859350308873 -2.03049402926043 0.186366955447251 0.706856063341277 -0.328769953979607 -1.28828377229879 0.721431825463174 0.123397707242312 0.583116485612955 -0.410297548018574 -0.375367069234466 -0.252981153333383 -0.193284570804404 0.726241456014618 -0.453505605589410 0.710859351651357 0.418644325725571 0.208476742544307 -0.0527421575419203 0.118478883399590 -0.347301638174589 0.725454397652294 -1.75290002480676 0.0451363869757015 0.104167014820910
# q_dev:
 0.00000000000000 0.00000000000000 0.00000000000000 0.00000000000000 0.00000000000000 0.00000000000000 0.00000000000000 0.00000000000000 0.00000000000000 0.00000000000000 0.00000000000000 0.00000000000000 0.00000000000000 0.00000000000000 0.00000000000000 0.00000000000000 0.00000000000000 0.00000000000000 0.00000000000000 0.00000000000000 0.00000000000000 0.00000000000000 0.00000000000000 0.00000000000000 0.00000000000000 0.00000000000000 0.00000000000000 0.00000000000000 0.00000000000000 0.00000000000000 0.00000000000000 0.00000000000000 0.00000000000000 0.00000000000000 0.00000000000000 0.00000000000000 0.00000000000000 0.00000000000000 0.00000000000000 0.00000000000000 0.00000000000000 0.00000000000000
# q_mat_dev:
 0.00000000000000 0.00000000000000 0.00000000000000 0.00000000000000 0.00000000000000 0.00000000000000 0.00000000000000 0.00000000000000 0.00000000000000 0.00000000000000 0.00000000000000 0.00000000000000 0.00000000000000 0.00000000000000 0.00000000000000 0.00000000000000 0.00000000000000 0.00000000000000 0.00000000000000 0.00000000000000 0.00000000000000 0.00000000000000 0.00000000000000 0.00000000000000 0.00000000000000 0.00000000000000 0.00000000000000 0.00000000000000 0.00000000000000 0.00000000000000 0.00000000000000 0.00000000000000 0.00000000000000 0.00000000000000 0.00000000000000 0.00000000000000 0.00000000000000 0.00000000000000 0.00000000000000 0.00000000000000 0.00000000000000 0.00000000000000
# q_lg_dev:
 0.00000000000000 0.00000000000000 0.00000000000000 0.00000000000000 0.00000000000000 0.00000000000000 0.00000000000000 0.00000000000000 0.00000000000000 0.00000000000000 0.00000000000000 0.00000000000000 0.00000000000000 0.00000000000000 0.00000000000000 0.00000000000000 0.00000000000000 0.00000000000000 0.00000000000000 0.00000000000000 0.00000000000000 0.00000000000000 0.00000000000000 0.00000000000000 0.00000000000000 0.00000000000000 0.00000000000000 0.00000000000000 0.00000000000000 0.00000000000000 0.00000000000000 0.00000000000000 0.00000000000000 0.00000000000000 0.00000000000000 0.00000000000000 0.00000000000000 0.00000000000000 0.00000000000000 0.00000000000000 0.00000000000000 0.00000000000000
# log_avg_rec:
20.9998782912
# rec_devs:
 -0.0318310153032 -0.0577772481839 0.312588707147 1.06037309729 0.436858754877 0.405136759252 0.0598084016987 0.392836235582 1.39573334228 1.73074554163 1.57693278990 0.732694601978 -0.527946142784 -0.645184080888 -0.332859037758 -0.306970818231 -0.462659171669 -0.825227145096 -0.609901178518 0.251964463681 0.319391792525 0.307043685066 0.174573275764 -0.490405835458 -1.30963012420 -0.143868274097 0.756444406909 0.164104424471 -0.0357677129431 -0.0138911590259 0.0687885898950 0.233311958858 1.71833316217 1.65049219388 1.35579875951 -0.985408293570 -2.01953966933 -2.30944166562 -1.46837211130 -0.824924688635 0.862923303870 0.00000000000
# sigma_m:
 1.00000000000 1.00000000000 1.00000000000
# log_m_mu:
 -1.35304218183 -0.774265358049 -0.861095919491
# prop_rec:
 14.2476106590 2.92525336963
# sigma_q:
 0.100000000000 0.100000000000
# log_f:
0.137366597948
# f_dev:
 -1.26759508322 -1.90892369312 -0.423001323319 0.284589035625 -0.0126089498616 0.0677598086610 -0.224859958336 -0.282804224773 0.702525179615 0.549134715491 1.51074594195 0.814354271063 0.768999609478 0.388100256985 0.451769323122 0.501858799417 0.993882348949 -0.907380351971 -0.964571885760 0.0469568542878 0.201392664915 -0.879193560134 -1.17496066956 -0.517185148036 0.0946981861625 0.338849294796 -0.183858448508 -0.956451620947 -1.79369856233 -0.810020898384 0.0192281829453 0.414318904387 0.650837319864 0.438171014095 -0.130019563446 -0.0186075133288 1.03247514578 1.53201516852 1.78753493538 -1.13445550645
# fish_ret_sel_50:
96.9093098127
# fish_ret_sel_50_post:
102.052585868
# fish_ret_sel_slope:
0.214615434292
# fish_ret_sel_slope_post:
0.297360842346
# fish_tot_sel_offset:
-9.26540071947
# fish_tot_sel_offset_dev:
 -14.0608001718 19.3796845837 -24.0059524976 -3.73808117935 -35.9421207516 -27.9015790489 -5.21562233319 -0.880284889601 18.3553941539 5.08295026781 -26.8520104154 -4.82686219488 14.7263717636 35.2430715996 32.0604608927 -27.4469664210 -2.36604692360 39.8212153127 -31.8582082474 13.6066945324 -8.30383975257 -32.1739068327 -35.3669413804 30.8423457837 0.407333726977 -10.6172040909 -18.5225074957 12.3989130339 20.1486999428 -39.6674853820 37.2686748338 -3.62204816200 7.53681094501 31.9923961874 18.5926238377 12.1173717150 0.366709437386 16.2358750565 2.33518006693 -15.1503095027
# fish_tot_sel_slope:
-1.62410712217
# surv_omega:
0.569238974814
# surv_alpha1:
0.106071928859
# surv_beta1:
111.589704732
# surv_alpha2:
0.179560110940
# surv_beta2:
41.6216109779
