# Number of parameters = 308 Objective function value = 308.524545396524  Maximum gradient component = 0.000729729652395059
# log_n_imm:
 18.5624032952254 19.6727529215869 19.7546997767919 19.9026479317699 19.8713329544683 19.7893758724852 19.4940855745443 19.4072694527923 19.3791923882801 18.8505156678137 18.3241502509985 18.3689142655436 17.8283178194335 16.7965955615537 15.2468242717532 13.2765639937289 11.9710349724801 10.3163509680604 9.60522076878124 8.25174848637376 6.52046654660593
# log_n_mat:
 17.7545470431926 11.5477154837599 15.7576203002233 17.4077222083927 18.3652905494262 18.9527873378430 19.0075189042827 18.8872842430314 18.9274493503511 19.0203388851518 18.8414825023613 18.4289053669368 18.0582052356442 18.2773793346168 18.2089766485065 17.5262721901000 16.6925549072304 15.6785798404916 14.6322975264976 13.3563772516972 12.0371997730012
# nat_m_dev:
 -0.117883923956974 -0.415184436328746 -0.561907534744812 -1.04079620527081 -1.13738659407275 -0.907319847202820 -0.675297771903275 -0.407393026134108 -0.176442909585886 0.0881408440172976 -0.0293257030818296 0.187618025418785 0.135082520712815 0.229346011740852 0.558242709995271 0.685361493619424 0.224044415766456 -0.685281896377396 -0.454617149694944 0.229109815867176 -0.148423195239292 -0.286329902012161 -0.330059452560501 -0.259777672521755 -0.413056072133669 -0.322283932071248 -0.456483438766069 -0.383038319153239 0.328170695100534 0.287205353661014 0.0223278904558711 -0.0227408888336264 0.618749976850682 0.508435678318489 -0.135090852248505 -0.372240848402005 0.525050789447969 1.90222701801162 0.00000000000000 -0.782265453656645 -0.270088268432516 0.261589432976682
# nat_m_mat_dev:
 -0.238185144287589 0.594679221944293 1.32150393959932 -0.547974017694674 -1.28076010181499 -0.941833127769269 -0.275297441678537 -0.118795878484192 0.231654241214357 1.00245390150635 0.0770182990378333 -0.0118920778971489 0.0899233058913474 0.613523198047630 0.540717625294962 0.550957190352933 0.686790977060797 -0.482348271800286 -0.638287860463031 0.343468693440967 0.229456163058299 -0.300273885702036 -0.375183031568016 0.426946426664166 0.625438350322720 0.537189027489016 0.0451637686701794 -0.802004090342605 -0.877894585109184 -0.230557280190946 0.716382355871070 0.131197592002263 0.590650366348680 0.273934716964119 -0.0776519578869587 0.0254030515142503 0.810004131462527 1.24200196514903 0.00000000000000 0.674512499489761 -0.103630086605985 -1.07834739055372
# nat_m_lg_dev:
 0.0771179170129167 -0.230915460613117 -0.306180222628234 0.134881256824134 0.168516379094944 -3.37515093940492 2.80765607545527 -1.69588369746301 -1.97079076221160 -0.236669728906295 0.156273226835226 0.109661792829455 -0.0987801084316708 -0.947999037410322 0.104582979046225 0.114730071852947 1.85941000502269 0.123631614374284 0.313877880879177 -0.188418349189577 0.0897457089597965 0.720584460133092 -1.10903485101221 0.324603877383909 0.126206978898827 2.38373829679916 1.52386688377541 -0.306516930006246 0.171964003774334 -0.225959416633461 -0.274902065257957 -0.219469295930958 -1.77693837340421 -0.310781154657746 -1.90691591069292 1.73515884607770 -0.200854082502577 -0.0744893964962152 -0.109887349542484 2.42054877801553 -0.0268167491325112 0.126596848483207
# q_dev:
 0.00000000000000 0.00000000000000 0.00000000000000 0.00000000000000 0.00000000000000 0.00000000000000 0.00000000000000 0.00000000000000 0.00000000000000 0.00000000000000 0.00000000000000 0.00000000000000 0.00000000000000 0.00000000000000 0.00000000000000 0.00000000000000 0.00000000000000 0.00000000000000 0.00000000000000 0.00000000000000 0.00000000000000 0.00000000000000 0.00000000000000 0.00000000000000 0.00000000000000 0.00000000000000 0.00000000000000 0.00000000000000 0.00000000000000 0.00000000000000 0.00000000000000 0.00000000000000 0.00000000000000 0.00000000000000 0.00000000000000 0.00000000000000 0.00000000000000 0.00000000000000 0.00000000000000 0.00000000000000 0.00000000000000 0.00000000000000
# q_mat_dev:
 0.00000000000000 0.00000000000000 0.00000000000000 0.00000000000000 0.00000000000000 0.00000000000000 0.00000000000000 0.00000000000000 0.00000000000000 0.00000000000000 0.00000000000000 0.00000000000000 0.00000000000000 0.00000000000000 0.00000000000000 0.00000000000000 0.00000000000000 0.00000000000000 0.00000000000000 0.00000000000000 0.00000000000000 0.00000000000000 0.00000000000000 0.00000000000000 0.00000000000000 0.00000000000000 0.00000000000000 0.00000000000000 0.00000000000000 0.00000000000000 0.00000000000000 0.00000000000000 0.00000000000000 0.00000000000000 0.00000000000000 0.00000000000000 0.00000000000000 0.00000000000000 0.00000000000000 0.00000000000000 0.00000000000000 0.00000000000000
# q_lg_dev:
 0.00000000000000 0.00000000000000 0.00000000000000 0.00000000000000 0.00000000000000 0.00000000000000 0.00000000000000 0.00000000000000 0.00000000000000 0.00000000000000 0.00000000000000 0.00000000000000 0.00000000000000 0.00000000000000 0.00000000000000 0.00000000000000 0.00000000000000 0.00000000000000 0.00000000000000 0.00000000000000 0.00000000000000 0.00000000000000 0.00000000000000 0.00000000000000 0.00000000000000 0.00000000000000 0.00000000000000 0.00000000000000 0.00000000000000 0.00000000000000 0.00000000000000 0.00000000000000 0.00000000000000 0.00000000000000 0.00000000000000 0.00000000000000 0.00000000000000 0.00000000000000 0.00000000000000 0.00000000000000 0.00000000000000 0.00000000000000
# log_avg_rec:
21.1576337858
# rec_devs:
 -0.189585402478 -0.215533465904 0.154833431157 0.902617595848 0.279103262259 0.247381328686 -0.0979457642777 0.235080895668 1.23797826513 1.57298986801 1.41917662572 0.574938912412 -0.685701116799 -0.802938945700 -0.490615482818 -0.464726134879 -0.620414677888 -0.982981540720 -0.767656693367 0.0942093089276 0.161636352682 0.149288207830 0.0168184503533 -0.648161554780 -1.46738443723 -0.301623946372 0.598688724259 0.00634909643918 -0.193522912924 -0.171646630260 -0.0889664746716 0.0755580671786 1.56057839870 1.49273655690 1.19804368697 -1.14316438990 -2.17729354987 -2.46719606960 -1.62612760059 -0.982679110692 0.705167417947 0.00000000000
# sigma_m:
 1.00000000000 1.00000000000 1.00000000000
# log_m_mu:
 -1.35304217318 -0.774265638525 -1.09182448261
# prop_rec:
 14.2476079619 2.92524963832
# sigma_q:
 0.100000000000 0.100000000000
# log_f:
0.137366490501
# f_dev:
 -1.26759576856 -1.90892350737 -0.423001830760 0.284588032285 -0.0126098831595 0.0677591607234 -0.224860170088 -0.282804506025 0.702525166299 0.549135357398 1.51074677384 0.814354872134 0.768999244247 0.388099985979 0.451769025785 0.501858456212 0.993882417988 -0.907380407978 -0.964572090414 0.0469570774582 0.201393301190 -0.879193073775 -1.17496100536 -0.517185425010 0.0946983026669 0.338849450972 -0.183858072867 -0.956451031887 -1.79369833615 -0.810020623788 0.0192281793727 0.414318430540 0.650837806589 0.438171052382 -0.130020201670 -0.0186074879519 1.03247573517 1.53201541742 1.78753510443 -1.13445492825
# fish_ret_sel_50:
96.9093086697
# fish_ret_sel_50_post:
102.052587325
# fish_ret_sel_slope:
0.214615416563
# fish_ret_sel_slope_post:
0.297360990199
# fish_tot_sel_offset:
-9.26540266069
# fish_tot_sel_offset_dev:
 -34.5249181490 13.2409034902 -39.9532610601 39.7192898639 36.8764726751 -9.91949557487 -18.6308821477 24.1147096089 14.2709283114 -39.0025449835 22.9771875949 1.10961263391 -30.1743105349 28.3585314904 -25.5943122582 -9.19064332033 -0.579835024343 -5.65999214109 20.2939622115 7.00543699572 32.4996696838 10.3428834467 11.4965919067 -25.7896342356 -2.61723448719 6.11134456172 0.968796519879 -24.9457222369 -32.4080889040 39.0587567601 -9.26833969602 -19.3022424483 29.3690762955 -39.8769630740 -7.68491965201 16.1506362859 25.3634971137 15.7143193594 -14.8337516830 -5.08551519860
# fish_tot_sel_slope:
-1.62410715356
# surv_omega:
0.569238973930
# surv_alpha1:
0.106071948643
# surv_beta1:
111.589703633
# surv_alpha2:
0.179560094910
# surv_beta2:
41.6216129255
