# Number of parameters = 308 Objective function value = 308.524545367323  Maximum gradient component = 0.000413460222613675
# log_n_imm:
 18.5624210872061 19.6727491889570 19.7547007080011 19.9026469278601 19.8713333163672 19.7893754747887 19.4940854772334 19.4072702880630 19.3791907723877 18.8505156670407 18.3241499489734 18.3689137782645 17.8283170460132 16.7965955598979 15.2468306482294 13.2765611089362 11.9710478818732 10.3162041340048 9.60521055029717 8.24022949866551 6.49716496397962
# log_n_mat:
 17.7545483950570 11.5477128654594 15.7576359732073 17.4077190979058 18.3652901064257 18.9527870816015 19.0075183654717 18.8872837616724 18.9274489186092 19.0203385005495 18.8414816015232 18.4289046131141 18.0582033370298 18.2773777198325 18.2089743022302 17.5262706561703 16.6925529957526 15.6785794297287 14.6322969871352 13.3564332553180 12.0372871479555
# nat_m_dev:
 -0.117885977710267 -0.415186180553190 -0.561908292998263 -1.04079643820448 -1.13738603195615 -0.907319413242265 -0.675298182560787 -0.407394323054796 -0.176443718685411 0.0881417520956798 -0.0293252923013054 0.187619150162976 0.135079954762948 0.229345395797854 0.558243950897561 0.685361873353589 0.224043941193610 -0.685280112554258 -0.454619619070353 0.229110833706562 -0.148423725631525 -0.286326827985764 -0.330060450617670 -0.259778979843912 -0.413054830597354 -0.322284473106445 -0.456482468722774 -0.383037625713206 0.328170391111528 0.287205885697544 0.0223335027981544 -0.0227392644000965 0.618745149907044 0.508432736205821 -0.135088820051309 -0.372238528240555 0.525049981837734 1.90222714048498 0.00000000000000 -0.782266258408414 -0.270087229449896 0.261588791885993
# nat_m_mat_dev:
 -0.238186044316491 0.594676536688867 1.32150501280008 -0.547970143185801 -1.28075927024678 -0.941832161945563 -0.275296921106645 -0.118796705971452 0.231653123541095 1.00245413557148 0.0770167907012002 -0.0118915457827707 0.0899226266037962 0.613523454373220 0.540719797411106 0.550955212866564 0.686791708318524 -0.482349130249489 -0.638288476400543 0.343469492299158 0.229456682139755 -0.300273569148462 -0.375183017690432 0.426944720821395 0.625439705553904 0.537187602787584 0.0451623378917738 -0.802005091509659 -0.877895642387071 -0.230556167100850 0.716382650569851 0.131196539016255 0.590648260671168 0.273938283610960 -0.0776504743357383 0.0254030185866833 0.810004233355865 1.24200227557403 0.00000000000000 0.674511252712531 -0.103629455149594 -1.07834685239369
# nat_m_lg_dev:
 -0.128709450472167 -0.173647780829586 -0.188508070177550 -0.0122662977957331 -0.123673485378313 -0.0404576017444363 -0.320743868400611 -0.0881379453394653 0.230256840213011 -0.180836703596987 -0.205867549352018 0.182465187505140 -0.0438860004412731 0.0329148903010112 0.0916665351275794 0.196618431505728 0.474082888910484 0.117458425839023 0.324880746806833 0.207330391351061 -0.0612464905446000 -0.0286226452782754 -0.227964670876961 0.163211488110597 -0.0320692418048146 0.434301331086142 0.211535768116782 0.211707521035468 -0.268028128072404 -0.238013887846336 -0.189745745841899 0.00304667788169130 -0.191157230246336 0.238917228853331 -0.0906388525627022 0.201231859207361 -0.214869602558957 -0.0169154438632087 -0.109623250736238 -0.233874318989497 -0.128919620652395 0.216797671551523
# q_dev:
 0.00000000000000 0.00000000000000 0.00000000000000 0.00000000000000 0.00000000000000 0.00000000000000 0.00000000000000 0.00000000000000 0.00000000000000 0.00000000000000 0.00000000000000 0.00000000000000 0.00000000000000 0.00000000000000 0.00000000000000 0.00000000000000 0.00000000000000 0.00000000000000 0.00000000000000 0.00000000000000 0.00000000000000 0.00000000000000 0.00000000000000 0.00000000000000 0.00000000000000 0.00000000000000 0.00000000000000 0.00000000000000 0.00000000000000 0.00000000000000 0.00000000000000 0.00000000000000 0.00000000000000 0.00000000000000 0.00000000000000 0.00000000000000 0.00000000000000 0.00000000000000 0.00000000000000 0.00000000000000 0.00000000000000 0.00000000000000
# q_mat_dev:
 0.00000000000000 0.00000000000000 0.00000000000000 0.00000000000000 0.00000000000000 0.00000000000000 0.00000000000000 0.00000000000000 0.00000000000000 0.00000000000000 0.00000000000000 0.00000000000000 0.00000000000000 0.00000000000000 0.00000000000000 0.00000000000000 0.00000000000000 0.00000000000000 0.00000000000000 0.00000000000000 0.00000000000000 0.00000000000000 0.00000000000000 0.00000000000000 0.00000000000000 0.00000000000000 0.00000000000000 0.00000000000000 0.00000000000000 0.00000000000000 0.00000000000000 0.00000000000000 0.00000000000000 0.00000000000000 0.00000000000000 0.00000000000000 0.00000000000000 0.00000000000000 0.00000000000000 0.00000000000000 0.00000000000000 0.00000000000000
# q_lg_dev:
 0.00000000000000 0.00000000000000 0.00000000000000 0.00000000000000 0.00000000000000 0.00000000000000 0.00000000000000 0.00000000000000 0.00000000000000 0.00000000000000 0.00000000000000 0.00000000000000 0.00000000000000 0.00000000000000 0.00000000000000 0.00000000000000 0.00000000000000 0.00000000000000 0.00000000000000 0.00000000000000 0.00000000000000 0.00000000000000 0.00000000000000 0.00000000000000 0.00000000000000 0.00000000000000 0.00000000000000 0.00000000000000 0.00000000000000 0.00000000000000 0.00000000000000 0.00000000000000 0.00000000000000 0.00000000000000 0.00000000000000 0.00000000000000 0.00000000000000 0.00000000000000 0.00000000000000 0.00000000000000 0.00000000000000 0.00000000000000
# log_avg_rec:
20.9650844039
# rec_devs:
 0.00296265893200 -0.0229834814084 0.347382814948 1.09516675935 0.471652098060 0.439930230179 0.0946031512149 0.427630575237 1.43052761900 1.76553941656 1.61172631371 0.767487497412 -0.493151454171 -0.610389583175 -0.298065132049 -0.272176766773 -0.427865545684 -0.790432584735 -0.575106407882 0.286758767281 0.354186178243 0.341837268591 0.209367300947 -0.455612405496 -1.27483521869 -0.109073813372 0.791238579562 0.198897801671 -0.000972900460316 0.0209026514060 0.103582133158 0.268106485699 1.75312678844 1.68528605362 1.39059266797 -0.950616297041 -1.98474138063 -2.27464755493 -1.43357741326 -0.790130562900 0.897717366674 0.00000000000
# sigma_m:
 1.00000000000 1.00000000000 1.00000000000
# log_m_mu:
 -1.35304224071 -0.774265643500 -1.52492133391
# prop_rec:
 14.2475925219 2.92523898160
# sigma_q:
 0.100000000000 0.100000000000
# log_f:
0.137366212534
# f_dev:
 -1.26759439091 -1.90892438325 -0.423002052755 0.284589260891 -0.0126088705710 0.0677593280435 -0.224859807190 -0.282804331088 0.702524915930 0.549134831265 1.51074631468 0.814354670579 0.768999333346 0.388099863138 0.451769751248 0.501858912312 0.993882163715 -0.907379981864 -0.964572003157 0.0469571540297 0.201393135654 -0.879193272685 -1.17496085499 -0.517185814204 0.0946983941127 0.338849489992 -0.183859168344 -0.956451924081 -1.79369885421 -0.810020884976 0.0192279387072 0.414318789738 0.650837350687 0.438171736162 -0.130019241893 -0.0186077076082 1.03247458316 1.53201558968 1.78753552130 -1.13445548460
# fish_ret_sel_50:
96.9093089165
# fish_ret_sel_50_post:
102.052586615
# fish_ret_sel_slope:
0.214615407031
# fish_ret_sel_slope_post:
0.297360850509
# fish_tot_sel_offset:
-9.26539840646
# fish_tot_sel_offset_dev:
 36.4208283362 12.6195106853 -35.9741905618 -18.0493484087 -21.6416956196 -38.6169099395 -28.3894864289 22.6673051664 -27.6607019599 -39.5122749445 39.9796629118 -32.6324092537 25.1113995929 -38.5577355493 -19.6820070930 37.1605924448 17.0292612245 -29.0178603509 26.6735828842 -39.2534136597 38.2529758221 -34.2144609915 29.9585640322 11.5865037983 21.8916430403 -12.4028685122 37.6427175654 39.9998004204 -39.7410614347 22.2950281741 -5.07705158725 -35.6166048899 39.8837174941 39.7226644128 21.6857623842 39.8218831145 -33.0812343732 -18.0570881730 25.1921516171 -38.4171513901
# fish_tot_sel_slope:
-1.62410704306
# surv_omega:
0.569239006529
# surv_alpha1:
0.106071931045
# surv_beta1:
111.589696576
# surv_alpha2:
0.179560255694
# surv_beta2:
41.6216092562
