ParName   Value   Gradient
log_n_imm(1)      15.9945     -2.24586
log_n_imm(2)      16.6106     -8.21246
log_n_imm(3)      20.7294      188.933
log_n_imm(4)      11.1927     -29.7447
log_n_imm(5)      20.4727      165.597
log_n_imm(6)      19.4853     -22.0502
log_n_imm(7)       19.767      43.9494
log_n_imm(8)      19.7099      12.1375
log_n_imm(9)      18.0317     -93.8954
log_n_imm(10)      19.1168     -5.28426
log_n_imm(11)      18.6112     -61.8549
log_n_imm(12)      13.9047     -30.5398
log_n_imm(13)      17.7539     -25.6352
log_n_imm(14)      16.3858      39.5568
log_n_imm(15)      16.7673      14.2829
log_n_imm(16)      12.3622      1.26152
log_n_imm(17)      12.9164      4.19841
log_n_imm(18)      9.98461    -0.156582
log_n_imm(19)      11.7029     -4.43574
log_n_imm(20)      9.30506     0.215038
log_n_imm(21)      7.13878    0.0142995
log_n_mat(1)      15.7531     -5.58034
log_n_mat(2)      11.4349  -0.00842713
log_n_mat(3)      18.0557      17.0758
log_n_mat(4)      16.4287     -9.56247
log_n_mat(5)        18.32     -2.01872
log_n_mat(6)      19.1822     0.310492
log_n_mat(7)       19.335      8.33398
log_n_mat(8)      18.9357      4.04235
log_n_mat(9)      18.8164     -21.5867
log_n_mat(10)      18.6779     -29.5311
log_n_mat(11)      18.8708      5.94626
log_n_mat(12)      16.7407     -66.3709
log_n_mat(13)      17.2123     -53.1259
log_n_mat(14)      19.2194      55.6648
log_n_mat(15)      14.9842     -41.5951
log_n_mat(16)      17.8369     -34.7399
log_n_mat(17)      16.9139      9.85726
log_n_mat(18)      14.2387     -17.0057
log_n_mat(19)      11.1526      -3.8817
log_n_mat(20)      13.5167      11.6281
log_n_mat(21)      11.3651     0.764309
nat_m_dev(1982)    -0.161804     -107.956
nat_m_dev(1983)    0.0267864     -102.501
nat_m_dev(1984)    -0.628903     -100.454
nat_m_dev(1985)    -0.430551     -83.7626
nat_m_dev(1986)     -1.24685     -91.4792
nat_m_dev(1987)     -1.11083     -92.3358
nat_m_dev(1988)    -0.945159     -92.2201
nat_m_dev(1989)    -0.165837     -77.1043
nat_m_dev(1990)     -0.26876      -78.233
nat_m_dev(1991)   0.00528747     -73.8055
nat_m_dev(1992)    -0.416183     -84.0888
nat_m_dev(1993)     0.257273     -56.0599
nat_m_dev(1994)     0.296095     -57.0631
nat_m_dev(1995)     0.230998     -70.1435
nat_m_dev(1996)     0.868646     -51.6336
nat_m_dev(1997)     0.936774     -55.3977
nat_m_dev(1998)     0.394424     -68.3769
nat_m_dev(1999)    -0.750446     -84.8568
nat_m_dev(2000)    -0.314919     -81.0201
nat_m_dev(2001)     0.475683     -70.6494
nat_m_dev(2002)   -0.0827655     -84.0416
nat_m_dev(2003)    -0.180219     -83.6637
nat_m_dev(2004)     -0.25212      -83.104
nat_m_dev(2005)   -0.0025329     -81.0409
nat_m_dev(2006)    -0.383535     -87.2223
nat_m_dev(2007)   -0.0940768     -79.4887
nat_m_dev(2008)    0.0827964     -67.8442
nat_m_dev(2009)    -0.332567     -82.2955
nat_m_dev(2010)     0.336267     -66.9295
nat_m_dev(2011)      0.17585     -73.7232
nat_m_dev(2012)    0.0745845     -76.8795
nat_m_dev(2013)  0.000368558      -79.524
nat_m_dev(2014)     0.509116     -75.1391
nat_m_dev(2015)     0.487263     -84.3952
nat_m_dev(2016)    -0.102754     -96.8233
nat_m_dev(2017)   -0.0760667     -99.6667
nat_m_dev(2018)     0.877236     -103.853
nat_m_dev(2019)       1.8822     -98.6089
nat_m_dev(2020)            0     -97.5161
nat_m_dev(2021)    -0.610176     -93.2154
nat_m_dev(2022)     0.179363     -92.5376
nat_m_dev(2023)     0.662871     -92.3658
nat_m_mat_dev(1982)    0.0447242      51.2101
nat_m_mat_dev(1983)     0.745389      46.5718
nat_m_mat_dev(1984)     0.971978     -1.75091
nat_m_mat_dev(1985)    -0.585074      16.5381
nat_m_mat_dev(1986)     -1.31017      23.0725
nat_m_mat_dev(1987)     -1.03634       25.717
nat_m_mat_dev(1988)     0.317665      45.9116
nat_m_mat_dev(1989)    -0.171708      36.9523
nat_m_mat_dev(1990)      1.05657      106.095
nat_m_mat_dev(1991)      1.71612      211.021
nat_m_mat_dev(1992)     0.343946      53.7221
nat_m_mat_dev(1993)  -0.00725669      33.0597
nat_m_mat_dev(1994)    0.0222637      47.6996
nat_m_mat_dev(1995)     0.524873      83.1967
nat_m_mat_dev(1996)     0.429472      91.3407
nat_m_mat_dev(1997)  -0.00483814      69.5325
nat_m_mat_dev(1998)     0.684452      96.4666
nat_m_mat_dev(1999)    -0.385479      31.4917
nat_m_mat_dev(2000)    -0.563592      41.4694
nat_m_mat_dev(2001)     0.440868      82.5327
nat_m_mat_dev(2002)   -0.0668966      44.0878
nat_m_mat_dev(2003)    -0.414354      26.4427
nat_m_mat_dev(2004)    -0.580667        24.69
nat_m_mat_dev(2005)     0.514837      45.2257
nat_m_mat_dev(2006)     0.153967       33.918
nat_m_mat_dev(2007)     0.215567      32.0069
nat_m_mat_dev(2008)   -0.0675281      33.3195
nat_m_mat_dev(2009)    -0.923387      31.8585
nat_m_mat_dev(2010)     -1.46757      23.0637
nat_m_mat_dev(2011)    -0.634344      29.8318
nat_m_mat_dev(2012)     0.446572      39.6241
nat_m_mat_dev(2013)    0.0720691      39.9966
nat_m_mat_dev(2014)     0.289931      45.2264
nat_m_mat_dev(2015)    -0.103231      42.2487
nat_m_mat_dev(2016)    -0.401644      35.4041
nat_m_mat_dev(2017)    -0.295534      28.8488
nat_m_mat_dev(2018)     0.561385      12.4395
nat_m_mat_dev(2019)     0.579018     -11.6718
nat_m_mat_dev(2020)            0      34.3009
nat_m_mat_dev(2021)     0.406576      11.8514
nat_m_mat_dev(2022)    0.0286277      30.7254
nat_m_mat_dev(2023)      -1.1819      25.3321
nat_m_lg_dev(1982)     0.284379      5.39277
nat_m_lg_dev(1983)     0.252512      5.39569
nat_m_lg_dev(1984)    0.0229809      5.40652
nat_m_lg_dev(1985)    0.0288597      5.40647
nat_m_lg_dev(1986)    0.0236561      5.40652
nat_m_lg_dev(1987)    0.0519509      5.40614
nat_m_lg_dev(1988)    0.0535973      5.40611
nat_m_lg_dev(1989)     0.194387      5.40012
nat_m_lg_dev(1990)    -0.152129      5.40281
nat_m_lg_dev(1991)   -0.0751927      5.40571
nat_m_lg_dev(1992)    0.0368394      5.40637
nat_m_lg_dev(1993)    -0.357566       5.3852
nat_m_lg_dev(1994)     0.290715      5.39215
nat_m_lg_dev(1995)     0.141613      5.40315
nat_m_lg_dev(1996)    -0.137691       5.4035
nat_m_lg_dev(1997)    0.0796582       5.4055
nat_m_lg_dev(1998)   -0.0629391      5.40599
nat_m_lg_dev(1999)   -0.0288378       5.4065
nat_m_lg_dev(2000)    -0.129633      5.40386
nat_m_lg_dev(2001)   0.00479963      5.40662
nat_m_lg_dev(2002)    -0.175722      5.40151
nat_m_lg_dev(2003)     -0.24332      5.39676
nat_m_lg_dev(2004)    -0.100319      5.40498
nat_m_lg_dev(2005)    -0.199772          5.4
nat_m_lg_dev(2006)     0.535652       5.3576
nat_m_lg_dev(2007)     0.080558      5.40548
nat_m_lg_dev(2008)      0.26109      5.39493
nat_m_lg_dev(2009)    -0.300401      5.39154
nat_m_lg_dev(2010)  -0.00370529      5.40662
nat_m_lg_dev(2011)    -0.203091      5.39978
nat_m_lg_dev(2012)    -0.169622      5.40186
nat_m_lg_dev(2013)    -0.164868      5.40213
nat_m_lg_dev(2014)     0.240785      5.39667
nat_m_lg_dev(2015)     0.256367      5.39535
nat_m_lg_dev(2016)   -0.0159222      5.40659
nat_m_lg_dev(2017)    -0.117969      5.40434
nat_m_lg_dev(2018)     0.040921      5.40632
nat_m_lg_dev(2019)    0.0999019      5.40488
nat_m_lg_dev(2020)     0.247483      5.39611
nat_m_lg_dev(2021)    -0.248889       5.3963
nat_m_lg_dev(2022)    -0.105411      5.40481
nat_m_lg_dev(2023)    -0.235705      5.39737
log_avg_rec       21.005     -3409.04
rec_devs(1982)    -0.162535     -262.391
rec_devs(1983)    -0.123718     -198.888
rec_devs(1984)     0.492992     -181.365
rec_devs(1985)      1.42134     -116.745
rec_devs(1986)      1.09293     -94.8241
rec_devs(1987)     0.643869     -114.521
rec_devs(1988)     0.405191      -173.45
rec_devs(1989)     0.446871     -200.526
rec_devs(1990)      1.19616     -245.499
rec_devs(1991)      1.92249     -333.409
rec_devs(1992)   0.00188474     -290.896
rec_devs(1993)      1.32523     -203.724
rec_devs(1994)     -0.85323     -156.082
rec_devs(1995)    -0.410094      -192.93
rec_devs(1996)    -0.189257      -214.31
rec_devs(1997)    -0.758712     -238.757
rec_devs(1998)    -0.732369     -278.276
rec_devs(1999)     -0.64818     -172.829
rec_devs(2000)    -0.483164      -178.21
rec_devs(2001)    -0.226934      -216.98
rec_devs(2002)     0.911973     -114.792
rec_devs(2003)     -3.22691      -180.61
rec_devs(2004)     0.588393     -145.704
rec_devs(2005)     -0.22591      -167.06
rec_devs(2006)     -1.26723     -160.866
rec_devs(2007)    -0.368538     -181.741
rec_devs(2008)     0.763864     -166.831
rec_devs(2009)    -0.101219      -208.38
rec_devs(2010)    -0.357437      -190.89
rec_devs(2011)   -0.0676698     -176.718
rec_devs(2012)    -0.188714     -204.617
rec_devs(2013)    -0.244579     -161.989
rec_devs(2014)       1.5603     -147.569
rec_devs(2015)      1.45173     -135.542
rec_devs(2016)      1.87484     -43.6771
rec_devs(2017)       -1.234     -134.733
rec_devs(2018)     -1.85512     -131.067
rec_devs(2019)     -2.11696     -112.579
rec_devs(2020)     -1.36188     -102.093
rec_devs(2021)    -0.675081     -138.205
rec_devs(2022)     0.762184     -165.051
rec_devs(2023)            0     -134.135
log_m_mu(1)     -1.36041      500.652
log_m_mu(2)    -0.478855      943.192
log_m_mu(3)     -1.31638 -3.11581e-08
prop_rec(1)       18.821    -0.571697
prop_rec(2)      8.17615      56.9642
log_f      4.65539     -249.848
f_dev(1)     -1.85307     -99.4281
f_dev(2)     -2.48388     -93.5424
f_dev(3)    -0.198423     -52.1546
f_dev(4)     0.796015     -41.3328
f_dev(5)     0.427634     -47.5137
f_dev(6)     0.348662     -47.1974
f_dev(7)   -0.0230984     -50.1489
f_dev(8)    -0.206575     -49.0801
f_dev(9)     0.452516     -45.7932
f_dev(10)     0.486592     -51.0313
f_dev(11)      1.28876     -53.3413
f_dev(12)     0.602523     -64.2379
f_dev(13)     0.190485     -72.1368
f_dev(14)    0.0901143     -53.3729
f_dev(15)     0.530684     -41.5408
f_dev(16)     0.750929     -49.4892
f_dev(17)      1.06082     -51.5254
f_dev(18)     -1.16264     -77.6096
f_dev(19)    -0.865109     -49.7902
f_dev(20)       0.1748      -52.184
f_dev(21)     0.460815     -67.9151
f_dev(22)    -0.867476     -71.7286
f_dev(23)     -1.36726     -61.7142
f_dev(24)    -0.410181     -43.2873
f_dev(25)     0.308976      -39.178
f_dev(26)     0.297975     -13.3281
f_dev(27)    0.0181467     -47.7703
f_dev(28)    -0.822566     -55.9694
f_dev(29)     -2.09905     -35.2456
f_dev(30)    -0.997821     -27.4273
f_dev(31)     0.251081     -5.77602
f_dev(32)     0.489896     -26.6796
f_dev(33)     0.981956     -13.4375
f_dev(34)     0.602286      -27.403
f_dev(35)    -0.343419     -50.5497
f_dev(36)    -0.261933      -70.725
f_dev(37)      1.05345     -36.0176
f_dev(38)      1.54916     -28.4286
f_dev(39)      1.95604     -26.5525
f_dev(40)     -1.20781      -65.893
fish_ret_sel_50      127.835      1350.43
fish_ret_sel_50_post      101.237     -3752.78
fish_ret_sel_slope    0.0211985      1953.08
fish_ret_sel_slope_post      2.06014      1112.68
fish_tot_sel_offset     -9.97248     -20.3723
fish_tot_sel_offset_dev(1)     -1.35319     -12946.6
fish_tot_sel_offset_dev(2)      1.54774       -12954
fish_tot_sel_offset_dev(3)     -1.20991     -12948.5
fish_tot_sel_offset_dev(4)      1.86804     -12950.6
fish_tot_sel_offset_dev(5)    -0.984496     -12951.3
fish_tot_sel_offset_dev(6)      1.03931     -12957.6
fish_tot_sel_offset_dev(7)      1.76987     -12951.7
fish_tot_sel_offset_dev(8)      2.75224       -12937
fish_tot_sel_offset_dev(9)      -0.3397     -12956.9
fish_tot_sel_offset_dev(10)    -0.431759     -12956.3
fish_tot_sel_offset_dev(11)     0.705061     -12958.8
fish_tot_sel_offset_dev(12)     0.297043     -12959.1
fish_tot_sel_offset_dev(13)     0.792655     -12958.6
fish_tot_sel_offset_dev(14)      1.01152     -12957.7
fish_tot_sel_offset_dev(15)      1.12434     -12957.1
fish_tot_sel_offset_dev(16)     0.337398     -12959.2
fish_tot_sel_offset_dev(17)    -0.738536     -12953.8
fish_tot_sel_offset_dev(18)    -0.489904     -12955.9
fish_tot_sel_offset_dev(19)    -0.792852     -12953.3
fish_tot_sel_offset_dev(20)    -0.493186     -12955.9
fish_tot_sel_offset_dev(21)     -1.20866     -12948.5
fish_tot_sel_offset_dev(22)       -1.186     -12948.8
fish_tot_sel_offset_dev(23)     -2.63915     -12921.4
fish_tot_sel_offset_dev(24)      1.18778     -12956.8
fish_tot_sel_offset_dev(25)      1.66758     -12952.8
fish_tot_sel_offset_dev(26)     0.676373     -12958.9
fish_tot_sel_offset_dev(27)    -0.721618       -12954
fish_tot_sel_offset_dev(28)     0.131863     -12958.9
fish_tot_sel_offset_dev(29)    -0.213209     -12957.6
fish_tot_sel_offset_dev(30)    -0.399188     -12956.5
fish_tot_sel_offset_dev(31)      1.84424     -12950.9
fish_tot_sel_offset_dev(32)     -2.33618     -12928.6
fish_tot_sel_offset_dev(33)     -1.78231     -12939.7
fish_tot_sel_offset_dev(34)     -1.59754     -12942.8
fish_tot_sel_offset_dev(35)    -0.898689     -12952.2
fish_tot_sel_offset_dev(36)        1.884     -12950.4
fish_tot_sel_offset_dev(37)    -0.167268     -12957.8
fish_tot_sel_offset_dev(38)     0.180575       -12959
fish_tot_sel_offset_dev(39)    0.0235547     -12958.6
fish_tot_sel_offset_dev(40)    -0.857842     -12952.6
fish_tot_sel_slope     -1.82785      3755.98
surv_omega     0.750325      25.5536
surv_alpha1     0.030978      2158.98
surv_beta1      106.008      170.152
surv_alpha2     0.555561      109.631
surv_beta2      42.1908      -59.421
