# Number of parameters = 308 Objective function value = 944.458808164401  Maximum gradient component = 12958.6410363837
# log_n_imm:
 15.9945140636773 16.6105738282959 20.7294206165703 11.1927105059768 20.4726957920449 19.4852823850360 19.7670221473704 19.7098982551040 18.0316514755403 19.1167531236973 18.6111592816182 13.9046992411915 17.7539307000177 16.3857715274347 16.7672971487035 12.3622098789123 12.9164084634318 9.98460736772146 11.7028542183138 9.30505519031937 7.13878407589657
# log_n_mat:
 15.7531005685279 11.4348508253126 18.0556801925410 16.4286834813962 18.3199928461011 19.1821715824596 19.3350099902307 18.9356505255367 18.8163755013477 18.6778975445868 18.8708081674573 16.7406655004981 17.2123348165150 19.2194230227437 14.9842058375097 17.8369048380401 16.9139459852146 14.2387434507538 11.1525861882628 13.5167281272487 11.3650745056777
# nat_m_dev:
 -0.161804413840960 0.0267863925380734 -0.628902681139531 -0.430550596674409 -1.24684910018009 -1.11082664749424 -0.945159006077467 -0.165837290380672 -0.268760439969575 0.00528746603630894 -0.416182989740725 0.257273024746649 0.296094869933307 0.230998161787904 0.868645941733039 0.936774270379493 0.394424497775421 -0.750446010893888 -0.314918518317427 0.475683101211809 -0.0827655167220304 -0.180219164949860 -0.252119874769765 -0.00253290476245403 -0.383535427293215 -0.0940767968547724 0.0827964376367401 -0.332566576871525 0.336267408054854 0.175849916002806 0.0745845444498172 0.000368557855501959 0.509116409271263 0.487262997324575 -0.102753910576071 -0.0760666920293096 0.877235872513410 1.88219724138972 0.00000000000000 -0.610175936576942 0.179362682482944 0.662870918138987
# nat_m_mat_dev:
 0.0447241938362696 0.745388834552413 0.971978260263362 -0.585073539962917 -1.31016750461679 -1.03633512960598 0.317664816055651 -0.171707726633415 1.05656968163140 1.71612179676054 0.343945786681155 -0.00725668816988330 0.0222637352557026 0.524872826596132 0.429471837499164 -0.00483813865827328 0.684452284936679 -0.385478936406906 -0.563592458663162 0.440867613394751 -0.0668966245086278 -0.414354223900599 -0.580666664262936 0.514836831552250 0.153967196061619 0.215566740823600 -0.0675281260341994 -0.923386927820256 -1.46756718838663 -0.634343640516786 0.446572349627453 0.0720691388951206 0.289931429194332 -0.103231235730259 -0.401644068050840 -0.295534477620322 0.561384696854714 0.579017603282706 0.00000000000000 0.406576011664595 0.0286276919166037 -1.18189576523208
# nat_m_lg_dev:
 0.284379382262447 0.252511995812631 0.0229809295470814 0.0288597143677024 0.0236561031510599 0.0519508814173547 0.0535973003981808 0.194387023721151 -0.152129270952971 -0.0751926857228132 0.0368393998708870 -0.357566429268895 0.290715466316767 0.141612713657265 -0.137690591530997 0.0796582268103786 -0.0629390991186730 -0.0288378315089265 -0.129632718468501 0.00479962517700539 -0.175722346381458 -0.243320035648785 -0.100319440921905 -0.199771896120866 0.535652264703136 0.0805579889241769 0.261090407535156 -0.300401285318618 -0.00370528853940188 -0.203091234682312 -0.169622248427679 -0.164867782222326 0.240784984914364 0.256366594637676 -0.0159221939615511 -0.117968942124404 0.0409209595755272 0.0999018816611893 0.247483111663984 -0.248889034019026 -0.105411285458309 -0.235705315726701
# q_dev:
 0.00000000000000 0.00000000000000 0.00000000000000 0.00000000000000 0.00000000000000 0.00000000000000 0.00000000000000 0.00000000000000 0.00000000000000 0.00000000000000 0.00000000000000 0.00000000000000 0.00000000000000 0.00000000000000 0.00000000000000 0.00000000000000 0.00000000000000 0.00000000000000 0.00000000000000 0.00000000000000 0.00000000000000 0.00000000000000 0.00000000000000 0.00000000000000 0.00000000000000 0.00000000000000 0.00000000000000 0.00000000000000 0.00000000000000 0.00000000000000 0.00000000000000 0.00000000000000 0.00000000000000 0.00000000000000 0.00000000000000 0.00000000000000 0.00000000000000 0.00000000000000 0.00000000000000 0.00000000000000 0.00000000000000 0.00000000000000
# q_mat_dev:
 0.00000000000000 0.00000000000000 0.00000000000000 0.00000000000000 0.00000000000000 0.00000000000000 0.00000000000000 0.00000000000000 0.00000000000000 0.00000000000000 0.00000000000000 0.00000000000000 0.00000000000000 0.00000000000000 0.00000000000000 0.00000000000000 0.00000000000000 0.00000000000000 0.00000000000000 0.00000000000000 0.00000000000000 0.00000000000000 0.00000000000000 0.00000000000000 0.00000000000000 0.00000000000000 0.00000000000000 0.00000000000000 0.00000000000000 0.00000000000000 0.00000000000000 0.00000000000000 0.00000000000000 0.00000000000000 0.00000000000000 0.00000000000000 0.00000000000000 0.00000000000000 0.00000000000000 0.00000000000000 0.00000000000000 0.00000000000000
# q_lg_dev:
 0.00000000000000 0.00000000000000 0.00000000000000 0.00000000000000 0.00000000000000 0.00000000000000 0.00000000000000 0.00000000000000 0.00000000000000 0.00000000000000 0.00000000000000 0.00000000000000 0.00000000000000 0.00000000000000 0.00000000000000 0.00000000000000 0.00000000000000 0.00000000000000 0.00000000000000 0.00000000000000 0.00000000000000 0.00000000000000 0.00000000000000 0.00000000000000 0.00000000000000 0.00000000000000 0.00000000000000 0.00000000000000 0.00000000000000 0.00000000000000 0.00000000000000 0.00000000000000 0.00000000000000 0.00000000000000 0.00000000000000 0.00000000000000 0.00000000000000 0.00000000000000 0.00000000000000 0.00000000000000 0.00000000000000 0.00000000000000
# log_avg_rec:
21.0050204474
# rec_devs:
 -0.162535192848 -0.123718121878 0.492991938015 1.42134223833 1.09292978954 0.643869472684 0.405191120712 0.446871064899 1.19615796374 1.92248701107 0.00188474031082 1.32523323031 -0.853230413970 -0.410093639055 -0.189256549815 -0.758711937884 -0.732368565305 -0.648179946522 -0.483164133517 -0.226934438803 0.911973166517 -3.22690885171 0.588393311384 -0.225910368887 -1.26723471264 -0.368537886292 0.763863836013 -0.101219225049 -0.357436500709 -0.0676697829030 -0.188714469671 -0.244579322493 1.56029866310 1.45173188580 1.87483987787 -1.23400078164 -1.85511996091 -2.11695930408 -1.36187921297 -0.675080549601 0.762183769505 0.00000000000
# sigma_m:
 1.00000000000 1.00000000000 1.00000000000
# log_m_mu:
 -1.36041477038 -0.478855063200 -1.31637910651
# prop_rec:
 18.8210376813 8.17614752154
# sigma_q:
 0.100000000000 0.100000000000
# log_f:
4.65539161333
# f_dev:
 -1.85307362557 -2.48388134943 -0.198423417593 0.796015301718 0.427634231820 0.348661687611 -0.0230983834730 -0.206574983679 0.452515789493 0.486592379115 1.28875964942 0.602522780565 0.190484897191 0.0901143183068 0.530683951887 0.750928988083 1.06081805333 -1.16264069442 -0.865108804230 0.174799697098 0.460815364730 -0.867476440958 -1.36726044736 -0.410181318981 0.308976178439 0.297974899160 0.0181467337347 -0.822565588910 -2.09904597742 -0.997820905976 0.251081286696 0.489895775465 0.981956461563 0.602286276964 -0.343419242387 -0.261932922753 1.05344704050 1.54916180169 1.95603990380 -1.20780934524
# fish_ret_sel_50:
127.834764692
# fish_ret_sel_50_post:
101.236963885
# fish_ret_sel_slope:
0.0211984845041
# fish_ret_sel_slope_post:
2.06013966058
# fish_tot_sel_offset:
-9.97247784006
# fish_tot_sel_offset_dev:
 -1.35318518486 1.54774461913 -1.20991245657 1.86803563296 -0.984495835299 1.03930784781 1.76987357877 2.75224466201 -0.339700200505 -0.431758663989 0.705061386042 0.297042731055 0.792654971997 1.01152076571 1.12433929172 0.337398431855 -0.738536268592 -0.489904146225 -0.792851927008 -0.493185878506 -1.20865709741 -1.18599507034 -2.63915236925 1.18777833899 1.66757857780 0.676373342041 -0.721617587720 0.131862850913 -0.213209175731 -0.399187712109 1.84423922617 -2.33617902004 -1.78231265273 -1.59754340161 -0.898688702696 1.88399772680 -0.167268473242 0.180575238328 0.0235546570308 -0.857842052731
# fish_tot_sel_slope:
-1.82785460908
# surv_omega:
0.750325142425
# surv_alpha1:
0.0309779633621
# surv_beta1:
106.008028484
# surv_alpha2:
0.555560801335
# surv_beta2:
42.1908074709
