# Number of parameters = 308 Objective function value = 308.524545369780  Maximum gradient component = 0.000793793168914104
# log_n_imm:
 18.5624264632860 19.6727510083564 19.7547032323130 19.9026448445525 19.8713347828864 19.7893753598188 19.4940894982589 19.4072701196621 19.3791919673109 18.8505163061994 18.3241490244804 18.3689149956533 17.8283159227703 16.7965970583626 15.2468323288498 13.2765610089488 11.9709406793702 10.3162782782515 9.60519429772914 8.24088475777294 6.50540052654934
# log_n_mat:
 17.7545603381109 11.5477530577576 15.7576349791879 17.4077196571299 18.3652897382682 18.9527885855844 19.0075196829623 18.8872840721151 18.9274502328639 19.0203394547926 18.8414821392285 18.4289056782545 18.0582055273981 18.2773769239132 18.2089757708711 17.5262702873296 16.6925551287047 15.6785794465224 14.6322968182714 13.3564292510804 12.0372484097238
# nat_m_dev:
 -0.117884683649046 -0.415180265748305 -0.561907978702800 -1.04079619499853 -1.13738668903621 -0.907319140663436 -0.675297961854790 -0.407395522666841 -0.176443616736455 0.0881386718211709 -0.0293248737569889 0.187620160645932 0.135081599867191 0.229346010704620 0.558241708873695 0.685359730603700 0.224046945362207 -0.685280204548261 -0.454617058571736 0.229111949413535 -0.148423542316784 -0.286329687338652 -0.330059686623983 -0.259780217737287 -0.413056176513598 -0.322285165872718 -0.456482998870698 -0.383037960341418 0.328168344263591 0.287206360877470 0.0223326361716953 -0.0227383224855480 0.618745597425947 0.508435883547765 -0.135094185579231 -0.372240577889692 0.525051720373210 1.90222725787473 0.00000000000000 -0.782266096005481 -0.270087437217220 0.261589023297332
# nat_m_mat_dev:
 -0.238180394455591 0.594679128324525 1.32150398412751 -0.547970335684488 -1.28075949172251 -0.941832435204745 -0.275296825893122 -0.118795582568200 0.231654071403485 1.00245453391666 0.0770166063956021 -0.0118908407910917 0.0899239073168635 0.613522258690054 0.540717141766662 0.550956758541134 0.686792227234546 -0.482348511299064 -0.638288154620470 0.343469112467912 0.229452986636962 -0.300274924171006 -0.375183803749810 0.426944481910799 0.625439618886856 0.537187142093713 0.0451636979458824 -0.802006186231308 -0.877895470527587 -0.230555756381828 0.716382606067188 0.131196119252400 0.590647863424918 0.273937148421730 -0.0776517471052408 0.0254029820192846 0.810004216201476 1.24200191216587 0.00000000000000 0.674510879818658 -0.103629282879835 -1.07834686183308
# nat_m_lg_dev:
 0.0763402954526728 -0.151427927863327 0.0561354382667971 0.0566319443720686 0.0610001218411573 -0.0199348736449279 -0.139069550185895 -0.262759955310498 -0.215596059339241 -0.0194761814774809 -0.0645327746286817 0.0870132534492398 0.145993031209874 0.207239712559731 -0.00791189841546315 0.0691716839776395 -0.115452313094865 -0.0337512251634749 0.164849731381540 -0.206534521756519 0.0647917796171800 -0.0140791903818205 -0.0488987805309511 0.0827489905141039 0.166204278071148 0.548996124500998 -0.160234760411339 0.0188119772812925 0.208168449569513 0.00102078595498044 -0.134670549687352 -0.0326172423542148 0.0718994270958049 -0.279270531696863 0.168549314995375 -0.0525915460708590 -0.0179805925951981 -0.147325803958610 -0.221096514549255 0.0888208057094644 0.0427375874597968 -0.0419119401635417
# q_dev:
 0.00000000000000 0.00000000000000 0.00000000000000 0.00000000000000 0.00000000000000 0.00000000000000 0.00000000000000 0.00000000000000 0.00000000000000 0.00000000000000 0.00000000000000 0.00000000000000 0.00000000000000 0.00000000000000 0.00000000000000 0.00000000000000 0.00000000000000 0.00000000000000 0.00000000000000 0.00000000000000 0.00000000000000 0.00000000000000 0.00000000000000 0.00000000000000 0.00000000000000 0.00000000000000 0.00000000000000 0.00000000000000 0.00000000000000 0.00000000000000 0.00000000000000 0.00000000000000 0.00000000000000 0.00000000000000 0.00000000000000 0.00000000000000 0.00000000000000 0.00000000000000 0.00000000000000 0.00000000000000 0.00000000000000 0.00000000000000
# q_mat_dev:
 0.00000000000000 0.00000000000000 0.00000000000000 0.00000000000000 0.00000000000000 0.00000000000000 0.00000000000000 0.00000000000000 0.00000000000000 0.00000000000000 0.00000000000000 0.00000000000000 0.00000000000000 0.00000000000000 0.00000000000000 0.00000000000000 0.00000000000000 0.00000000000000 0.00000000000000 0.00000000000000 0.00000000000000 0.00000000000000 0.00000000000000 0.00000000000000 0.00000000000000 0.00000000000000 0.00000000000000 0.00000000000000 0.00000000000000 0.00000000000000 0.00000000000000 0.00000000000000 0.00000000000000 0.00000000000000 0.00000000000000 0.00000000000000 0.00000000000000 0.00000000000000 0.00000000000000 0.00000000000000 0.00000000000000 0.00000000000000
# q_lg_dev:
 0.00000000000000 0.00000000000000 0.00000000000000 0.00000000000000 0.00000000000000 0.00000000000000 0.00000000000000 0.00000000000000 0.00000000000000 0.00000000000000 0.00000000000000 0.00000000000000 0.00000000000000 0.00000000000000 0.00000000000000 0.00000000000000 0.00000000000000 0.00000000000000 0.00000000000000 0.00000000000000 0.00000000000000 0.00000000000000 0.00000000000000 0.00000000000000 0.00000000000000 0.00000000000000 0.00000000000000 0.00000000000000 0.00000000000000 0.00000000000000 0.00000000000000 0.00000000000000 0.00000000000000 0.00000000000000 0.00000000000000 0.00000000000000 0.00000000000000 0.00000000000000 0.00000000000000 0.00000000000000 0.00000000000000 0.00000000000000
# log_avg_rec:
21.2670648336
# rec_devs:
 -0.299017510257 -0.324964048764 0.0454022231889 0.793185872557 0.169671154897 0.137949035664 -0.207376747722 0.125648959891 1.12854687853 1.46355879841 1.30974541110 0.465506447268 -0.795132211178 -0.912373768196 -0.600046433585 -0.574156953497 -0.729845668370 -1.09241359260 -0.877087451652 -0.0152225604053 0.0522043817332 0.0398563087431 -0.0926138441407 -0.757592653118 -1.57681645760 -0.411055087854 0.489257222483 -0.103083962770 -0.302954456762 -0.281077625350 -0.198397912022 -0.0338740224286 1.45114610510 1.38330529058 1.08861223854 -1.25259642805 -2.28671690435 -2.57663177451 -1.73555784204 -1.09211144325 0.595737052171 0.00000000000
# sigma_m:
 1.00000000000 1.00000000000 1.00000000000
# log_m_mu:
 -1.35304245433 -0.774265532782 -1.25353569130
# prop_rec:
 14.2475946012 2.92523965162
# sigma_q:
 0.100000000000 0.100000000000
# log_f:
0.137367177853
# f_dev:
 -1.26759449643 -1.90892289588 -0.423001950731 0.284588563612 -0.0126088663333 0.0677590480363 -0.224859833714 -0.282804148574 0.702525526125 0.549135271006 1.51074713861 0.814354668926 0.768999585184 0.388099979828 0.451769071559 0.501858210339 0.993882377218 -0.907380210246 -0.964572240563 0.0469577316196 0.201393363315 -0.879193370026 -1.17496110011 -0.517186013496 0.0946982490400 0.338849340662 -0.183858604770 -0.956451739362 -1.79369916542 -0.810021265137 0.0192281114165 0.414318790105 0.650837137520 0.438170847490 -0.130019474249 -0.0186072695637 1.03247527049 1.53201499678 1.78753512038 -1.13445575466
# fish_ret_sel_50:
96.9093084656
# fish_ret_sel_50_post:
102.052586092
# fish_ret_sel_slope:
0.214615397821
# fish_ret_sel_slope_post:
0.297360843459
# fish_tot_sel_offset:
-9.26540677010
# fish_tot_sel_offset_dev:
 -25.3286644895 6.82424550696 -26.3102905663 -8.39131996524 -36.6072648775 -24.9116717023 -17.7980970310 -33.4712611793 10.2853211828 20.9678029672 15.2094094522 -5.31206101781 -3.39142318093 -0.983766771115 39.8215433632 -36.8308930750 -2.85501711403 -39.0477838472 32.2232619076 18.1998855358 -3.88882047184 12.4527560143 19.3101368174 28.0745078333 17.3197741712 -19.5745551770 2.22432736975 -17.7206551863 20.7229257190 5.55892263053 -16.5218944975 -7.50627593420 21.8021892854 1.90046289758 33.3939023585 -22.3304662281 27.3825633963 14.3196550988 -20.1752631165 20.9638519207
# fish_tot_sel_slope:
-1.62410715086
# surv_omega:
0.569238949595
# surv_alpha1:
0.106071947097
# surv_beta1:
111.589701941
# surv_alpha2:
0.179560263566
# surv_beta2:
41.6216074357
