# Number of parameters = 308 Objective function value = 308.524545364293  Maximum gradient component = 0.000928667114247844
# log_n_imm:
 18.5624195318020 19.6727502556826 19.7547024587809 19.9026472892148 19.8713345150004 19.7893761951578 19.4940858849590 19.4072700475018 19.3791916419633 18.8505163297985 18.3241503317289 18.3689143567753 17.8283180442802 16.7965952805292 15.2468457385706 13.2765596501455 11.9710270019145 10.3162758188277 9.60481375565768 8.24069733691004 6.50589148820211
# log_n_mat:
 17.7545499558391 11.5477157526936 15.7576282276167 17.4077207340705 18.3652904887375 18.9527884838011 19.0075196025055 18.8872842348783 18.9274500880036 19.0203392098439 18.8414824683329 18.4289054577767 18.0582058292671 18.2773794480516 18.2089760409173 17.5262718638359 16.6925544083611 15.6785789779163 14.6323023809229 13.3564297512884 12.0372612875057
# nat_m_dev:
 -0.117884913346028 -0.415182431479323 -0.561907427930587 -1.04079680610828 -1.13738656703250 -0.907318942972972 -0.675298329000978 -0.407394355601539 -0.176442829057591 0.0881394175798546 -0.0293267758295865 0.187620892580846 0.135081680149181 0.229346988637907 0.558241270363788 0.685361999166981 0.224044312751786 -0.685280434353679 -0.454618418396602 0.229110029947386 -0.148423470776124 -0.286330101764975 -0.330060787516240 -0.259779452026793 -0.413056077357954 -0.322285806461078 -0.456483141636584 -0.383038695101535 0.328170159966040 0.287206097235394 0.0223328459276009 -0.0227390401929499 0.618748303496641 0.508434396817971 -0.135089602629798 -0.372240333734292 0.525050086590806 1.90222701475881 0.00000000000000 -0.782265604466587 -0.270087359951360 0.261589584558491
# nat_m_mat_dev:
 -0.238181729994575 0.594678676807678 1.32150453014445 -0.547969576195174 -1.28075869320505 -0.941832928164183 -0.275297553436828 -0.118795288433820 0.231653784848962 1.00245393667791 0.0770164514448811 -0.0118916075948560 0.0899234133525369 0.613523440005666 0.540716447035123 0.550956981748001 0.686790797014577 -0.482348054816802 -0.638287620953173 0.343469542520840 0.229453645367756 -0.300275100597313 -0.375182916168537 0.426945822132599 0.625439094706441 0.537188338563580 0.0451641918178317 -0.802004907095887 -0.877895164163256 -0.230556289718346 0.716382301786184 0.131198364477981 0.590647753600608 0.273935815062263 -0.0776536622134837 0.0254035833578082 0.810004384979680 1.24200171282737 0.00000000000000 0.674511810739690 -0.103628891547615 -1.07835004709052
# nat_m_lg_dev:
 0.343356084730449 -0.881174956452412 0.252483367012892 0.237094275880829 -0.483718129847903 0.0858802957350348 0.291745096518205 0.277153451891251 0.142667919909360 0.254243589917386 0.392921357606200 -0.440745444967959 0.125816911440872 -0.730801455048491 0.0817551672477631 0.402650563567615 0.285453933712126 0.254293497970041 0.153892609124534 -1.24942362611552 0.0414848873588968 0.247657985951104 0.500436571339796 0.278492139804325 0.119684680478430 -1.35751826765336 -0.552527336064923 0.527409339737677 0.152584989411819 0.257565610601573 -0.189462534401407 0.189323786508892 0.294561625352089 0.0172593383134011 0.212344144972283 -0.180134271930179 0.304553627814459 0.356382642919650 0.215575093534033 0.0217535597992230 0.173966471918673 -1.42693859559873
# q_dev:
 0.00000000000000 0.00000000000000 0.00000000000000 0.00000000000000 0.00000000000000 0.00000000000000 0.00000000000000 0.00000000000000 0.00000000000000 0.00000000000000 0.00000000000000 0.00000000000000 0.00000000000000 0.00000000000000 0.00000000000000 0.00000000000000 0.00000000000000 0.00000000000000 0.00000000000000 0.00000000000000 0.00000000000000 0.00000000000000 0.00000000000000 0.00000000000000 0.00000000000000 0.00000000000000 0.00000000000000 0.00000000000000 0.00000000000000 0.00000000000000 0.00000000000000 0.00000000000000 0.00000000000000 0.00000000000000 0.00000000000000 0.00000000000000 0.00000000000000 0.00000000000000 0.00000000000000 0.00000000000000 0.00000000000000 0.00000000000000
# q_mat_dev:
 0.00000000000000 0.00000000000000 0.00000000000000 0.00000000000000 0.00000000000000 0.00000000000000 0.00000000000000 0.00000000000000 0.00000000000000 0.00000000000000 0.00000000000000 0.00000000000000 0.00000000000000 0.00000000000000 0.00000000000000 0.00000000000000 0.00000000000000 0.00000000000000 0.00000000000000 0.00000000000000 0.00000000000000 0.00000000000000 0.00000000000000 0.00000000000000 0.00000000000000 0.00000000000000 0.00000000000000 0.00000000000000 0.00000000000000 0.00000000000000 0.00000000000000 0.00000000000000 0.00000000000000 0.00000000000000 0.00000000000000 0.00000000000000 0.00000000000000 0.00000000000000 0.00000000000000 0.00000000000000 0.00000000000000 0.00000000000000
# q_lg_dev:
 0.00000000000000 0.00000000000000 0.00000000000000 0.00000000000000 0.00000000000000 0.00000000000000 0.00000000000000 0.00000000000000 0.00000000000000 0.00000000000000 0.00000000000000 0.00000000000000 0.00000000000000 0.00000000000000 0.00000000000000 0.00000000000000 0.00000000000000 0.00000000000000 0.00000000000000 0.00000000000000 0.00000000000000 0.00000000000000 0.00000000000000 0.00000000000000 0.00000000000000 0.00000000000000 0.00000000000000 0.00000000000000 0.00000000000000 0.00000000000000 0.00000000000000 0.00000000000000 0.00000000000000 0.00000000000000 0.00000000000000 0.00000000000000 0.00000000000000 0.00000000000000 0.00000000000000 0.00000000000000 0.00000000000000 0.00000000000000
# log_avg_rec:
21.1564669844
# rec_devs:
 -0.188419237767 -0.214365751528 0.156000155110 0.903784105977 0.280269965297 0.248547563489 -0.0967798266348 0.236247880111 1.23914471392 1.57415675330 1.42034392055 0.576105462475 -0.684533999161 -0.801772970286 -0.489448103070 -0.463559671989 -0.619248120793 -0.981815473165 -0.766490100360 0.0953755738282 0.162802653087 0.150454487146 0.0179844398827 -0.646994719809 -1.46621815938 -0.300456548927 0.599855880638 0.00751564444424 -0.192355915132 -0.170479431438 -0.0877996212457 0.0767243183090 1.56174432864 1.49390321640 1.19921011250 -1.14199815220 -2.17612487438 -2.46603056816 -1.62496029717 -0.981512830054 0.706334662743 0.00000000000
# sigma_m:
 1.00000000000 1.00000000000 1.00000000000
# log_m_mu:
 -1.35304218129 -0.774265485771 -0.836004087677
# prop_rec:
 14.2476016904 2.92524610006
# sigma_q:
 0.100000000000 0.100000000000
# log_f:
0.137367075213
# f_dev:
 -1.26759522520 -1.90892349809 -0.423001380660 0.284589169325 -0.0126087762404 0.0677597116023 -0.224860057758 -0.282804225153 0.702525280011 0.549134879484 1.51074629462 0.814354263362 0.768999198562 0.388100388732 0.451769285580 0.501858533399 0.993881914746 -0.907380558903 -0.964572182181 0.0469576608395 0.201393376813 -0.879193585462 -1.17496111360 -0.517185773173 0.0946982784587 0.338849200808 -0.183858272712 -0.956451321125 -1.79369884928 -0.810021035082 0.0192280427630 0.414318997240 0.650837878229 0.438171029365 -0.130020370134 -0.0186078447048 1.03247542813 1.53201553187 1.78753511948 -1.13445539397
# fish_ret_sel_50:
96.9093080623
# fish_ret_sel_50_post:
102.052586738
# fish_ret_sel_slope:
0.214615403039
# fish_ret_sel_slope_post:
0.297360868766
# fish_tot_sel_offset:
-9.26540689365
# fish_tot_sel_offset_dev:
 21.8321210989 25.6403337013 5.93625964608 -32.0621035403 39.1072327606 -31.1656752626 -25.7006353436 -13.2464333291 17.5937595774 29.2616188583 4.74599598788 -0.402853450312 13.8999607972 -27.2463030385 30.5711182287 39.9074332741 -8.95593333654 -3.23145979187 6.86567961677 11.5677932411 37.8512130164 -38.7293561648 -11.1780339063 -16.6604777011 -37.2464486099 -8.44344514009 -10.8312225504 -30.9694057368 -14.0131561519 33.2545188707 -26.1583543932 25.1718274787 6.53960205480 -0.741001380224 -33.5669035146 -11.2390034595 -14.3549566645 34.9657431424 21.7445408849 -10.3135897698
# fish_tot_sel_slope:
-1.62410721752
# surv_omega:
0.569239011946
# surv_alpha1:
0.106071906270
# surv_beta1:
111.589699851
# surv_alpha2:
0.179560161418
# surv_beta2:
41.6216097394
