# Number of parameters = 308 Objective function value = 308.524545369957  Maximum gradient component = 0.000673088211886432
# log_n_imm:
 18.5624164889587 19.6727509240389 19.7547021170492 19.9026478255041 19.8713341455479 19.7893767706755 19.4940861861065 19.4072709813700 19.3791924785869 18.8505164488389 18.3241505582065 18.3689159928199 17.8283187212181 16.7965976088784 15.2468374515372 13.2765968485540 11.9710028302899 10.3163159266921 9.60521823220558 8.24092338361165 6.50605992384416
# log_n_mat:
 17.7545504288518 11.5477110165645 15.7575998960147 17.4077205343499 18.3652906055865 18.9527879902576 19.0075198384200 18.8872842416051 18.9274503020173 19.0203391402426 18.8414818148290 18.4289047335793 18.0582040393364 18.2773786668227 18.2089763819186 17.5262715592760 16.6925540863252 15.6785793098497 14.6322995684694 13.3564255947649 12.0372604675610
# nat_m_dev:
 -0.117881398271628 -0.415182686291471 -0.561910802679857 -1.04079672582237 -1.13738699705066 -0.907320018361420 -0.675297559309891 -0.407392598360809 -0.176442325903745 0.0881405008722792 -0.0293266053057987 0.187618205951909 0.135076160939772 0.229346172431257 0.558243126324056 0.685358192741011 0.224046344430772 -0.685280623200223 -0.454618759314223 0.229111222660294 -0.148423100765963 -0.286329303975147 -0.330060142277061 -0.259779275616855 -0.413056854256127 -0.322285667515278 -0.456482642186504 -0.383037384731778 0.328177231984988 0.287210522035009 0.0223307751988967 -0.0227378095872807 0.618743944169211 0.508431208940498 -0.135092152049596 -0.372239259522436 0.525050946361075 1.90222695733302 0.00000000000000 -0.782265769963518 -0.270087418561750 0.261589749557375
# nat_m_mat_dev:
 -0.238180811468427 0.594677295544467 1.32150418416641 -0.547969431468384 -1.28075869801939 -0.941832158842390 -0.275298542911157 -0.118796649728826 0.231654319441054 1.00245369365638 0.0770157218782161 -0.0118935996034497 0.0899229589367340 0.613523809918688 0.540716688503446 0.550957724067496 0.686791500112794 -0.482347033384102 -0.638287646112365 0.343467280705855 0.229456190755702 -0.300274116203522 -0.375183336413238 0.426943605899391 0.625440183742415 0.537189311219384 0.0451634963614040 -0.802005128900865 -0.877895518742586 -0.230555899712404 0.716381386180957 0.131196272183315 0.590646662180832 0.273938408994473 -0.0776509779276955 0.0254024477219010 0.810005267442594 1.24200171764208 0.00000000000000 0.674511714844456 -0.103629958299210 -1.07834754835630
# nat_m_lg_dev:
 -0.0102935880008928 -0.196363417161991 -0.129221439790227 0.308434962959043 0.239008185326587 0.0530269897606134 0.0542826953467625 0.0560408572397776 0.110761498531230 -0.144993934400153 -0.241091710592783 0.121636389361143 0.0163579996202698 0.0414610011379834 0.487054849699389 -0.167927359833796 -0.306868143809794 -0.189898472370410 0.0906611137763086 0.00119637510482508 0.107562006478063 0.0808643527296255 0.0344168145867337 -0.0473555334709893 0.00912787535770256 0.0405260065130321 0.125719656197106 0.0831690214615687 -0.142988917347057 0.0108678635767529 -0.126497163567306 0.333256872122825 -0.432939339668683 0.257204690386100 -0.276443756796495 -0.0207334940829274 0.282731067396408 -0.0127859594292362 0.165689664436658 -0.118445213496587 -0.291190095681845 -0.255021269605335
# q_dev:
 0.00000000000000 0.00000000000000 0.00000000000000 0.00000000000000 0.00000000000000 0.00000000000000 0.00000000000000 0.00000000000000 0.00000000000000 0.00000000000000 0.00000000000000 0.00000000000000 0.00000000000000 0.00000000000000 0.00000000000000 0.00000000000000 0.00000000000000 0.00000000000000 0.00000000000000 0.00000000000000 0.00000000000000 0.00000000000000 0.00000000000000 0.00000000000000 0.00000000000000 0.00000000000000 0.00000000000000 0.00000000000000 0.00000000000000 0.00000000000000 0.00000000000000 0.00000000000000 0.00000000000000 0.00000000000000 0.00000000000000 0.00000000000000 0.00000000000000 0.00000000000000 0.00000000000000 0.00000000000000 0.00000000000000 0.00000000000000
# q_mat_dev:
 0.00000000000000 0.00000000000000 0.00000000000000 0.00000000000000 0.00000000000000 0.00000000000000 0.00000000000000 0.00000000000000 0.00000000000000 0.00000000000000 0.00000000000000 0.00000000000000 0.00000000000000 0.00000000000000 0.00000000000000 0.00000000000000 0.00000000000000 0.00000000000000 0.00000000000000 0.00000000000000 0.00000000000000 0.00000000000000 0.00000000000000 0.00000000000000 0.00000000000000 0.00000000000000 0.00000000000000 0.00000000000000 0.00000000000000 0.00000000000000 0.00000000000000 0.00000000000000 0.00000000000000 0.00000000000000 0.00000000000000 0.00000000000000 0.00000000000000 0.00000000000000 0.00000000000000 0.00000000000000 0.00000000000000 0.00000000000000
# q_lg_dev:
 0.00000000000000 0.00000000000000 0.00000000000000 0.00000000000000 0.00000000000000 0.00000000000000 0.00000000000000 0.00000000000000 0.00000000000000 0.00000000000000 0.00000000000000 0.00000000000000 0.00000000000000 0.00000000000000 0.00000000000000 0.00000000000000 0.00000000000000 0.00000000000000 0.00000000000000 0.00000000000000 0.00000000000000 0.00000000000000 0.00000000000000 0.00000000000000 0.00000000000000 0.00000000000000 0.00000000000000 0.00000000000000 0.00000000000000 0.00000000000000 0.00000000000000 0.00000000000000 0.00000000000000 0.00000000000000 0.00000000000000 0.00000000000000 0.00000000000000 0.00000000000000 0.00000000000000 0.00000000000000 0.00000000000000 0.00000000000000
# log_avg_rec:
21.2300550601
# rec_devs:
 -0.262006954953 -0.287954176565 0.0824120664573 0.830195991500 0.206681850528 0.174959413446 -0.170368086739 0.162659535018 1.16555595157 1.50056727009 1.34675390891 0.502515679850 -0.758121752597 -0.875361347000 -0.563036814805 -0.537147637313 -0.692835799161 -1.05540301406 -0.840076475991 0.0217881485498 0.0892142589546 0.0768670295766 -0.0556029756737 -0.720582917369 -1.53980692230 -0.374043430673 0.526269305376 -0.0660709366522 -0.265943403688 -0.244068237866 -0.161389392370 0.00313531034625 1.48815477489 1.42031495616 1.12562162483 -1.21558461762 -2.24971458038 -2.53961759689 -1.69854841713 -1.05510110468 0.632746400547 0.00000000000
# sigma_m:
 1.00000000000 1.00000000000 1.00000000000
# log_m_mu:
 -1.35304209961 -0.774265592157 -1.15139437840
# prop_rec:
 14.2476014607 2.92524060005
# sigma_q:
 0.100000000000 0.100000000000
# log_f:
0.137366359949
# f_dev:
 -1.26759468241 -1.90892326995 -0.423002307417 0.284588178572 -0.0126089394598 0.0677598489708 -0.224860209162 -0.282804382257 0.702525621779 0.549135502648 1.51074673000 0.814354215048 0.768998700751 0.388100009397 0.451768945997 0.501858373263 0.993882386015 -0.907379988485 -0.964571776176 0.0469567443345 0.201392824175 -0.879193400357 -1.17496071787 -0.517186490086 0.0946979778021 0.338850166581 -0.183857910026 -0.956451380503 -1.79369889135 -0.810020931789 0.0192283096610 0.414319499212 0.650837764253 0.438171495585 -0.130019596870 -0.0186083550982 1.03247484281 1.53201538903 1.78753504491 -1.13445534152
# fish_ret_sel_50:
96.9093085917
# fish_ret_sel_50_post:
102.052585960
# fish_ret_sel_slope:
0.214615420437
# fish_ret_sel_slope_post:
0.297360902860
# fish_tot_sel_offset:
-9.26540209185
# fish_tot_sel_offset_dev:
 17.0627297645 -32.8529012641 39.9989064602 34.8684352551 -38.0461841586 -34.4704673488 38.2128362204 30.8713673718 -39.8799492961 -39.9672556318 2.87824386569 3.82217017424 38.7581380803 32.1745405256 -39.5135662524 39.9912159438 39.8757152862 -37.3144882128 36.9513358681 39.9894069694 -35.4489178589 39.9721359524 32.5122173884 -39.5671734346 39.9750372121 0.169522586323 -39.3324723580 -30.6673742495 -38.4328766582 23.9072794217 31.4498110284 -39.4145946752 -26.0198038846 -39.7434429113 -20.6478251114 -12.5674619139 39.9208278906 -17.4143946265 36.1345450063 -38.1952684251
# fish_tot_sel_slope:
-1.62410720851
# surv_omega:
0.569238966107
# surv_alpha1:
0.106071966103
# surv_beta1:
111.589703710
# surv_alpha2:
0.179560223892
# surv_beta2:
41.6216098984
