# Number of parameters = 308 Objective function value = 308.524545374316  Maximum gradient component = 0.000581189114146808
# log_n_imm:
 18.5624202330022 19.6727507023227 19.7547023319819 19.9026477467983 19.8713347733862 19.7893765344984 19.4940861857753 19.4072708183592 19.3791923884225 18.8505161645796 18.3241510874474 18.3689148974026 17.8283183289373 16.7965965438824 15.2468341846791 13.2765626700954 11.9710057405290 10.3162623549881 9.60520489648195 8.24095744961435 6.50682414925122
# log_n_mat:
 17.7545509536054 11.5477114046658 15.7576312338552 17.4077204483997 18.3652904449694 18.9527881563037 19.0075195510604 18.8872843661039 18.9274499150491 19.0203394435888 18.8414823957461 18.4289056012345 18.0582054029636 18.2773795471986 18.2089763224643 17.5262717465033 16.6925547464130 15.6785794083733 14.6322978765600 13.3564286723078 12.0372581245999
# nat_m_dev:
 -0.117883333107290 -0.415182103796432 -0.561907671285900 -1.04079601846059 -1.13738669751845 -0.907319847849250 -0.675297789215815 -0.407394564991815 -0.176442181258327 0.0881399734542360 -0.0293267238821058 0.187618666576853 0.135082227464495 0.229346194381748 0.558241993464533 0.685361786364876 0.224044024098252 -0.685280732799284 -0.454618863893356 0.229110657267095 -0.148423604489542 -0.286329409820350 -0.330060501123752 -0.259778835038543 -0.413055719907159 -0.322285431863691 -0.456483478353171 -0.383038062293449 0.328170022471504 0.287205617700426 0.0223326963448637 -0.0227384711985737 0.618745753700700 0.508435739039209 -0.135091102680709 -0.372240808764325 0.525050890924802 1.90222672540262 0.00000000000000 -0.782265750588472 -0.270087028537414 0.261589149837623
# nat_m_mat_dev:
 -0.238181911392817 0.594677792111693 1.32150461602853 -0.547970431401111 -1.28075930669464 -0.941832691429087 -0.275297864753748 -0.118796853700375 0.231655013143261 1.00245369352337 0.0770160775490330 -0.0118908308094738 0.0899236945222968 0.613523688319463 0.540716802062537 0.550957241498775 0.686790532110399 -0.482348840035329 -0.638288025934378 0.343467811828758 0.229454981050263 -0.300273412562087 -0.375182743858754 0.426945846908174 0.625438487065074 0.537188622133884 0.0451628247225072 -0.802005628008569 -0.877895522686511 -0.230556110555202 0.716382379648808 0.131196233889227 0.590648450985923 0.273937158207329 -0.0776508040499854 0.0254038280109118 0.810003332956244 1.24200207367988 0.00000000000000 0.674511807554760 -0.103629649699427 -1.07834757918351
# nat_m_lg_dev:
 -3.92965665949433 -0.865020483460668 -2.98490610771228 3.35846010553955 -0.677279077609780 -3.05640140965011 2.37893258804249 -0.740313942699632 -1.93321884246798 3.20280809772118 1.80974613137080 -3.87864230700971 -0.127710149577700 3.88124918592718 -2.52007944104651 -0.548012616573717 3.92572710878462 -3.55288249458460 2.12495795526379 -3.93399826010395 -1.80177539680487 3.56092270293657 -3.44364854287781 1.47122791286022 2.81724875998085 -1.86350251941905 -3.76766697138136 0.824899823397648 1.03643523089559 2.56823345786287 -1.14282381565838 2.88836583234618 -0.476743755569507 -3.65606671745589 -3.05713033909606 0.439851905019655 3.89243404285039 -1.60691596420408 1.98409415524814 2.95735290589101 2.81846912308242 1.62297878943683
# q_dev:
 0.00000000000000 0.00000000000000 0.00000000000000 0.00000000000000 0.00000000000000 0.00000000000000 0.00000000000000 0.00000000000000 0.00000000000000 0.00000000000000 0.00000000000000 0.00000000000000 0.00000000000000 0.00000000000000 0.00000000000000 0.00000000000000 0.00000000000000 0.00000000000000 0.00000000000000 0.00000000000000 0.00000000000000 0.00000000000000 0.00000000000000 0.00000000000000 0.00000000000000 0.00000000000000 0.00000000000000 0.00000000000000 0.00000000000000 0.00000000000000 0.00000000000000 0.00000000000000 0.00000000000000 0.00000000000000 0.00000000000000 0.00000000000000 0.00000000000000 0.00000000000000 0.00000000000000 0.00000000000000 0.00000000000000 0.00000000000000
# q_mat_dev:
 0.00000000000000 0.00000000000000 0.00000000000000 0.00000000000000 0.00000000000000 0.00000000000000 0.00000000000000 0.00000000000000 0.00000000000000 0.00000000000000 0.00000000000000 0.00000000000000 0.00000000000000 0.00000000000000 0.00000000000000 0.00000000000000 0.00000000000000 0.00000000000000 0.00000000000000 0.00000000000000 0.00000000000000 0.00000000000000 0.00000000000000 0.00000000000000 0.00000000000000 0.00000000000000 0.00000000000000 0.00000000000000 0.00000000000000 0.00000000000000 0.00000000000000 0.00000000000000 0.00000000000000 0.00000000000000 0.00000000000000 0.00000000000000 0.00000000000000 0.00000000000000 0.00000000000000 0.00000000000000 0.00000000000000 0.00000000000000
# q_lg_dev:
 0.00000000000000 0.00000000000000 0.00000000000000 0.00000000000000 0.00000000000000 0.00000000000000 0.00000000000000 0.00000000000000 0.00000000000000 0.00000000000000 0.00000000000000 0.00000000000000 0.00000000000000 0.00000000000000 0.00000000000000 0.00000000000000 0.00000000000000 0.00000000000000 0.00000000000000 0.00000000000000 0.00000000000000 0.00000000000000 0.00000000000000 0.00000000000000 0.00000000000000 0.00000000000000 0.00000000000000 0.00000000000000 0.00000000000000 0.00000000000000 0.00000000000000 0.00000000000000 0.00000000000000 0.00000000000000 0.00000000000000 0.00000000000000 0.00000000000000 0.00000000000000 0.00000000000000 0.00000000000000 0.00000000000000 0.00000000000000
# log_avg_rec:
20.8225536841
# rec_devs:
 0.145494347162 0.119547268373 0.489913529296 1.23769766276 0.614183264294 0.582461096561 0.237133808866 0.570160972554 1.57305815989 1.90807010826 1.75425689220 0.910018450018 -0.350620280358 -0.467859955338 -0.155534475346 -0.129646254846 -0.285334518256 -0.647901725571 -0.432576532108 0.429289390022 0.496716194269 0.484367743590 0.351898101562 -0.313081803335 -1.13230426418 0.0334566037741 0.933769118768 0.341428633970 0.141557704019 0.163433632846 0.246113377824 0.410638112781 1.89565777870 1.82781679767 1.53312331086 -0.808085976376 -1.84220971475 -2.13211747223 -1.29104634223 -0.647599678701 1.04024814721 0.00000000000
# sigma_m:
 1.00000000000 1.00000000000 1.00000000000
# log_m_mu:
 -1.35304210945 -0.774265454062 -1.06592409114
# prop_rec:
 14.2475965284 2.92524211333
# sigma_q:
 0.100000000000 0.100000000000
# log_f:
0.137366934342
# f_dev:
 -1.26759511264 -1.90892388934 -0.423001736857 0.284589077916 -0.0126088256155 0.0677596329408 -0.224859842194 -0.282804522859 0.702525348796 0.549135115854 1.51074652085 0.814354478959 0.768999416310 0.388100367817 0.451769272533 0.501858602246 0.993882460079 -0.907380586844 -0.964572278541 0.0469567096676 0.201392703356 -0.879193467727 -1.17496093438 -0.517185514559 0.0946982332797 0.338849451211 -0.183858475777 -0.956451594327 -1.79369897374 -0.810021068695 0.0192282077512 0.414318674125 0.650837404029 0.438170998716 -0.130019562054 -0.0186065794102 1.03247536419 1.53201524724 1.78753521549 -1.13445553780
# fish_ret_sel_50:
96.9093087303
# fish_ret_sel_50_post:
102.052586482
# fish_ret_sel_slope:
0.214615422486
# fish_ret_sel_slope_post:
0.297360856646
# fish_tot_sel_offset:
-9.26540466724
# fish_tot_sel_offset_dev:
 -4.38478624235 26.9796681526 -3.09232600854 32.0631184591 0.606708560078 22.0982361658 -36.8450760579 -35.9403927025 30.0084894183 6.45243387206 38.7908238324 -18.0791529465 -8.90062816601 -37.2600203726 -38.1367260751 2.51058452816 32.0600403046 -34.8011056778 -36.6573768276 -16.1145963649 -2.54696365015 -9.05701055755 39.9529452407 12.7544573882 38.8169078987 38.4553958089 -25.4534165043 -39.9845229733 -1.52841018916 -8.67020042531 -1.31541189671 -38.3245112858 27.6246991281 -37.4778492464 -1.28499565688 33.4228989562 19.0321944851 -39.6783503028 38.7570949423 35.1471329891
# fish_tot_sel_slope:
-1.62410713846
# surv_omega:
0.569238998616
# surv_alpha1:
0.106071935721
# surv_beta1:
111.589702801
# surv_alpha2:
0.179560199321
# surv_beta2:
41.6216098490
