# Number of parameters = 308 Objective function value = 308.524545368884  Maximum gradient component = 0.000679026669877029
# log_n_imm:
 18.5624219756590 19.6727503370680 19.7547020494984 19.9026471653051 19.8713345184664 19.7893763012474 19.4940858831833 19.4072706508595 19.3791923118138 18.8505168331705 18.3241503825412 18.3689146753510 17.8283176273976 16.7965960936142 15.2468337106438 13.2765577592647 11.9710020775186 10.3162748912771 9.60511032025002 8.24097941468728 6.50581581236661
# log_n_mat:
 17.7545488541289 11.5477343026843 15.7576281444189 17.4077202778461 18.3652902689772 18.9527879937698 19.0075190507797 18.8872840878194 18.9274496994685 19.0203394809254 18.8414823521516 18.4289053072447 18.0582049620357 18.2773791308854 18.2089759931021 17.5262715762795 16.6925544212970 15.6785791396549 14.6322996064705 13.3564294727350 12.0372599209466
# nat_m_dev:
 -0.117884091452272 -0.415181843751400 -0.561908419627210 -1.04079605841733 -1.13738657205495 -0.907319435810401 -0.675297159124341 -0.407393817217304 -0.176442771787506 0.0881394383096968 -0.0293258898628645 0.187618688711639 0.135081195238081 0.229345206549545 0.558242592326274 0.685362179629589 0.224043578013617 -0.685280498690324 -0.454618043818178 0.229109278663166 -0.148423359555758 -0.286329869166344 -0.330060008477156 -0.259778346469348 -0.413056346728264 -0.322285727869128 -0.456483573267900 -0.383038118158293 0.328170124276463 0.287204672458698 0.0223324585464882 -0.0227381819982370 0.618745431253797 0.508436299155241 -0.135091047279096 -0.372239635605638 0.525050220270456 1.90222691651141 0.00000000000000 -0.782265297641439 -0.270087100180858 0.261590312124038
# nat_m_mat_dev:
 -0.238182968367284 0.594677984233541 1.32150435262002 -0.547969723989720 -1.28075880483807 -0.941832488102144 -0.275297686229253 -0.118796535812029 0.231653771479761 1.00245355742556 0.0770172053058882 -0.0118913269639879 0.0899235517492485 0.613522358769272 0.540718302702293 0.550957160137477 0.686790329401614 -0.482348112645164 -0.638287663616667 0.343467640392315 0.229455902711351 -0.300273480453476 -0.375183206369831 0.426947117359125 0.625438117134218 0.537188332458532 0.0451626896603264 -0.802005378854284 -0.877895115361285 -0.230555973014083 0.716382823220348 0.131196364722642 0.590647746195369 0.273937826880981 -0.0776520067293906 0.0254016756224525 0.810003933161952 1.24200190322162 0.00000000000000 0.674512065491694 -0.103629882489104 -1.07834757237478
# nat_m_lg_dev:
 -3.13066111772520 -3.22142030258846 0.980360718324799 -3.19167631907662 -1.47763547996899 3.48787028092077 3.81632198984496 3.62096477075245 -1.41126940900078 -3.93974769954452 -2.85902977168998 -1.29574807585718 3.20555774545697 3.39519260563493 3.25760269235778 -3.04338777125225 -2.59918883132277 3.51683218806782 -2.44740363804805 1.07949028286437 -3.85845323938392 3.50837272637439 -3.94420506742205 -2.63762290062683 -1.60142377962392 3.98211727407831 -3.61069169007032 3.63675646059682 2.87699071975860 -2.78607059628531 3.19499704163379 -3.58908530093951 1.12639866053794 3.69771625507513 3.61847508452805 -0.627561484799952 1.73674685080434 2.85039909712003 2.75176402060460 -1.57906517407832 -3.94986774924198 -2.53971206678996
# q_dev:
 0.00000000000000 0.00000000000000 0.00000000000000 0.00000000000000 0.00000000000000 0.00000000000000 0.00000000000000 0.00000000000000 0.00000000000000 0.00000000000000 0.00000000000000 0.00000000000000 0.00000000000000 0.00000000000000 0.00000000000000 0.00000000000000 0.00000000000000 0.00000000000000 0.00000000000000 0.00000000000000 0.00000000000000 0.00000000000000 0.00000000000000 0.00000000000000 0.00000000000000 0.00000000000000 0.00000000000000 0.00000000000000 0.00000000000000 0.00000000000000 0.00000000000000 0.00000000000000 0.00000000000000 0.00000000000000 0.00000000000000 0.00000000000000 0.00000000000000 0.00000000000000 0.00000000000000 0.00000000000000 0.00000000000000 0.00000000000000
# q_mat_dev:
 0.00000000000000 0.00000000000000 0.00000000000000 0.00000000000000 0.00000000000000 0.00000000000000 0.00000000000000 0.00000000000000 0.00000000000000 0.00000000000000 0.00000000000000 0.00000000000000 0.00000000000000 0.00000000000000 0.00000000000000 0.00000000000000 0.00000000000000 0.00000000000000 0.00000000000000 0.00000000000000 0.00000000000000 0.00000000000000 0.00000000000000 0.00000000000000 0.00000000000000 0.00000000000000 0.00000000000000 0.00000000000000 0.00000000000000 0.00000000000000 0.00000000000000 0.00000000000000 0.00000000000000 0.00000000000000 0.00000000000000 0.00000000000000 0.00000000000000 0.00000000000000 0.00000000000000 0.00000000000000 0.00000000000000 0.00000000000000
# q_lg_dev:
 0.00000000000000 0.00000000000000 0.00000000000000 0.00000000000000 0.00000000000000 0.00000000000000 0.00000000000000 0.00000000000000 0.00000000000000 0.00000000000000 0.00000000000000 0.00000000000000 0.00000000000000 0.00000000000000 0.00000000000000 0.00000000000000 0.00000000000000 0.00000000000000 0.00000000000000 0.00000000000000 0.00000000000000 0.00000000000000 0.00000000000000 0.00000000000000 0.00000000000000 0.00000000000000 0.00000000000000 0.00000000000000 0.00000000000000 0.00000000000000 0.00000000000000 0.00000000000000 0.00000000000000 0.00000000000000 0.00000000000000 0.00000000000000 0.00000000000000 0.00000000000000 0.00000000000000 0.00000000000000 0.00000000000000 0.00000000000000
# log_avg_rec:
20.8193680691
# rec_devs:
 0.148679753534 0.122732806571 0.493099045185 1.24088321023 0.617368863147 0.585646712320 0.240319112049 0.573346468693 1.57624332576 1.91125547733 1.75744221418 0.913203657813 -0.347435318203 -0.464673949858 -0.152348927749 -0.126460833851 -0.282149308678 -0.644716351745 -0.429390805844 0.432474611832 0.499901890033 0.487553347374 0.355083514757 -0.309896082447 -1.12911886318 0.0366420484846 0.936954671488 0.344613923536 0.144742632537 0.166618998188 0.249299050283 0.413823286724 1.89884346115 1.83100231199 1.53630868810 -0.804899798614 -1.83902483836 -2.12893183800 -1.28786089670 -0.644413841794 1.04343366582 0.00000000000
# sigma_m:
 1.00000000000 1.00000000000 1.00000000000
# log_m_mu:
 -1.35304216187 -0.774265515566 -1.06689479387
# prop_rec:
 14.2475965967 2.92524271495
# sigma_q:
 0.100000000000 0.100000000000
# log_f:
0.137366899964
# f_dev:
 -1.26759493956 -1.90892359508 -0.423001793781 0.284588871775 -0.0126086417525 0.0677597490893 -0.224859766344 -0.282804111910 0.702525440047 0.549135081051 1.51074622058 0.814354578479 0.768999331898 0.388099846010 0.451769178430 0.501858841656 0.993882427917 -0.907380319470 -0.964571984500 0.0469572272928 0.201393180038 -0.879193122601 -1.17496086101 -0.517185080971 0.0946987110380 0.338849332986 -0.183858788198 -0.956451739783 -1.79369882987 -0.810021154640 0.0192283002011 0.414318685547 0.650836805090 0.438170836010 -0.130019632975 -0.0186077236548 1.03247465248 1.53201540636 1.78753470646 -1.13445532432
# fish_ret_sel_50:
96.9093080298
# fish_ret_sel_50_post:
102.052586127
# fish_ret_sel_slope:
0.214615409776
# fish_ret_sel_slope_post:
0.297360832954
# fish_tot_sel_offset:
-9.26540573073
# fish_tot_sel_offset_dev:
 -0.318277940925 29.2752985086 -28.5956602481 31.9076853018 2.40994633979 -19.5308033476 34.2684337774 -20.9359715439 26.8505656468 23.7981658884 -33.5064435993 -21.0341259736 -31.9396364539 7.04338879820 32.2237289208 21.3814563618 -8.27569116299 -30.4671231810 -11.8197834036 -5.53435808206 10.0675508880 -24.4035683978 -13.6525687383 -5.95377858336 -29.6460375325 -16.0824023628 33.8425715118 -34.3856755450 10.1943109582 11.1257200799 -6.36198995405 6.66652478065 21.6321969807 -25.3894088978 -6.67186048227 16.8057358484 18.9666343685 25.2987150610 -1.61664586607 12.3631812762
# fish_tot_sel_slope:
-1.62410714819
# surv_omega:
0.569238999595
# surv_alpha1:
0.106071936359
# surv_beta1:
111.589700746
# surv_alpha2:
0.179560189455
# surv_beta2:
41.6216101190
