# Number of parameters = 308 Objective function value = 308.524545405556  Maximum gradient component = 0.000963611800968364
# log_n_imm:
 18.5624162263070 19.6727496355407 19.7547058477588 19.9026422263249 19.8713352754197 19.7893767053390 19.4940853415436 19.4072685825920 19.3791942687349 18.8505162652626 18.3241510762337 18.3689132589013 17.8283133057911 16.7966022940950 15.2468068743164 13.2765729288677 11.9711199068611 10.3160639500717 9.60515226928179 8.24068373951076 6.51998698489981
# log_n_mat:
 17.7545668881514 11.5478239866940 15.7576166916744 17.4077217738586 18.3652878746184 18.9527865464085 19.0075186986890 18.8872819765051 18.9274469503375 19.0203394373494 18.8414797199849 18.4289020609405 18.0582011434220 18.2773734640240 18.2089745891014 17.5262706431394 16.6925520519501 15.6785776012066 14.6322966376171 13.3564101473632 12.0372093700218
# nat_m_dev:
 -0.117891619683846 -0.415179545141501 -0.561907657287464 -1.04079710872101 -1.13738581942796 -0.907319379319882 -0.675294612044949 -0.407395388742455 -0.176441332188396 0.0881356549461141 -0.0293242354286738 0.187628073542789 0.135078532831225 0.229336146810342 0.558248620232118 0.685363861646919 0.224035826686694 -0.685275823279894 -0.454614912508214 0.229109527856717 -0.148422053220539 -0.286330704630787 -0.330055064712590 -0.259784178429449 -0.413052978651127 -0.322283347143872 -0.456481872379981 -0.383040722772347 0.328164384091919 0.287206995507751 0.0223405313050322 -0.0227306773476728 0.618743876375623 0.508426474814017 -0.135088755516037 -0.372242873399236 0.525054331362330 1.90222651456493 0.00000000000000 -0.782265588544306 -0.270085802783493 0.261580115179274
# nat_m_mat_dev:
 -0.238196725736492 0.594680451502077 1.32150748067615 -0.547967671769429 -1.28075988040866 -0.941833604517491 -0.275298674744814 -0.118794780291138 0.231654144149027 1.00245407677038 0.0770152524975789 -0.0118901407422271 0.0899226853267570 0.613516591533587 0.540727509718631 0.550954580006331 0.686791044887860 -0.482351778408153 -0.638288267577653 0.343472237140806 0.229451412725302 -0.300273536897236 -0.375183054327046 0.426940076577856 0.625441373437790 0.537191237860846 0.0451602662013271 -0.802008154808191 -0.877897089977250 -0.230553054920832 0.716383032581136 0.131197823176856 0.590645779733027 0.273936254674894 -0.0776425306070505 0.0254153061211720 0.809998552029122 1.24200413493026 0.00000000000000 0.674510113281203 -0.103630909944968 -1.07834679586486
# nat_m_lg_dev:
 -1.45194631862914 -2.10524375160008 -1.47132258862609 3.97462139732413 -3.73327141796242 -3.68277340279491 -3.13765542513925 3.52517705964422 -3.97819402288291 3.54217500953834 -3.84298101651933 0.763380172556962 -3.95425209844999 2.85359725598662 3.84728894343814 3.16826029498269 -3.06399615909217 -3.30780389880854 -2.57532989335271 3.52446184819697 2.96136518821956 3.67120359523938 -1.02859403809948 -2.55320609844938 0.972739834273224 -2.97170028017901 -1.68204683789514 2.89081479328795 -2.93610556651033 3.74016795846372 0.973959583202857 1.95293871795468 3.61136627304697 -3.61717815797801 -3.91667779579418 -2.79743279058765 -1.67623178949426 3.40486393516520 3.44104557794549 -0.448618429844151 3.66543716342992 3.44769717679210
# q_dev:
 0.00000000000000 0.00000000000000 0.00000000000000 0.00000000000000 0.00000000000000 0.00000000000000 0.00000000000000 0.00000000000000 0.00000000000000 0.00000000000000 0.00000000000000 0.00000000000000 0.00000000000000 0.00000000000000 0.00000000000000 0.00000000000000 0.00000000000000 0.00000000000000 0.00000000000000 0.00000000000000 0.00000000000000 0.00000000000000 0.00000000000000 0.00000000000000 0.00000000000000 0.00000000000000 0.00000000000000 0.00000000000000 0.00000000000000 0.00000000000000 0.00000000000000 0.00000000000000 0.00000000000000 0.00000000000000 0.00000000000000 0.00000000000000 0.00000000000000 0.00000000000000 0.00000000000000 0.00000000000000 0.00000000000000 0.00000000000000
# q_mat_dev:
 0.00000000000000 0.00000000000000 0.00000000000000 0.00000000000000 0.00000000000000 0.00000000000000 0.00000000000000 0.00000000000000 0.00000000000000 0.00000000000000 0.00000000000000 0.00000000000000 0.00000000000000 0.00000000000000 0.00000000000000 0.00000000000000 0.00000000000000 0.00000000000000 0.00000000000000 0.00000000000000 0.00000000000000 0.00000000000000 0.00000000000000 0.00000000000000 0.00000000000000 0.00000000000000 0.00000000000000 0.00000000000000 0.00000000000000 0.00000000000000 0.00000000000000 0.00000000000000 0.00000000000000 0.00000000000000 0.00000000000000 0.00000000000000 0.00000000000000 0.00000000000000 0.00000000000000 0.00000000000000 0.00000000000000 0.00000000000000
# q_lg_dev:
 0.00000000000000 0.00000000000000 0.00000000000000 0.00000000000000 0.00000000000000 0.00000000000000 0.00000000000000 0.00000000000000 0.00000000000000 0.00000000000000 0.00000000000000 0.00000000000000 0.00000000000000 0.00000000000000 0.00000000000000 0.00000000000000 0.00000000000000 0.00000000000000 0.00000000000000 0.00000000000000 0.00000000000000 0.00000000000000 0.00000000000000 0.00000000000000 0.00000000000000 0.00000000000000 0.00000000000000 0.00000000000000 0.00000000000000 0.00000000000000 0.00000000000000 0.00000000000000 0.00000000000000 0.00000000000000 0.00000000000000 0.00000000000000 0.00000000000000 0.00000000000000 0.00000000000000 0.00000000000000 0.00000000000000 0.00000000000000
# log_avg_rec:
20.8296869339
# rec_devs:
 0.138361392916 0.112413272784 0.482781629494 1.23056455817 0.607048668021 0.575329942622 0.229996135593 0.563027688036 1.56592484932 1.90093800490 1.74712694470 0.902884452794 -0.357750412083 -0.474993091901 -0.162663868926 -0.136781398869 -0.292470516328 -0.655033644974 -0.439710716434 0.422156765588 0.489583217086 0.477236051873 0.344764915628 -0.320214521531 -1.13943907059 0.0263240697667 0.926636215484 0.334296084304 0.134423391311 0.156303295526 0.238979322763 0.403502767473 1.88852209049 1.82068419573 1.52599141360 -0.815201118919 -1.84933777034 -2.13925474860 -1.29818044388 -0.654731424711 1.03311338950 0.00000000000
# sigma_m:
 1.00000000000 1.00000000000 1.00000000000
# log_m_mu:
 -1.35304170367 -0.774265738572 -1.48235933955
# prop_rec:
 14.2476021849 2.92524890608
# sigma_q:
 0.100000000000 0.100000000000
# log_f:
0.137367400190
# f_dev:
 -1.26759632815 -1.90892499057 -0.423000378674 0.284591643105 -0.0126071327757 0.0677604744025 -0.224860272380 -0.282803846579 0.702524432705 0.549134830160 1.51074557327 0.814353510257 0.769000032437 0.388098367654 0.451768945619 0.501859327239 0.993882055104 -0.907381281150 -0.964573099963 0.0469584227009 0.201394017355 -0.879193964901 -1.17496080409 -0.517187463154 0.0946970067467 0.338850461130 -0.183858258597 -0.956452563023 -1.79369961986 -0.810022113041 0.0192278730430 0.414320087978 0.650837843704 0.438170244612 -0.130019474193 -0.0186032809398 1.03247501694 1.53201459509 1.78753582758 -1.13445571678
# fish_ret_sel_50:
96.9093122597
# fish_ret_sel_50_post:
102.052586437
# fish_ret_sel_slope:
0.214615443555
# fish_ret_sel_slope_post:
0.297360838863
# fish_tot_sel_offset:
-9.26540332860
# fish_tot_sel_offset_dev:
 -20.8965842509 -18.7317068760 -39.9830904034 -10.4184313512 -36.6997454350 35.3998878040 30.8378218694 12.3072396819 -39.0952656610 32.0653871867 36.4018918024 39.9046983904 -38.4058608577 -39.1279744465 35.0650004310 -5.54534792468 -36.3719534675 -14.3304263327 23.5126914700 9.47164101430 -38.9454963134 -0.453369346701 33.8977721190 -34.3714060850 39.1190541639 -39.5407377346 29.4555677611 0.658910711887 -10.6301325900 26.4023480622 37.0430056612 21.8619053892 23.7596834286 12.6470340481 39.3721327285 -31.9461143613 -39.1565848736 -13.3682197653 -39.9340437058 28.7688180585
# fish_tot_sel_slope:
-1.62410721589
# surv_omega:
0.569238962490
# surv_alpha1:
0.106071958980
# surv_beta1:
111.589698413
# surv_alpha2:
0.179560127756
# surv_beta2:
41.6216137193
