# Number of parameters = 308 Objective function value = 3182.38715925913  Maximum gradient component = 30405.0861177819
# log_n_imm:
 20.1874593647441 19.6289231208742 20.1870783690811 19.4390178418243 23.0009609732452 19.6219360958749 16.2979586318921 22.4830843538227 20.9470628333079 21.4274988064586 6.25323239035365 22.3354505094269 3.93003130532824 4.05153822241926 17.1037944623006 12.7374477674195 11.5916002191238 11.5671099848785 10.7600308925660 9.89301011614466 5.79168416100050
# log_n_mat:
 17.8330041188697 12.9437243942513 15.5986013111433 5.31627318524238 20.9778607276181 8.67277440866834 13.3240788786979 29.5980983768977 29.9197249314783 29.7515382693312 11.5175600160685 14.0611726107062 11.3722593648266 12.9953615844056 10.2818167804121 21.8295906475707 11.3045779662663 15.6146404505773 14.5949210598592 13.0354032469728 1.02512006119279
# nat_m_dev:
 1.53525050473301 0.670556136761328 0.991808625099213 0.130032436432893 -0.416604153600492 -0.713441701397214 0.228513265863959 -0.163176352611952 0.149667463459565 0.277366754058094 0.382692269645417 0.591005022422923 0.329914252982438 -0.271325832301173 -2.31882960818937 -0.360179537944180 1.30745763576037 -0.539816616457116 -0.224998943409954 1.63608296510557 0.729828784005142 -0.119668111610055 -0.386493383171655 0.177641247214773 -0.0190464892830497 0.147568425079655 -0.197035180288667 -1.57454997311649 -1.38482893798523 -0.968570930532501 -0.324558793646225 0.140067511780202 0.643053312820166 0.690120450837358 0.00161693115132376 -0.640910931705629 -0.449144400067771 1.49708746273023 0.00000000000000 -0.920017994207103 -0.800310743122000 0.0951295570818317
# nat_m_mat_dev:
 3.43949680098563 2.90158981658294 -0.426131289467777 -0.976044950288029 -1.44128831299698 -1.31707121518660 0.885916182632945 0.443473362823286 0.684182677066640 0.480616050475570 -1.64307295719737 0.0618287709055103 -0.0145463255803349 0.810612215415895 1.97962338048539 1.43069248909832 0.578023136631669 0.0955173356525991 -0.966364674010930 -1.61535288657384 -1.17026334928349 -0.129547082223251 -0.0704869769352565 0.0226038999100231 1.00406837279526 1.89801293009465 0.897699147786073 -0.192024167234339 -0.470720058371028 -0.414958767053639 -1.81484240280755 -1.85287364042896 -0.792658705179298 0.457476457836706 0.154645679280645 0.366291493270391 0.442472451157236 -1.66232397817854 0.00000000000000 1.81752682259610 -0.377047518764703 -1.61157295315033
# nat_m_lg_dev:
 0.109330001707032 0.0948585538536235 0.000572372962347011 -0.0710842721395866 0.0122388731981344 0.419737126832837 0.0368231274332265 0.298546809142112 -0.0930629893077486 0.0961988519288501 0.131708397404067 0.113292422143956 -0.390746130855986 -0.140547761654380 -0.282767623101291 -0.139590869539393 -0.0696683504826001 0.123823044620617 0.225987516595364 -0.259197568307896 -0.0725474842736500 0.0283004257053283 0.0263706336734655 0.00884733726996977 0.191099912110373 -0.0730605940654707 0.301592371509632 -0.0257968587498747 0.0974263721612860 0.0321127736761981 0.120147657032889 0.186735240781434 -0.392402620084634 -0.174655350328558 -0.263218682346770 -0.0292552180598496 -0.0480387117416872 -0.123360371010146 0.0606964334359945 0.155884348833951 -0.442844885322840 0.219515737359672
# q_dev:
 0.00000000000000 0.00000000000000 0.00000000000000 0.00000000000000 0.00000000000000 0.00000000000000 0.00000000000000 0.00000000000000 0.00000000000000 0.00000000000000 0.00000000000000 0.00000000000000 0.00000000000000 0.00000000000000 0.00000000000000 0.00000000000000 0.00000000000000 0.00000000000000 0.00000000000000 0.00000000000000 0.00000000000000 0.00000000000000 0.00000000000000 0.00000000000000 0.00000000000000 0.00000000000000 0.00000000000000 0.00000000000000 0.00000000000000 0.00000000000000 0.00000000000000 0.00000000000000 0.00000000000000 0.00000000000000 0.00000000000000 0.00000000000000 0.00000000000000 0.00000000000000 0.00000000000000 0.00000000000000 0.00000000000000 0.00000000000000
# q_mat_dev:
 0.00000000000000 0.00000000000000 0.00000000000000 0.00000000000000 0.00000000000000 0.00000000000000 0.00000000000000 0.00000000000000 0.00000000000000 0.00000000000000 0.00000000000000 0.00000000000000 0.00000000000000 0.00000000000000 0.00000000000000 0.00000000000000 0.00000000000000 0.00000000000000 0.00000000000000 0.00000000000000 0.00000000000000 0.00000000000000 0.00000000000000 0.00000000000000 0.00000000000000 0.00000000000000 0.00000000000000 0.00000000000000 0.00000000000000 0.00000000000000 0.00000000000000 0.00000000000000 0.00000000000000 0.00000000000000 0.00000000000000 0.00000000000000 0.00000000000000 0.00000000000000 0.00000000000000 0.00000000000000 0.00000000000000 0.00000000000000
# q_lg_dev:
 0.00000000000000 0.00000000000000 0.00000000000000 0.00000000000000 0.00000000000000 0.00000000000000 0.00000000000000 0.00000000000000 0.00000000000000 0.00000000000000 0.00000000000000 0.00000000000000 0.00000000000000 0.00000000000000 0.00000000000000 0.00000000000000 0.00000000000000 0.00000000000000 0.00000000000000 0.00000000000000 0.00000000000000 0.00000000000000 0.00000000000000 0.00000000000000 0.00000000000000 0.00000000000000 0.00000000000000 0.00000000000000 0.00000000000000 0.00000000000000 0.00000000000000 0.00000000000000 0.00000000000000 0.00000000000000 0.00000000000000 0.00000000000000 0.00000000000000 0.00000000000000 0.00000000000000 0.00000000000000 0.00000000000000 0.00000000000000
# log_avg_rec:
20.0379226497
# rec_devs:
 2.70006436661 1.46871465153 2.37806244717 3.48599912074 2.54328420162 -0.437634944181 1.71778858000 1.74586004884 -3.81049676201 1.81326121720 2.03829668116 -0.647701484898 0.593381467420 1.40527354243 -10.0937572264 0.863560850109 -5.25426955877 -1.25916433536 3.58761190602 -5.18610841626 3.73738573870 -2.92020554197 2.14273470345 2.24652346204 -6.41700843878 0.855946496327 -0.888116820206 1.01595309384 2.17943018067 -2.68858542198 2.63042381938 -0.847808963923 1.32726419711 0.957825630955 2.45267982506 -0.829098125674 -1.86618330641 -0.725717609343 -3.06917948896 -0.375875851055 1.14885489967 0.00000000000
# sigma_m:
 1.00000000000 1.00000000000 1.00000000000
# log_m_mu:
 -1.31664462320 -0.990157721698 -0.981566222740
# prop_rec:
 56.7459317056 65.7738330375
# sigma_q:
 0.100000000000 0.100000000000
# log_f:
3.96121709365
# f_dev:
 -1.56397625487 -4.03329523335 -1.26991570987 -1.85692367660 1.83501078793 4.80902213269 -0.346449992711 -2.70105915195 3.80873212948 0.404857960577 4.78532427764 3.79222413733 3.77124718925 4.77102183731 3.96832748703 -0.303917123510 3.25668257283 -2.29988013979 -5.12876993770 -0.0929926996380 3.07878192905 0.454230655049 -3.29898807328 -4.49357063634 1.18807507398 -3.63093964755 -0.578542711345 -1.54719066850 -5.03052931359 -5.18936766630 -2.42614392718 1.39492516836 4.33916945317 -1.02057818629 -1.09280113789 0.421158428044 -0.196123266937 2.00966491291 2.75965990404 -2.74616088150
# fish_ret_sel_50:
95.3058994056
# fish_ret_sel_50_post:
104.455081854
# fish_ret_sel_slope:
0.0580393598314
# fish_ret_sel_slope_post:
0.539624577729
# fish_tot_sel_offset:
-9.99999954586
# fish_tot_sel_offset_dev:
 37.0185770296 -38.8281713748 -39.7226351963 -38.7196855774 -34.1753787893 -38.4266910620 -39.0199382758 36.0950086789 37.8862304564 -38.4115565478 33.7665815305 39.9788702839 -37.9638030375 35.1613072489 -38.9517603619 -2.42908987021 -38.9283643046 33.5063918848 27.5035422360 -38.9086792268 37.9075929546 -37.5469381696 39.7015425652 32.8448653192 -35.9055336079 34.2315304675 4.74268540486 17.8689935873 9.17784994207 -38.9388080695 -24.7161522692 31.6329428341 39.9366783068 32.0522055871 -28.6316675365 32.4834457958 39.4668170621 -38.6877780632 -37.6562201455 33.6051923102
# fish_tot_sel_slope:
-0.804910625526
# surv_omega:
0.669280968376
# surv_alpha1:
0.0271515427047
# surv_beta1:
94.7397784624
# surv_alpha2:
1.16842223095
# surv_beta2:
28.9895679084
