# Number of parameters = 308 Objective function value = 308.524545358068  Maximum gradient component = 0.000245406899316183
# log_n_imm:
 18.5624218796840 19.6727503791495 19.7547023934635 19.9026476175357 19.8713346547784 19.7893762844550 19.4940859307802 19.4072706503126 19.3791921515388 18.8505164970364 18.3241504873941 18.3689148940792 17.8283179374383 16.7965948470538 15.2468353551409 13.2765662754733 11.9710268376931 10.3162799779174 9.60516739453038 8.24081450300827 6.50543970730780
# log_n_mat:
 17.7545503909126 11.5476694606192 15.7576253860016 17.4077208802134 18.3652903656917 18.9527881767720 19.0075196203748 18.8872843584375 18.9274495891347 19.0203396635556 18.8414824448667 18.4289055138838 18.0582052366864 18.2773791223735 18.2089760060889 17.5262715368329 16.6925541118826 15.6785794626945 14.6322985307523 13.3564264777328 12.0372560682994
# nat_m_dev:
 -0.117884082621657 -0.415182063109114 -0.561907095920232 -1.04079619851643 -1.13738691726105 -0.907318938331573 -0.675297801678217 -0.407394198186626 -0.176443220982013 0.0881411999407977 -0.0293265057012320 0.187619181890795 0.135081506162581 0.229345073619952 0.558242413192793 0.685361869283765 0.224044126000929 -0.685280664096043 -0.454618690979295 0.229109513068007 -0.148423215500291 -0.286329521985909 -0.330060067857940 -0.259778943109148 -0.413055996654948 -0.322285701559276 -0.456483098637958 -0.383038656700206 0.328169985944055 0.287206092802721 0.0223332308066235 -0.0227390270061905 0.618746303136078 0.508435290499792 -0.135090855350760 -0.372240275235690 0.525049963723921 1.90222703495937 0.00000000000000 -0.782265831625624 -0.270087479656517 0.261589634164189
# nat_m_mat_dev:
 -0.238182223756341 0.594678292268426 1.32150457417666 -0.547969935384723 -1.28075888934550 -0.941831971903028 -0.275297543079380 -0.118796191267124 0.231653599203651 1.00245398884587 0.0770166644484288 -0.0118920797527887 0.0899234701154020 0.613522911356828 0.540717422826437 0.550957280885356 0.686790555562969 -0.482348131609262 -0.638287743808832 0.343467847667625 0.229455465828525 -0.300274102737341 -0.375182746577352 0.426945369856320 0.625438634877966 0.537188578648203 0.0451630044024644 -0.802005210686628 -0.877895284094105 -0.230555729506568 0.716382508430302 0.131196417062335 0.590647642886304 0.273937452947869 -0.0776518735505894 0.0254025270785322 0.810004099193718 1.24200197206217 0.00000000000000 0.674511832378590 -0.103629977020681 -1.07834768493220
# nat_m_lg_dev:
 -0.0229920595602871 -0.0746936000042083 0.184185105606142 0.119574517195865 -0.0599703712549216 0.0486004244515407 0.0544844889446627 -0.0892218641421965 0.102847402512763 -0.109957348589967 0.132556665050532 -0.198148348070698 0.0240881363264599 -0.0919621547679504 0.175861167976524 0.346766207725337 -0.172095196087271 -0.0485389855106336 -0.0626036582715111 -0.0373894557831618 0.287385853103680 -0.0177707198424234 -0.0570673119633567 0.00219828422661077 -0.0731428104662342 -0.0914686913665584 -0.0446698521965948 -0.124907078120752 -0.0827012943561017 -0.165542570821091 -0.0184630317355279 0.0474002562755477 -0.121058653789353 0.00652817871906624 -0.0163570889309888 0.0145835574749211 -0.0590445815755747 0.00450024670368581 0.0666826155929613 -0.0338369052530337 0.130336989868421 0.125023534705679
# q_dev:
 0.00000000000000 0.00000000000000 0.00000000000000 0.00000000000000 0.00000000000000 0.00000000000000 0.00000000000000 0.00000000000000 0.00000000000000 0.00000000000000 0.00000000000000 0.00000000000000 0.00000000000000 0.00000000000000 0.00000000000000 0.00000000000000 0.00000000000000 0.00000000000000 0.00000000000000 0.00000000000000 0.00000000000000 0.00000000000000 0.00000000000000 0.00000000000000 0.00000000000000 0.00000000000000 0.00000000000000 0.00000000000000 0.00000000000000 0.00000000000000 0.00000000000000 0.00000000000000 0.00000000000000 0.00000000000000 0.00000000000000 0.00000000000000 0.00000000000000 0.00000000000000 0.00000000000000 0.00000000000000 0.00000000000000 0.00000000000000
# q_mat_dev:
 0.00000000000000 0.00000000000000 0.00000000000000 0.00000000000000 0.00000000000000 0.00000000000000 0.00000000000000 0.00000000000000 0.00000000000000 0.00000000000000 0.00000000000000 0.00000000000000 0.00000000000000 0.00000000000000 0.00000000000000 0.00000000000000 0.00000000000000 0.00000000000000 0.00000000000000 0.00000000000000 0.00000000000000 0.00000000000000 0.00000000000000 0.00000000000000 0.00000000000000 0.00000000000000 0.00000000000000 0.00000000000000 0.00000000000000 0.00000000000000 0.00000000000000 0.00000000000000 0.00000000000000 0.00000000000000 0.00000000000000 0.00000000000000 0.00000000000000 0.00000000000000 0.00000000000000 0.00000000000000 0.00000000000000 0.00000000000000
# q_lg_dev:
 0.00000000000000 0.00000000000000 0.00000000000000 0.00000000000000 0.00000000000000 0.00000000000000 0.00000000000000 0.00000000000000 0.00000000000000 0.00000000000000 0.00000000000000 0.00000000000000 0.00000000000000 0.00000000000000 0.00000000000000 0.00000000000000 0.00000000000000 0.00000000000000 0.00000000000000 0.00000000000000 0.00000000000000 0.00000000000000 0.00000000000000 0.00000000000000 0.00000000000000 0.00000000000000 0.00000000000000 0.00000000000000 0.00000000000000 0.00000000000000 0.00000000000000 0.00000000000000 0.00000000000000 0.00000000000000 0.00000000000000 0.00000000000000 0.00000000000000 0.00000000000000 0.00000000000000 0.00000000000000 0.00000000000000 0.00000000000000
# log_avg_rec:
21.2467158335
# rec_devs:
 -0.278667905208 -0.304614738746 0.0657516075171 0.813535555130 0.190021513612 0.158298956933 -0.187028014021 0.145999147640 1.14889621928 1.48390789265 1.33009443614 0.485856155764 -0.774783494483 -0.892021248442 -0.579696887776 -0.553808475464 -0.709497106704 -1.07206430477 -0.856738486813 0.00512694561954 0.0725540846208 0.0602056436996 -0.0722641058737 -0.737244209815 -1.55646603707 -0.390705414864 0.509607086781 -0.0827331902282 -0.282604255050 -0.260728402239 -0.178048544769 -0.0135242517093 1.47149576078 1.40365454129 1.10896107725 -1.23224776207 -2.26637138420 -2.55627915949 -1.71520863152 -1.07176171782 0.616086231355 0.00000000000
# sigma_m:
 1.00000000000 1.00000000000 1.00000000000
# log_m_mu:
 -1.35304209796 -0.774265489081 -1.50302460650
# prop_rec:
 14.2475944037 2.92524008005
# sigma_q:
 0.100000000000 0.100000000000
# log_f:
0.137366963652
# f_dev:
 -1.26759495873 -1.90892349088 -0.423001472309 0.284589068299 -0.0126087753556 0.0677597062544 -0.224859814792 -0.282804231800 0.702525164675 0.549134962282 1.51074653762 0.814354397698 0.768999110603 0.388100117689 0.451769110594 0.501858665123 0.993882309213 -0.907380378268 -0.964571917242 0.0469571200517 0.201393002080 -0.879193289437 -1.17496083719 -0.517185650994 0.0946981192131 0.338849278631 -0.183858570367 -0.956451680953 -1.79369898073 -0.810021114925 0.0192282104513 0.414319066919 0.650837347947 0.438170870019 -0.130019681274 -0.0186073604477 1.03247514456 1.53201530180 1.78753510194 -1.13445550797
# fish_ret_sel_50:
96.9093090074
# fish_ret_sel_50_post:
102.052586197
# fish_ret_sel_slope:
0.214615422721
# fish_ret_sel_slope_post:
0.297360868038
# fish_tot_sel_offset:
-9.26540429139
# fish_tot_sel_offset_dev:
 -35.2081133908 38.3994062967 38.0463735579 30.8549655254 35.1968256456 -30.2784089006 29.8382836004 -12.2942924079 -9.91248825073 39.3769129404 34.6049513972 29.3931750094 -12.9187749504 37.3691533428 16.7338148654 -25.6603126337 38.3456613756 38.7568284915 -26.0297694664 8.84868448135 -38.3851181551 -36.1638169917 -36.0009594504 -13.2241822634 38.6248978144 -34.4614950015 -38.7904667718 7.10687005631 39.5700727869 -29.6659917573 -37.5580943257 -16.0831924648 14.4115176158 -39.8907444196 -29.1712502908 -33.9832696642 1.84265906534 -31.9473737604 13.4468635417 36.8601979070
# fish_tot_sel_slope:
-1.62410713761
# surv_omega:
0.569239028930
# surv_alpha1:
0.106071922538
# surv_beta1:
111.589695276
# surv_alpha2:
0.179560222298
# surv_beta2:
41.6216099044
