# Number of parameters = 308 Objective function value = 308.524545474645  Maximum gradient component = 0.000525844915250275
# log_n_imm:
 18.5624115883734 19.6727528196620 19.7547045643595 19.9026487696891 19.8713365901565 19.7893774436422 19.4940874782683 19.4072729043229 19.3791933610730 18.8505181178438 18.3241512785048 18.3689163604203 17.8283188588166 16.7965963859566 15.2468345882980 13.2765732499233 11.9710065241361 10.3162823569175 9.60474830173237 8.24092943025861 6.41362931382564
# log_n_mat:
 17.7545492057711 11.5477127927732 15.7576424532002 17.4077204795573 18.3652900591877 18.9527881512409 19.0075192810646 18.8872833281352 18.9274497331313 19.0203391697397 18.8414822865223 18.4289050857735 18.0582058601147 18.2773792126367 18.2089762345299 17.5262712650469 16.6925537011890 15.6785788629580 14.6323037545423 13.3564202110588 12.0375658499978
# nat_m_dev:
 -0.117873861678158 -0.415183606650820 -0.561908325302104 -1.04079690486212 -1.13738718737924 -0.907319747126835 -0.675297990827898 -0.407395131767345 -0.176442784273830 0.0881400377002847 -0.0293273300621914 0.187617997795277 0.135080443437221 0.229349419624253 0.558239463478224 0.685364111245959 0.224041973562952 -0.685280972488875 -0.454618861919604 0.229110242604125 -0.148423988106249 -0.286329813581625 -0.330059965346488 -0.259779337706438 -0.413056423366388 -0.322286500639967 -0.456483798512939 -0.383039632710736 0.328168865183841 0.287205482067138 0.0223332995181929 -0.0227388418782965 0.618744827180521 0.508433632976294 -0.135088754070506 -0.372239333577880 0.525054296433671 1.90222559296099 0.00000000000000 -0.782265735424985 -0.270087200674560 0.261589724039387
# nat_m_mat_dev:
 -0.238184605868362 0.594678660983639 1.32150408851997 -0.547971272986016 -1.28075947058643 -0.941832985662387 -0.275297381267687 -0.118795873596908 0.231653791258465 1.00245387439540 0.0770164979136342 -0.0118913511547310 0.0899241007624240 0.613522757913834 0.540717550553987 0.550957201566700 0.686789493357375 -0.482345507301219 -0.638287086527472 0.343466698388174 0.229455243843816 -0.300275355783075 -0.375183444806947 0.426946718752589 0.625438705523996 0.537187730535765 0.0451638480817209 -0.802005296314075 -0.877895219077788 -0.230556149638125 0.716381873623487 0.131198428035503 0.590647282252072 0.273937449765778 -0.0776505193204927 0.0254071631809269 0.810001237020253 1.24200160795603 0.00000000000000 0.674512795970095 -0.103631103949304 -1.07834738511475
# nat_m_lg_dev:
 -0.429329072755363 -0.164385389581439 -0.238814260076226 2.24519325304685 -1.18471936196204 0.571133492756163 3.56816724471918 0.817875125515664 -0.127525026853676 -0.491387490361414 -0.373887152922841 -0.385868131969820 -0.551100551271595 -0.122362875244207 0.372427501892995 -0.103477437446259 -1.53004804875650 3.20573248002732 3.74916821404514 -1.45754243869443 2.55316978764465 -0.0900016386765842 0.529468602350212 -1.30825921140440 -2.24129002003865 -0.446734714250803 1.61176165354242 -0.342546635890357 -1.25907476696810 0.167226293703771 -0.721941099337557 -0.507362341310723 2.50809297363315 -0.500516589487717 -3.58691071998721 -0.112244658802515 -3.64970326270782 -0.363712614523721 -0.420079285669910 -0.984081331557764 1.50129385932498 0.294195646307140
# q_dev:
 0.00000000000000 0.00000000000000 0.00000000000000 0.00000000000000 0.00000000000000 0.00000000000000 0.00000000000000 0.00000000000000 0.00000000000000 0.00000000000000 0.00000000000000 0.00000000000000 0.00000000000000 0.00000000000000 0.00000000000000 0.00000000000000 0.00000000000000 0.00000000000000 0.00000000000000 0.00000000000000 0.00000000000000 0.00000000000000 0.00000000000000 0.00000000000000 0.00000000000000 0.00000000000000 0.00000000000000 0.00000000000000 0.00000000000000 0.00000000000000 0.00000000000000 0.00000000000000 0.00000000000000 0.00000000000000 0.00000000000000 0.00000000000000 0.00000000000000 0.00000000000000 0.00000000000000 0.00000000000000 0.00000000000000 0.00000000000000
# q_mat_dev:
 0.00000000000000 0.00000000000000 0.00000000000000 0.00000000000000 0.00000000000000 0.00000000000000 0.00000000000000 0.00000000000000 0.00000000000000 0.00000000000000 0.00000000000000 0.00000000000000 0.00000000000000 0.00000000000000 0.00000000000000 0.00000000000000 0.00000000000000 0.00000000000000 0.00000000000000 0.00000000000000 0.00000000000000 0.00000000000000 0.00000000000000 0.00000000000000 0.00000000000000 0.00000000000000 0.00000000000000 0.00000000000000 0.00000000000000 0.00000000000000 0.00000000000000 0.00000000000000 0.00000000000000 0.00000000000000 0.00000000000000 0.00000000000000 0.00000000000000 0.00000000000000 0.00000000000000 0.00000000000000 0.00000000000000 0.00000000000000
# q_lg_dev:
 0.00000000000000 0.00000000000000 0.00000000000000 0.00000000000000 0.00000000000000 0.00000000000000 0.00000000000000 0.00000000000000 0.00000000000000 0.00000000000000 0.00000000000000 0.00000000000000 0.00000000000000 0.00000000000000 0.00000000000000 0.00000000000000 0.00000000000000 0.00000000000000 0.00000000000000 0.00000000000000 0.00000000000000 0.00000000000000 0.00000000000000 0.00000000000000 0.00000000000000 0.00000000000000 0.00000000000000 0.00000000000000 0.00000000000000 0.00000000000000 0.00000000000000 0.00000000000000 0.00000000000000 0.00000000000000 0.00000000000000 0.00000000000000 0.00000000000000 0.00000000000000 0.00000000000000 0.00000000000000 0.00000000000000 0.00000000000000
# log_avg_rec:
20.9706188190
# rec_devs:
 -0.00256967479756 -0.0285185257651 0.341848147722 1.08963242202 0.466118089639 0.434395563275 0.0890689057912 0.422094900281 1.42499270606 1.76000442231 1.60619157343 0.761953622278 -0.498686276549 -0.615924704403 -0.303599748339 -0.277711898803 -0.433400012757 -0.795967153554 -0.580641905887 0.281223390886 0.348650777183 0.336302524058 0.203832271570 -0.461145974511 -1.28037101485 -0.114608920257 0.785703376345 0.193363181617 -0.00650835802056 0.0153687942246 0.0980476709498 0.262570781728 1.74759179577 1.67975151847 1.38505834318 -0.956150235261 -1.99027864183 -2.28018335930 -1.43911238211 -0.795664989228 0.892182475706 0.00000000000
# sigma_m:
 1.00000000000 1.00000000000 1.00000000000
# log_m_mu:
 -1.35304206302 -0.774265359649 -1.14463193133
# prop_rec:
 14.2476067174 2.92524984626
# sigma_q:
 0.100000000000 0.100000000000
# log_f:
0.137367756509
# f_dev:
 -1.26759521169 -1.90892376835 -0.423001551028 0.284589021444 -0.0126089605871 0.0677597396592 -0.224859929618 -0.282804295746 0.702525216221 0.549135009451 1.51074703166 0.814354724060 0.768999353244 0.388099815852 0.451769243669 0.501858744227 0.993882037079 -0.907380689188 -0.964571821130 0.0469569511631 0.201392914855 -0.879193259833 -1.17496145212 -0.517185387231 0.0946986431122 0.338849538700 -0.183858368650 -0.956451529521 -1.79369907588 -0.810021379415 0.0192276314244 0.414318872014 0.650837628453 0.438170759399 -0.130019774558 -0.0186059282758 1.03247495627 1.53201490031 1.78753510769 -1.13445545714
# fish_ret_sel_50:
96.9093072724
# fish_ret_sel_50_post:
102.052585934
# fish_ret_sel_slope:
0.214615411597
# fish_ret_sel_slope_post:
0.297360880343
# fish_tot_sel_offset:
-9.26541310396
# fish_tot_sel_offset_dev:
 -31.8545425018 -12.8357260780 38.5294188700 -5.10948003970 39.6103255479 -20.2836657000 -17.3069767464 2.59824836777 14.5579116353 15.6958066464 -28.2328096769 -30.2029373402 4.18834561768 -31.6528902478 -21.8203197434 -9.08201045437 8.88005656479 -3.73598154045 -39.9663925244 -4.47567765115 12.6319909787 28.1334327578 -34.8088645874 22.4247294099 25.4515681862 34.4496441744 17.5767423325 11.4644694314 -39.7975800761 -20.4049324533 13.8879804922 18.2279714414 16.9799369962 -2.19411253156 36.1269580546 9.95986473054 22.0333101860 30.0273089918 -29.8595590310 -39.8115624895
# fish_tot_sel_slope:
-1.62410728831
# surv_omega:
0.569238967234
# surv_alpha1:
0.106071946285
# surv_beta1:
111.589704440
# surv_alpha2:
0.179560129342
# surv_beta2:
41.6216091153
