# Number of parameters = 308 Objective function value = 1401.69224972885  Maximum gradient component = 3229.22778981594
# log_n_imm:
 17.8543065209491 25.3471985916560 6.16620966693928 25.7028357299936 20.6420824945799 25.1979918442367 24.0117516273413 23.4985831927259 23.3137003001496 23.0972023585853 21.9776390876740 19.0366760306461 21.6857974876037 21.9451842369581 14.8066165331178 14.5711715403586 15.5919817302685 11.6759626048191 8.23409412103217 9.27719846447723 6.88824867793389
# log_n_mat:
 20.5647829800840 10.2029396596080 17.1170712084768 18.5955485765400 23.0937551064038 24.0625538473574 22.6884233241957 21.8473171751954 21.7495359025004 21.5902453569316 21.5690531817855 20.5847569473846 17.3256505530079 1.39598332752392 19.8930151456374 20.0665874157094 19.5794870775538 15.8817498740185 14.4416339855393 13.9535056346885 11.4069970144123
# nat_m_dev:
 1.79226891838254 0.383154612863281 1.06544866859839 -1.29324461884304 -1.95315255778727 -1.52334745405309 1.45368819424455 -1.15910987393962 -0.253476887478600 1.56878000053489 0.324523165899020 0.434116892862071 0.722778437534515 -0.0318585606196424 1.03460600051228 1.02272053257933 1.21868739327234 -0.810212631606689 -0.313685216793786 0.996056088814220 -0.480422880728372 -1.24854513699296 -0.502965136987891 0.142660087192407 -1.07398477369001 -2.16553345582933 -0.836360595413087 -0.629723684617412 1.74454984012509 0.764215241496986 -0.123964309191531 -0.361656728389461 0.00386475443496489 -0.874393857300299 -0.340045923511733 -0.0640753724066831 1.45264981022251 2.05095534943483 0.00000000000000 -1.29604238113358 -0.576438339582887 0.0117538268265328
# nat_m_mat_dev:
 0.509323179625236 0.517891318397905 -1.35433720861500 -0.211546501361866 -0.715676751536347 -0.251600865999018 0.760158551598516 -0.0285862937777235 -0.0419627308206312 0.809945090946197 -0.0755873454332796 0.0907061625141184 -0.912510995932119 0.507409772255973 0.236245232181332 0.510986492812424 0.952371170997675 -0.184476006837600 -0.879647765388353 0.110437382613853 0.595243558594313 -0.0913875312678776 0.201895212492696 -0.127997262412902 -0.104708674756871 0.922479046791346 1.07225271833732 0.438913782613817 0.217064557387107 -0.118593885521880 -0.851634813003310 -1.03800108157575 0.547428989340686 0.521772498204355 -0.273205623174318 -0.719976387057544 0.358021337007152 1.52083974806596 0.00000000000000 0.231552376599949 -0.877237234724681 -1.53220819232628
# nat_m_lg_dev:
 -0.0211742347794139 -0.286506247455942 0.00657532542022216 0.0206818131371236 -0.112705745385328 0.422656837824254 -0.168345567315868 -0.0587401243784113 0.0630760736102012 0.204651273074151 -0.0355285113494989 -0.0699157420026903 -0.179245250599538 0.0189866351964590 0.151859457574116 0.0233797873149300 -0.545327300035307 -0.129078205029064 -0.154437939833024 -0.204973714812027 -0.214726190059464 -0.136903808886885 0.277181236771793 0.126643176648053 0.0736137828696900 -0.309999842777674 0.0982833912962962 -0.274040068179152 0.0520851023780651 0.194422980441643 0.313582510815101 0.144545707469327 0.0797055269471932 0.479323682821281 -0.103402559809962 -0.0686871107989434 0.296844323904546 0.187729320289595 0.0620913496636267 -0.0155583983324825 -0.158440231635570 -0.0501825020114208
# q_dev:
 0.00000000000000 0.00000000000000 0.00000000000000 0.00000000000000 0.00000000000000 0.00000000000000 0.00000000000000 0.00000000000000 0.00000000000000 0.00000000000000 0.00000000000000 0.00000000000000 0.00000000000000 0.00000000000000 0.00000000000000 0.00000000000000 0.00000000000000 0.00000000000000 0.00000000000000 0.00000000000000 0.00000000000000 0.00000000000000 0.00000000000000 0.00000000000000 0.00000000000000 0.00000000000000 0.00000000000000 0.00000000000000 0.00000000000000 0.00000000000000 0.00000000000000 0.00000000000000 0.00000000000000 0.00000000000000 0.00000000000000 0.00000000000000 0.00000000000000 0.00000000000000 0.00000000000000 0.00000000000000 0.00000000000000 0.00000000000000
# q_mat_dev:
 0.00000000000000 0.00000000000000 0.00000000000000 0.00000000000000 0.00000000000000 0.00000000000000 0.00000000000000 0.00000000000000 0.00000000000000 0.00000000000000 0.00000000000000 0.00000000000000 0.00000000000000 0.00000000000000 0.00000000000000 0.00000000000000 0.00000000000000 0.00000000000000 0.00000000000000 0.00000000000000 0.00000000000000 0.00000000000000 0.00000000000000 0.00000000000000 0.00000000000000 0.00000000000000 0.00000000000000 0.00000000000000 0.00000000000000 0.00000000000000 0.00000000000000 0.00000000000000 0.00000000000000 0.00000000000000 0.00000000000000 0.00000000000000 0.00000000000000 0.00000000000000 0.00000000000000 0.00000000000000 0.00000000000000 0.00000000000000
# q_lg_dev:
 0.00000000000000 0.00000000000000 0.00000000000000 0.00000000000000 0.00000000000000 0.00000000000000 0.00000000000000 0.00000000000000 0.00000000000000 0.00000000000000 0.00000000000000 0.00000000000000 0.00000000000000 0.00000000000000 0.00000000000000 0.00000000000000 0.00000000000000 0.00000000000000 0.00000000000000 0.00000000000000 0.00000000000000 0.00000000000000 0.00000000000000 0.00000000000000 0.00000000000000 0.00000000000000 0.00000000000000 0.00000000000000 0.00000000000000 0.00000000000000 0.00000000000000 0.00000000000000 0.00000000000000 0.00000000000000 0.00000000000000 0.00000000000000 0.00000000000000 0.00000000000000 0.00000000000000 0.00000000000000 0.00000000000000 0.00000000000000
# log_avg_rec:
25.7421188785
# rec_devs:
 0.654233795772 -0.715995793456 -0.228878586922 0.867280272265 1.63831097321 1.48735104071 1.26368902123 1.48873436637 3.00461304642 2.70772065063 2.08614617566 0.203037972332 0.961429420543 -6.26415815182 -0.657424140182 0.538060303183 -0.592415465065 -1.26412843238 -0.915219082872 -0.239710987587 -0.501503491863 -0.334989828176 -0.643454719219 -0.452648183594 -1.46854974339 0.410468583149 1.73319265580 2.01199667514 0.788306793426 -0.332272940193 0.0321514635684 -1.15059575353 1.44872877408 1.99602050650 2.73984499619 -0.873408715497 -3.60757796960 -2.40651172324 -4.63301759376 -0.604939619907 1.21031629214 0.00000000000
# sigma_m:
 1.00000000000 1.00000000000 1.00000000000
# log_m_mu:
 -0.621026542043 -0.513837851685 -1.26497279665
# prop_rec:
 14.2739163184 4.12973285240
# sigma_q:
 0.100000000000 0.100000000000
# log_f:
-3.21799006088
# f_dev:
 0.377338188663 0.0515983069240 1.22388984780 1.73676368862 1.75642729446 1.35759303757 0.744571801507 0.769676612119 1.22435611092 0.308885187949 1.14782828708 0.975315423249 0.769124423982 0.346472110532 0.126201028462 0.402845354046 0.989284135072 -0.160852309585 0.341946030704 0.955149931296 0.816715991929 -0.765366006960 -1.07662780098 -0.679570473535 -1.08754938644 -0.902864208847 -0.804435785935 -1.00657503040 -2.07798700572 -1.27062719268 -1.10207362295 -0.728554372221 -0.0747436639865 -0.291288406411 -1.94273770955 -2.32281330218 -1.87315482898 -0.392664006412 1.59049696925 0.548005351633
# fish_ret_sel_50:
91.4329395565
# fish_ret_sel_50_post:
99.5625348385
# fish_ret_sel_slope:
0.271146057650
# fish_ret_sel_slope_post:
0.165430326131
# fish_tot_sel_offset:
-8.81287582210
# fish_tot_sel_offset_dev:
 1.30189509039 5.06288080784 -4.33253272263 -2.80570850847 -2.81883935931 -0.520054779342 -1.51892078096 1.28893609104 1.21440755734 -1.19032098310 0.816454306621 -1.20715577598 -0.282596073009 2.02474217223 -0.337535592725 0.127457853592 0.325175510092 3.06307743757 -1.09045932230 0.997841431495 1.28927952031 -0.393745511509 1.00729959501 -2.19444696100 -0.451564174224 -0.961594194736 -3.35246434982 1.04379257879 -1.32455123896 0.469405278762 1.31309234097 -1.46512559492 -2.68831599130 0.0297550779071 2.71430110367 1.34757023313 2.91485046786 1.83532464027 -0.0119110751998 -1.23969610542
# fish_tot_sel_slope:
-1.48494863410
# surv_omega:
0.905483001564
# surv_alpha1:
7.85184299324
# surv_beta1:
127.474459471
# surv_alpha2:
0.0914234303448
# surv_beta2:
80.0901315976
