# Number of parameters = 308 Objective function value = 308.827790246050  Maximum gradient component = 0.000406358234759068
# log_n_imm:
 18.4649046437524 19.6755920867541 19.7549745481114 19.9034563510324 19.8716321330566 19.7893216388600 19.4938226131167 19.4069084484102 19.3789161367406 18.8503031568699 18.3239926477844 18.3688818283390 17.8283759586652 16.7966363924044 15.2468433124235 13.2765394580864 11.9710064441103 10.3162430302800 9.60565607680130 8.24096917452697 6.46037529044822
# log_n_mat:
 17.7416491242673 11.5414733311569 15.7595765996627 17.4122513776207 18.3678488604380 18.9537832104620 19.0073702354532 18.8863995253272 18.9264438288080 19.0194330325861 18.8407752355308 18.4285366871965 18.0581219788518 18.2773779238907 18.2090107590588 17.5263801228175 16.6927415272043 15.6787918028093 14.6325119809998 13.3566382633560 12.0376176820507
# nat_m_dev:
 -0.117609275388434 -0.415388832829442 -0.561970266681220 -1.04082616722642 -1.13771301502773 -0.907474589584965 -0.675334261339289 -0.407540942659992 -0.176445030798197 0.0884497382502640 -0.0291613047724175 0.188162842027577 0.135017991313938 0.229061397634694 0.558341404593776 0.685057200426135 0.224040775770732 -0.685991795570072 -0.455211822484836 0.229762206040569 -0.148696332091441 -0.286429022745760 -0.330544818365390 -0.259938591000354 -0.413388389639095 -0.322769063819650 -0.456684547116624 -0.384149454402489 0.327618305092811 0.287831588928044 0.0216630007516583 -0.0245456542251967 0.620990682623167 0.509386660823264 -0.135729368999383 -0.371189734053928 0.525856879934022 1.90373678662498 0.00000000000000 -0.781930158221154 -0.268769338601381 0.260441752126310
# nat_m_mat_dev:
 -0.237879198152450 0.595003855233740 1.32158888884775 -0.547887524245746 -1.28064970632598 -0.941828375550352 -0.275210266270451 -0.117854887410422 0.232525782180457 1.00265551566332 0.0770055102257373 -0.0125655853548700 0.0901695696219423 0.614346723494441 0.540871761163159 0.551335801951656 0.686814095818154 -0.482503770335551 -0.638254656829966 0.344363111556726 0.230784488616569 -0.299000210819123 -0.373690913288973 0.427318467649945 0.625153422333034 0.539300603718454 0.0464811883989012 -0.801816689248953 -0.878240557130562 -0.231253372283861 0.716851663518942 0.131880226791049 0.590679807336081 0.274020431619973 -0.0799903017663689 0.0215290584686215 0.810077482018469 1.23893787011625 0.00000000000000 0.675005680710034 -0.107025775187622 -1.07899444407970
# nat_m_lg_dev:
 -0.570080126678020 0.926886759998762 -0.534878850715605 1.27901082830980 -0.752352701978984 -0.541062389118331 -0.633733667846681 -0.310060311199937 -0.537040010861032 -0.824993233183839 0.496024598361605 0.142935261499243 -1.63653008811531 0.465127075584193 1.65064348872809 -0.545798193036696 1.86036966573332 -0.550378549018407 0.822096213543931 -0.600087591336154 -0.768241360501822 1.02377474696659 -0.540199530217473 -0.540337700845418 -0.551463365959828 -1.20495375336296 0.426080567511372 1.64855901154581 -0.592779561113300 -0.229736782152996 0.494244205155705 -0.770637404898133 1.38339140591569 0.904470739066336 -0.603122432538098 0.505028300583404 -0.323736922379134 0.917504818054355 1.14121657506188 -0.546128327706829 -0.837716251585721 -0.541315155269378
# q_dev:
 0.00000000000000 0.00000000000000 0.00000000000000 0.00000000000000 0.00000000000000 0.00000000000000 0.00000000000000 0.00000000000000 0.00000000000000 0.00000000000000 0.00000000000000 0.00000000000000 0.00000000000000 0.00000000000000 0.00000000000000 0.00000000000000 0.00000000000000 0.00000000000000 0.00000000000000 0.00000000000000 0.00000000000000 0.00000000000000 0.00000000000000 0.00000000000000 0.00000000000000 0.00000000000000 0.00000000000000 0.00000000000000 0.00000000000000 0.00000000000000 0.00000000000000 0.00000000000000 0.00000000000000 0.00000000000000 0.00000000000000 0.00000000000000 0.00000000000000 0.00000000000000 0.00000000000000 0.00000000000000 0.00000000000000 0.00000000000000
# q_mat_dev:
 0.00000000000000 0.00000000000000 0.00000000000000 0.00000000000000 0.00000000000000 0.00000000000000 0.00000000000000 0.00000000000000 0.00000000000000 0.00000000000000 0.00000000000000 0.00000000000000 0.00000000000000 0.00000000000000 0.00000000000000 0.00000000000000 0.00000000000000 0.00000000000000 0.00000000000000 0.00000000000000 0.00000000000000 0.00000000000000 0.00000000000000 0.00000000000000 0.00000000000000 0.00000000000000 0.00000000000000 0.00000000000000 0.00000000000000 0.00000000000000 0.00000000000000 0.00000000000000 0.00000000000000 0.00000000000000 0.00000000000000 0.00000000000000 0.00000000000000 0.00000000000000 0.00000000000000 0.00000000000000 0.00000000000000 0.00000000000000
# q_lg_dev:
 0.00000000000000 0.00000000000000 0.00000000000000 0.00000000000000 0.00000000000000 0.00000000000000 0.00000000000000 0.00000000000000 0.00000000000000 0.00000000000000 0.00000000000000 0.00000000000000 0.00000000000000 0.00000000000000 0.00000000000000 0.00000000000000 0.00000000000000 0.00000000000000 0.00000000000000 0.00000000000000 0.00000000000000 0.00000000000000 0.00000000000000 0.00000000000000 0.00000000000000 0.00000000000000 0.00000000000000 0.00000000000000 0.00000000000000 0.00000000000000 0.00000000000000 0.00000000000000 0.00000000000000 0.00000000000000 0.00000000000000 0.00000000000000 0.00000000000000 0.00000000000000 0.00000000000000 0.00000000000000 0.00000000000000 0.00000000000000
# log_avg_rec:
21.1080682939
# rec_devs:
 -0.137726294618 -0.170072524924 0.199042115242 0.952041062930 0.332883948620 0.296072228891 -0.0464615770180 0.277232911387 1.28167462183 1.62212764601 1.47117350436 0.631312993027 -0.635660170878 -0.758187115540 -0.442301915756 -0.418760457521 -0.567866321629 -0.935629008933 -0.725825747937 0.142367012365 0.208752659104 0.202693347475 0.0632198857466 -0.587149788481 -1.43013844825 -0.259236211260 0.646545208277 0.0610998184075 -0.148438184569 -0.122090441575 -0.0395147811304 0.106654258314 1.60620139228 1.54735130396 1.22659809950 -0.719026353362 -9.99994128764 -2.15246568769 -1.62229371603 -0.921245021842 0.742779837939 0.00000000000
# sigma_m:
 1.00000000000 1.00000000000 1.00000000000
# log_m_mu:
 -1.35257512300 -0.774306978490 -1.13781010923
# prop_rec:
 14.5088443360 3.13241040531
# sigma_q:
 0.100000000000 0.100000000000
# log_f:
0.137229824087
# f_dev:
 -1.26772174742 -1.90873537853 -0.422675351100 0.284556718501 -0.0128069248204 0.0673886816557 -0.225438643093 -0.282739516357 0.702012611992 0.549594091281 1.51064430053 0.814390711036 0.768711798509 0.388324101191 0.451830947391 0.501633122028 0.993629216520 -0.907572956367 -0.964621937576 0.0467663373220 0.201655406845 -0.878815490360 -1.17435941031 -0.516071277846 0.0937057787284 0.338947717597 -0.183577993683 -0.956954852677 -1.79336824055 -0.810152950158 0.0189327476831 0.412847937883 0.650858433207 0.438029155415 -0.129931097470 -0.0202506704948 1.03308931758 1.52964394025 1.78628831689 -1.12768695122
# fish_ret_sel_50:
96.9094591290
# fish_ret_sel_50_post:
102.052704160
# fish_ret_sel_slope:
0.214608687343
# fish_ret_sel_slope_post:
0.297315877022
# fish_tot_sel_offset:
-9.26225489268
# fish_tot_sel_offset_dev:
 13.0941129449 38.2623359100 -13.3174935874 -37.9804065503 -39.9942361009 28.8067953562 -39.8976665841 -37.3201772332 29.0373882027 37.9027290175 -38.1217733782 27.7046758785 39.9709450755 24.9688737711 21.2830996352 -18.6543740229 -19.2642236079 39.1682961231 31.6890693607 -34.2125688607 -17.3283624995 -26.8986201244 21.7927282559 35.4452890269 10.8117882571 -34.7617416868 -34.2336974052 -21.0422471514 -2.73548329363 -39.4861976019 33.9123448107 17.7710866643 -39.7957441810 -26.6868973157 -30.0158014871 30.6998487571 38.6852506027 39.9184340713 30.8141525486 -39.9915315980
# fish_tot_sel_slope:
-1.62403634050
# surv_omega:
0.568672329632
# surv_alpha1:
0.106352703817
# surv_beta1:
111.609794195
# surv_alpha2:
0.177516598042
# surv_beta2:
41.6474867960
