# Number of parameters = 308 Objective function value = 308.524545371475  Maximum gradient component = 0.000923322460750510
# log_n_imm:
 18.5624201709217 19.6727512308496 19.7547017141176 19.9026480650845 19.8713341691874 19.7893768755272 19.4940832330414 19.4072714298844 19.3791922427278 18.8505169856930 18.3241512626827 18.3689161555102 17.8283176931927 16.7965976430180 15.2468333705304 13.2765720524419 11.9710088345193 10.3162766821030 9.60524012703617 8.24117820239930 6.50616275134229
# log_n_mat:
 17.7545508070325 11.5477181431364 15.7576184532419 17.4077206614463 18.3652896761893 18.9527870333031 19.0075182930869 18.8872829186734 18.9274485050601 19.0203386757199 18.8414809838483 18.4289038910607 18.0582038055479 18.2773774156904 18.2089742204132 17.5262699254460 16.6925526240444 15.6785781262875 14.6322942934433 13.3564247640176 12.0372514070015
# nat_m_dev:
 -0.117888232051823 -0.415176261764780 -0.561906480087811 -1.04079648080763 -1.13738634636666 -0.907319692415190 -0.675299281401549 -0.407396576088555 -0.176443301002998 0.0881426220457738 -0.0293244893810610 0.187619706190551 0.135081354287775 0.229345190563264 0.558241229780871 0.685358361986122 0.224041703178093 -0.685281832720533 -0.454620338163525 0.229116019435548 -0.148420686702596 -0.286329595513832 -0.330062052103102 -0.259780231696613 -0.413057322735122 -0.322286035321836 -0.456482257822875 -0.383038109043964 0.328176334759890 0.287204451779837 0.0223307378389309 -0.0227396918147332 0.618744019565297 0.508435984848801 -0.135090121496414 -0.372239373013451 0.525050122275526 1.90222723187916 0.00000000000000 -0.782265660014563 -0.270087411798132 0.261590179669145
# nat_m_mat_dev:
 -0.238191383451562 0.594679205159684 1.32150551843369 -0.547970404681329 -1.28075877886680 -0.941831811717190 -0.275296951367775 -0.118796375762446 0.231653701984645 1.00245467499844 0.0770156881268422 -0.0118925881506582 0.0899217642169596 0.613523361339088 0.540715909052817 0.550956907406446 0.686792381598726 -0.482346161536373 -0.638286510331481 0.343470172069884 0.229454838150288 -0.300275060856533 -0.375183654939425 0.426944680796749 0.625438974291337 0.537188883226466 0.0451631426768231 -0.802004747540768 -0.877894664792455 -0.230555872780308 0.716382041861712 0.131195938342297 0.590649050820699 0.273938481078566 -0.0776495056238009 0.0254039917132262 0.810003417620712 1.24200199462092 0.00000000000000 0.674512124304822 -0.103630295715094 -1.07834728939192
# nat_m_lg_dev:
 -0.191329145071436 0.0190278647583595 -0.0782925786761992 0.0178167402912974 -0.0213074352576221 0.117867568799618 0.0354189400351599 0.112739711796658 0.128709522032573 -0.0276568327224194 -0.159924220759151 0.00390322167622158 0.151051364644060 0.140475976899788 -0.262083110128932 0.0782753914315339 -0.0931430913362665 -0.135469412207471 -0.00702389321875031 0.0496755011257841 -0.217534820503989 0.0818596103601123 0.209199091426582 0.0329159359455575 -0.0792864428857936 0.0539760393239623 0.318455981053146 0.197985899962658 -0.284422441959308 0.137723686665166 0.0518204235857533 0.274419140682582 -0.277395918612758 -0.266181908074480 -0.0193885138847514 0.0210458901170689 -0.130989038782818 -0.246978187274861 0.166726210089973 0.135261403625067 -0.152257175658498 0.114313050686825
# q_dev:
 0.00000000000000 0.00000000000000 0.00000000000000 0.00000000000000 0.00000000000000 0.00000000000000 0.00000000000000 0.00000000000000 0.00000000000000 0.00000000000000 0.00000000000000 0.00000000000000 0.00000000000000 0.00000000000000 0.00000000000000 0.00000000000000 0.00000000000000 0.00000000000000 0.00000000000000 0.00000000000000 0.00000000000000 0.00000000000000 0.00000000000000 0.00000000000000 0.00000000000000 0.00000000000000 0.00000000000000 0.00000000000000 0.00000000000000 0.00000000000000 0.00000000000000 0.00000000000000 0.00000000000000 0.00000000000000 0.00000000000000 0.00000000000000 0.00000000000000 0.00000000000000 0.00000000000000 0.00000000000000 0.00000000000000 0.00000000000000
# q_mat_dev:
 0.00000000000000 0.00000000000000 0.00000000000000 0.00000000000000 0.00000000000000 0.00000000000000 0.00000000000000 0.00000000000000 0.00000000000000 0.00000000000000 0.00000000000000 0.00000000000000 0.00000000000000 0.00000000000000 0.00000000000000 0.00000000000000 0.00000000000000 0.00000000000000 0.00000000000000 0.00000000000000 0.00000000000000 0.00000000000000 0.00000000000000 0.00000000000000 0.00000000000000 0.00000000000000 0.00000000000000 0.00000000000000 0.00000000000000 0.00000000000000 0.00000000000000 0.00000000000000 0.00000000000000 0.00000000000000 0.00000000000000 0.00000000000000 0.00000000000000 0.00000000000000 0.00000000000000 0.00000000000000 0.00000000000000 0.00000000000000
# q_lg_dev:
 0.00000000000000 0.00000000000000 0.00000000000000 0.00000000000000 0.00000000000000 0.00000000000000 0.00000000000000 0.00000000000000 0.00000000000000 0.00000000000000 0.00000000000000 0.00000000000000 0.00000000000000 0.00000000000000 0.00000000000000 0.00000000000000 0.00000000000000 0.00000000000000 0.00000000000000 0.00000000000000 0.00000000000000 0.00000000000000 0.00000000000000 0.00000000000000 0.00000000000000 0.00000000000000 0.00000000000000 0.00000000000000 0.00000000000000 0.00000000000000 0.00000000000000 0.00000000000000 0.00000000000000 0.00000000000000 0.00000000000000 0.00000000000000 0.00000000000000 0.00000000000000 0.00000000000000 0.00000000000000 0.00000000000000 0.00000000000000
# log_avg_rec:
21.2029262561
# rec_devs:
 -0.234877339932 -0.260824573447 0.109541493109 0.857325133567 0.233810645399 0.202088653096 -0.143238774457 0.189789143096 1.19268624799 1.52769778221 1.37388374128 0.529645014072 -0.730995060746 -0.848232115468 -0.535908449284 -0.510018790749 -0.665706626077 -1.02827294412 -0.812947305255 0.0489175789880 0.116343520913 0.103995074305 -0.0284744368904 -0.693454377472 -1.51267630601 -0.346915241673 0.553397710586 -0.0389426227722 -0.238814356299 -0.216939361539 -0.134259117121 0.0302652446557 1.51528575212 1.44744513994 1.15275090807 -1.18845333195 -2.22258602053 -2.51248783495 -1.67141906369 -1.02797186720 0.659876075613 0.00000000000
# sigma_m:
 1.00000000000 1.00000000000 1.00000000000
# log_m_mu:
 -1.35304198321 -0.774265459722 -0.955127927509
# prop_rec:
 14.2475954843 2.92523956922
# sigma_q:
 0.100000000000 0.100000000000
# log_f:
0.137366894953
# f_dev:
 -1.26759512410 -1.90892480735 -0.423001261805 0.284589544269 -0.0126084006975 0.0677600156254 -0.224859843534 -0.282804368529 0.702525078758 0.549134855848 1.51074626107 0.814354367295 0.768998708612 0.388100186761 0.451769035571 0.501857807397 0.993882608385 -0.907380277662 -0.964572161114 0.0469575649845 0.201393511348 -0.879193075768 -1.17496057504 -0.517185880152 0.0946981272100 0.338849280745 -0.183858673671 -0.956452055632 -1.79369919178 -0.810021042703 0.0192281744717 0.414318628609 0.650837627892 0.438171308693 -0.130019604138 -0.0186064879910 1.03247529457 1.53201505064 1.78753506717 -1.13445527426
# fish_ret_sel_50:
96.9093088507
# fish_ret_sel_50_post:
102.052587204
# fish_ret_sel_slope:
0.214615430431
# fish_ret_sel_slope_post:
0.297360867129
# fish_tot_sel_offset:
-9.26540301466
# fish_tot_sel_offset_dev:
 3.06649142648 -7.03284537265 10.0123050953 30.9247473096 -29.9930497749 7.85523885329 11.7798402115 -6.18795032836 22.7092494701 -5.96718181296 -24.4583351255 25.4663593399 -22.7366246340 -20.3994322560 -1.89341188645 7.50517965247 -33.5862186019 -29.0105868962 -24.3630896280 -22.5160735532 -14.5196745158 -14.2326248394 32.2259002165 -39.2737137060 37.5234396805 2.07823594512 11.9134599073 28.4421248097 11.5782157240 24.6550419365 -33.8100153516 18.6588391897 -0.473338302974 -2.32454987365 39.2212582962 9.33841039081 -11.4608784296 15.1212615352 -12.4317613407 6.59575723966
# fish_tot_sel_slope:
-1.62410713596
# surv_omega:
0.569239056460
# surv_alpha1:
0.106071832492
# surv_beta1:
111.589699773
# surv_alpha2:
0.179560206368
# surv_beta2:
41.6216116440
