# Number of parameters = 308 Objective function value = 308.524545362072  Maximum gradient component = 0.000578432820972496
# log_n_imm:
 18.5624216568973 19.6727501862996 19.7546995954538 19.9026458273125 19.8713330782655 19.7893747405034 19.4940845370656 19.4072694042381 19.3791908517523 18.8505146390660 18.3241499076068 18.3689137258289 17.8283180390012 16.7965951249561 15.2468319396757 13.2766007393545 11.9710090124581 10.3162482559670 9.60524247137793 8.24078279343874 6.50073772488944
# log_n_mat:
 17.7545491350871 11.5477327779811 15.7576248239665 17.4077199691655 18.3652900334967 18.9527876355830 19.0075191692715 18.8872837954888 18.9274496147095 19.0203391303349 18.8414818802815 18.4289048284205 18.0582043815751 18.2773781088394 18.2089749478710 17.5262704123003 16.6925534440977 15.6785777391534 14.6322968143656 13.3564277913866 12.0372755604287
# nat_m_dev:
 -0.117892783373442 -0.415184820389227 -0.561906657965867 -1.04079448975286 -1.13738542571502 -0.907319210830910 -0.675298983515204 -0.407398467512941 -0.176443326432531 0.0881465061660781 -0.0293225298388981 0.187617161040552 0.135080495887294 0.229343025167177 0.558245500475774 0.685360117727286 0.224046447162609 -0.685280948417864 -0.454619079843251 0.229109700101101 -0.148420234965435 -0.286318337231352 -0.330043659004635 -0.259780971198538 -0.413059560380677 -0.322293950417233 -0.456487893075196 -0.383040940816785 0.328150231178345 0.287218918698961 0.0223368483610030 -0.0227388940830919 0.618741010131131 0.508442918396711 -0.135093982169876 -0.372243236144666 0.525059080217859 1.90222508766332 0.00000000000000 -0.782261990970046 -0.270091704358613 0.261586402666810
# nat_m_mat_dev:
 -0.238183166197318 0.594676380882706 1.32150596899913 -0.547969778080535 -1.28075893922442 -0.941832782087501 -0.275298507209450 -0.118796602445008 0.231654199496010 1.00245475921231 0.0770156680155432 -0.0118940419854243 0.0899232910462895 0.613522840151152 0.540717723511117 0.550957564123046 0.686790957831419 -0.482347942172126 -0.638287169363803 0.343468710738533 0.229456221131102 -0.300272023836777 -0.375183506573317 0.426942260413741 0.625435093759186 0.537189386422383 0.0451621663581023 -0.802008732380009 -0.877894181873968 -0.230550433084721 0.716382269808796 0.131193773226479 0.590648352141928 0.273940282748204 -0.0776487076349661 0.0254039691885741 0.810002683796109 1.24200160617863 0.00000000000000 0.674512140879109 -0.103629325920990 -1.07834763749498
# nat_m_lg_dev:
 2.05557004227352 -1.69977578402014 0.298714176884473 -0.333564436143663 -3.12639719209329 -3.81693210477576 -0.953370351758464 3.97791505241396 -1.12113131208487 -1.52034018421722 -3.92726411622177 -3.43958702316184 -0.837392275358024 -1.32285975517061 0.195140069342732 1.73114952456334 1.93855189736406 -1.97653639796951 0.497447926343445 2.04836663817093 1.54181744939732 3.93362611004509 -3.02865505090218 1.34683387314854 -2.57494360703796 -2.28137931897310 -1.80684795376511 3.82792515848397 3.58112214797999 0.485509621185967 2.59994455680795 2.34098795720866 1.84355842856744 -3.29353491960889 -2.84739444205045 3.72298655394964 -1.51353368469332 3.48213637912182 -3.18401678254630 -3.84214923217830 3.00015730064113 3.99814506083679
# q_dev:
 0.00000000000000 0.00000000000000 0.00000000000000 0.00000000000000 0.00000000000000 0.00000000000000 0.00000000000000 0.00000000000000 0.00000000000000 0.00000000000000 0.00000000000000 0.00000000000000 0.00000000000000 0.00000000000000 0.00000000000000 0.00000000000000 0.00000000000000 0.00000000000000 0.00000000000000 0.00000000000000 0.00000000000000 0.00000000000000 0.00000000000000 0.00000000000000 0.00000000000000 0.00000000000000 0.00000000000000 0.00000000000000 0.00000000000000 0.00000000000000 0.00000000000000 0.00000000000000 0.00000000000000 0.00000000000000 0.00000000000000 0.00000000000000 0.00000000000000 0.00000000000000 0.00000000000000 0.00000000000000 0.00000000000000 0.00000000000000
# q_mat_dev:
 0.00000000000000 0.00000000000000 0.00000000000000 0.00000000000000 0.00000000000000 0.00000000000000 0.00000000000000 0.00000000000000 0.00000000000000 0.00000000000000 0.00000000000000 0.00000000000000 0.00000000000000 0.00000000000000 0.00000000000000 0.00000000000000 0.00000000000000 0.00000000000000 0.00000000000000 0.00000000000000 0.00000000000000 0.00000000000000 0.00000000000000 0.00000000000000 0.00000000000000 0.00000000000000 0.00000000000000 0.00000000000000 0.00000000000000 0.00000000000000 0.00000000000000 0.00000000000000 0.00000000000000 0.00000000000000 0.00000000000000 0.00000000000000 0.00000000000000 0.00000000000000 0.00000000000000 0.00000000000000 0.00000000000000 0.00000000000000
# q_lg_dev:
 0.00000000000000 0.00000000000000 0.00000000000000 0.00000000000000 0.00000000000000 0.00000000000000 0.00000000000000 0.00000000000000 0.00000000000000 0.00000000000000 0.00000000000000 0.00000000000000 0.00000000000000 0.00000000000000 0.00000000000000 0.00000000000000 0.00000000000000 0.00000000000000 0.00000000000000 0.00000000000000 0.00000000000000 0.00000000000000 0.00000000000000 0.00000000000000 0.00000000000000 0.00000000000000 0.00000000000000 0.00000000000000 0.00000000000000 0.00000000000000 0.00000000000000 0.00000000000000 0.00000000000000 0.00000000000000 0.00000000000000 0.00000000000000 0.00000000000000 0.00000000000000 0.00000000000000 0.00000000000000 0.00000000000000 0.00000000000000
# log_avg_rec:
20.9659831643
# rec_devs:
 0.00206381591056 -0.0238819660527 0.346484419241 1.09426836704 0.470753598162 0.439031929024 0.0937044205098 0.426732806549 1.42963023070 1.76464119379 1.61082664839 0.766588163747 -0.494050610178 -0.611287637471 -0.298963733146 -0.273074969682 -0.428763170012 -0.791330174072 -0.576003943693 0.285861817722 0.353289359166 0.340939126095 0.208467287250 -0.456515175528 -1.27573203780 -0.109975702706 0.790337141297 0.197996478937 -0.00186969854470 0.0200065150337 0.102684189970 0.267209306975 1.75222990338 1.68438827278 1.38969372933 -0.951515016065 -1.98564214903 -2.27554661360 -1.43447515360 -0.791028666559 0.896819453332 0.00000000000
# sigma_m:
 1.00000000000 1.00000000000 1.00000000000
# log_m_mu:
 -1.35304235163 -0.774265428820 -1.13686431660
# prop_rec:
 14.2475840670 2.92523313474
# sigma_q:
 0.100000000000 0.100000000000
# log_f:
0.137366803339
# f_dev:
 -1.26759414238 -1.90892462052 -0.423001795335 0.284589870109 -0.0126084815716 0.0677594528882 -0.224860230695 -0.282804820281 0.702524490332 0.549134391639 1.51074655926 0.814354146043 0.768999051649 0.388099761442 0.451768571592 0.501858355509 0.993882873247 -0.907380069247 -0.964571538299 0.0469576066482 0.201393755021 -0.879192861861 -1.17495974282 -0.517184432216 0.0946980662956 0.338849655450 -0.183857807576 -0.956451969578 -1.79369986408 -0.810021165839 0.0192282705472 0.414317081342 0.650835781686 0.438170342722 -0.130018856404 -0.0186056413856 1.03247476884 1.53201646671 1.78753466685 -1.13445594572
# fish_ret_sel_50:
96.9093100766
# fish_ret_sel_50_post:
102.052586481
# fish_ret_sel_slope:
0.214615436705
# fish_ret_sel_slope_post:
0.297360894246
# fish_tot_sel_offset:
-9.26540091275
# fish_tot_sel_offset_dev:
 34.8500722321 38.4515022796 25.4292878419 38.8222395229 25.5333229396 29.5210433086 -28.8247767167 39.7264610039 -32.3859486162 12.8883913033 39.4002830903 34.4935819816 19.3677421327 -34.0138966202 -8.16599913181 -33.8059382738 -39.9948731074 -0.805025411039 -14.6752722272 -37.2861990584 37.5185751111 -39.0877233939 39.9209825599 -38.1003051870 -28.2901438696 -34.7156370119 39.9980652354 30.6389023786 1.46092786030 -38.9299031019 4.35803931112 -38.9729653284 -38.6237288527 -38.7553419908 -38.7617285541 7.72684122921 32.5659490579 39.3531023511 26.0597460407 -33.8896523190
# fish_tot_sel_slope:
-1.62410706450
# surv_omega:
0.430760962562
# surv_alpha1:
0.179560319388
# surv_beta1:
41.6216092018
# surv_alpha2:
0.106071890951
# surv_beta2:
111.589703751
