# Number of parameters = 308 Objective function value = 308.524545374139  Maximum gradient component = 0.000816939957293175
# log_n_imm:
 18.5624235380085 19.6727489831860 19.7547040452887 19.9026470873154 19.8713341877016 19.7893765708647 19.4940841828866 19.4072719334014 19.3791916694141 18.8505168036051 18.3241495910027 18.3689145553535 17.8283186513307 16.7965935330794 15.2468327562261 13.2765559576708 11.9710054867555 10.3164025082993 9.60517735618998 8.24096593179350 6.50724107957878
# log_n_mat:
 17.7545517144783 11.5477236628778 15.7576414228996 17.4077224326523 18.3652914423078 18.9527882954791 19.0075196555796 18.8872845169459 18.9274505541014 19.0203401787654 18.8414826003584 18.4289051254350 18.0582046567706 18.2773798664115 18.2089763974633 17.5262721852811 16.6925546301107 15.6785790730868 14.6322989429149 13.3564331684417 12.0372507913060
# nat_m_dev:
 -0.117885067210733 -0.415181184833661 -0.561906310268844 -1.04079599882089 -1.13738649260642 -0.907320255307519 -0.675298834045079 -0.407395008296945 -0.176441000769545 0.0881395228069881 -0.0293268643611706 0.187619640418635 0.135082481890041 0.229344500075629 0.558243139241816 0.685361106582103 0.224041729432162 -0.685279485638653 -0.454617444379379 0.229108997593701 -0.148422154392349 -0.286328650435134 -0.330061908612117 -0.259777046303600 -0.413054866987105 -0.322286493013777 -0.456484417542017 -0.383037962708559 0.328169960989525 0.287207502119063 0.0223343068109208 -0.0227399698548980 0.618743988802463 0.508437080157827 -0.135091696112959 -0.372239881835754 0.525050931408853 1.90222667675486 0.00000000000000 -0.782266463969407 -0.270087652233795 0.261588926922624
# nat_m_mat_dev:
 -0.238182180696855 0.594677603241837 1.32150469066436 -0.547971548601362 -1.28076123283996 -0.941834144857894 -0.275297299088687 -0.118794654558466 0.231652652179548 1.00245383713976 0.0770194212180615 -0.0118932047474705 0.0899227662615829 0.613523119850404 0.540717589990104 0.550956600312777 0.686790699909565 -0.482347850224068 -0.638287027717891 0.343471312765891 0.229454278331447 -0.300274161681018 -0.375182174293881 0.426943844728976 0.625438924667870 0.537189827073675 0.0451620691769466 -0.802005441097316 -0.877894982972339 -0.230557130778288 0.716383256132634 0.131196418065361 0.590647548535105 0.273937544447406 -0.0776523827069797 0.0254034749643426 0.810003661733853 1.24200224886340 0.00000000000000 0.674510433698597 -0.103626877244880 -1.07834674772495
# nat_m_lg_dev:
 3.95789159542298 3.27673402606854 -3.99828085647179 -0.831267780506249 -3.95752531823781 -2.78876548565944 -2.15950981657518 3.90965533215828 3.74461134099570 2.21957130888066 -3.33586657223525 0.456946803367165 3.84220277782656 0.621117104754350 -2.77232485347155 -3.07558922486903 -3.77031939742613 -3.05209392315950 2.53152174926696 -3.72695934318554 3.97207519813425 3.34954064676232 -0.105411600874694 -0.837543171921829 -3.90865188508321 1.75860494196002 3.93365061431589 -1.28907728677323 -1.55026543073826 -1.70498381233283 -2.85487979788903 -1.87603613252191 1.59231316798635 3.95409023680552 -2.49100857147124 -1.14861329169470 -2.38768570139399 0.205871225331513 3.02032365972868 3.50657536870825 1.49697105243055 2.27239110358781
# q_dev:
 0.00000000000000 0.00000000000000 0.00000000000000 0.00000000000000 0.00000000000000 0.00000000000000 0.00000000000000 0.00000000000000 0.00000000000000 0.00000000000000 0.00000000000000 0.00000000000000 0.00000000000000 0.00000000000000 0.00000000000000 0.00000000000000 0.00000000000000 0.00000000000000 0.00000000000000 0.00000000000000 0.00000000000000 0.00000000000000 0.00000000000000 0.00000000000000 0.00000000000000 0.00000000000000 0.00000000000000 0.00000000000000 0.00000000000000 0.00000000000000 0.00000000000000 0.00000000000000 0.00000000000000 0.00000000000000 0.00000000000000 0.00000000000000 0.00000000000000 0.00000000000000 0.00000000000000 0.00000000000000 0.00000000000000 0.00000000000000
# q_mat_dev:
 0.00000000000000 0.00000000000000 0.00000000000000 0.00000000000000 0.00000000000000 0.00000000000000 0.00000000000000 0.00000000000000 0.00000000000000 0.00000000000000 0.00000000000000 0.00000000000000 0.00000000000000 0.00000000000000 0.00000000000000 0.00000000000000 0.00000000000000 0.00000000000000 0.00000000000000 0.00000000000000 0.00000000000000 0.00000000000000 0.00000000000000 0.00000000000000 0.00000000000000 0.00000000000000 0.00000000000000 0.00000000000000 0.00000000000000 0.00000000000000 0.00000000000000 0.00000000000000 0.00000000000000 0.00000000000000 0.00000000000000 0.00000000000000 0.00000000000000 0.00000000000000 0.00000000000000 0.00000000000000 0.00000000000000 0.00000000000000
# q_lg_dev:
 0.00000000000000 0.00000000000000 0.00000000000000 0.00000000000000 0.00000000000000 0.00000000000000 0.00000000000000 0.00000000000000 0.00000000000000 0.00000000000000 0.00000000000000 0.00000000000000 0.00000000000000 0.00000000000000 0.00000000000000 0.00000000000000 0.00000000000000 0.00000000000000 0.00000000000000 0.00000000000000 0.00000000000000 0.00000000000000 0.00000000000000 0.00000000000000 0.00000000000000 0.00000000000000 0.00000000000000 0.00000000000000 0.00000000000000 0.00000000000000 0.00000000000000 0.00000000000000 0.00000000000000 0.00000000000000 0.00000000000000 0.00000000000000 0.00000000000000 0.00000000000000 0.00000000000000 0.00000000000000 0.00000000000000 0.00000000000000
# log_avg_rec:
21.1558308027
# rec_devs:
 -0.187783089015 -0.213729177920 0.156636541843 0.904420227793 0.280906319869 0.249183223374 -0.0961435387537 0.236884957747 1.23978096664 1.57479271407 1.42097928145 0.576741906158 -0.683899217866 -0.801136132336 -0.488813151643 -0.462923744378 -0.618611550710 -0.981179307956 -0.765851697075 0.0960121036363 0.163439514402 0.151091562341 0.0186204702356 -0.646357351559 -1.46558168873 -0.299821000833 0.600492527799 0.00815182920918 -0.191719057092 -0.169843714063 -0.0871639471220 0.0773588838859 1.56238101578 1.49454002575 1.19984592934 -1.14136155029 -2.17549169567 -2.46539132900 -1.62432321308 -0.980876882598 0.706971900155 0.00000000000
# sigma_m:
 1.00000000000 1.00000000000 1.00000000000
# log_m_mu:
 -1.35304210537 -0.774265540880 -1.09009885736
# prop_rec:
 14.2475904778 2.92523739869
# sigma_q:
 0.100000000000 0.100000000000
# log_f:
0.137366441406
# f_dev:
 -1.26759497268 -1.90892358590 -0.423001871108 0.284588736950 -0.0126087393157 0.0677594979974 -0.224859920019 -0.282804270422 0.702525376012 0.549134592539 1.51074702460 0.814355220393 0.768999195198 0.388100006984 0.451769132582 0.501858657759 0.993881873088 -0.907380963635 -0.964572447609 0.0469575855620 0.201393714508 -0.879193374360 -1.17496068761 -0.517186063970 0.0946974194284 0.338850005555 -0.183858572357 -0.956451793765 -1.79369828451 -0.810021167938 0.0192282123719 0.414319563735 0.650837323801 0.438170888109 -0.130019891800 -0.0186074682286 1.03247486902 1.53201610633 1.78753528509 -1.13445621240
# fish_ret_sel_50:
96.9093107480
# fish_ret_sel_50_post:
102.052587034
# fish_ret_sel_slope:
0.214615396766
# fish_ret_sel_slope_post:
0.297360895623
# fish_tot_sel_offset:
-9.26539938624
# fish_tot_sel_offset_dev:
 37.1105155183 3.72010826352 -27.1253354718 11.4767901221 39.0937587854 -34.5841863265 -15.3722785502 -38.5621118780 -26.5009193423 6.32871709009 28.2779716127 -25.5251403213 -28.7910991722 -27.7311733262 -11.3496400807 37.9077796235 24.6481044086 15.0405204989 17.0359984288 37.0074565213 26.3058495072 -13.7908132109 34.4437590309 23.0190950453 11.4592688494 -23.7659114181 -33.0123131552 -35.3999708382 13.7811763742 39.6395134164 3.53990725340 39.8578720249 -4.33805588770 32.8206506074 34.3930966923 -39.4530802490 -30.9606566475 -34.6876757040 -32.8607119191 -33.0968361758
# fish_tot_sel_slope:
-1.62410714905
# surv_omega:
0.569239047544
# surv_alpha1:
0.106071913866
# surv_beta1:
111.589701894
# surv_alpha2:
0.179560259533
# surv_beta2:
41.6216091411
