# Number of parameters = 308 Objective function value = 308.524545373129  Maximum gradient component = 0.000541437238371200
# log_n_imm:
 18.5624226730055 19.6727502819932 19.7547021011140 19.9026472869873 19.8713342204663 19.7893760699474 19.4940858391084 19.4072703136407 19.3791917008867 18.8505164837147 18.3241507237252 18.3689150792183 17.8283176750388 16.7965959387223 15.2468345612972 13.2765670063813 11.9710002619917 10.3162823954660 9.60514056354398 8.24112159995994 6.48330280187306
# log_n_mat:
 17.7545505279278 11.5477411981720 15.7576283451190 17.4077193913469 18.3652904264776 18.9527877568208 19.0075195317818 18.8872841958576 18.9274497431174 19.0203392356229 18.8414820740956 18.4289053458517 18.0582052245373 18.2773788245956 18.2089756943542 17.5262711077543 16.6925541653767 15.6785785519224 14.6322977780920 13.3564290104966 12.0373401176966
# nat_m_dev:
 -0.117884978307937 -0.415182108020312 -0.561908138149091 -1.04079602801997 -1.13738645626454 -0.907319732913600 -0.675297262488045 -0.407394483638737 -0.176442186841740 0.0881402282496384 -0.0293271644319110 0.187620549336053 0.135081351204417 0.229344850607739 0.558242568254327 0.685362616673550 0.224043260626095 -0.685280527168645 -0.454618609644390 0.229109945455652 -0.148423326992620 -0.286329354566873 -0.330060003581495 -0.259778371669947 -0.413056084443927 -0.322286144886939 -0.456484200571897 -0.383038409390600 0.328170377443483 0.287205366838146 0.0223330298394991 -0.0227382658160517 0.618745591139118 0.508435847002241 -0.135090247784649 -0.372239378255088 0.525050573194795 1.90222685052455 0.00000000000000 -0.782265290114831 -0.270087970612021 0.261589091716777
# nat_m_mat_dev:
 -0.238183876082727 0.594678516723955 1.32150459272895 -0.547969316514229 -1.28075894787111 -0.941832237006079 -0.275297528760823 -0.118797047687299 0.231653868753670 1.00245398621286 0.0770167479524398 -0.0118919429835913 0.0899239070711982 0.613522865849589 0.540717436734967 0.550957272120234 0.686790705717347 -0.482349201549381 -0.638288335226161 0.343468443675307 0.229455328327831 -0.300274174747692 -0.375182542372688 0.426945835742375 0.625438736159954 0.537188278136820 0.0451629035555354 -0.802005361302873 -0.877895125695825 -0.230555028062893 0.716382180203609 0.131196034714356 0.590647964565869 0.273938145985380 -0.0776508290797075 0.0254030093140310 0.810003492250206 1.24200195479100 0.00000000000000 0.674511664007679 -0.103629507625865 -1.07834808169888
# nat_m_lg_dev:
 0.511092552537514 3.97683484796685 -1.17173298421938 1.76506684518152 -2.23279584326231 -0.745802873767604 2.79793401378867 -2.57240793625609 0.494653095204204 1.14012297190341 -3.67948470112696 0.486030641557885 -3.47953523157289 -3.64040407163789 3.27152461300214 -2.10577662579051 -2.31599716278310 3.29114414040549 0.129661445635178 3.64710957737352 -3.54897307867463 -3.98659194323809 1.20078196722875 -3.99721135324066 -2.87590672202878 1.65144045065452 -2.97056968842378 3.92111846039952 3.88759003901505 3.91056772718025 -2.74985447296814 2.21862968475129 -0.380222454065002 3.63635703976204 0.857800468636903 1.93222739268258 -3.14104171858995 -3.03344947907394 1.80587939048061 3.59676306585552 2.40410789169528 -3.90667998217900
# q_dev:
 0.00000000000000 0.00000000000000 0.00000000000000 0.00000000000000 0.00000000000000 0.00000000000000 0.00000000000000 0.00000000000000 0.00000000000000 0.00000000000000 0.00000000000000 0.00000000000000 0.00000000000000 0.00000000000000 0.00000000000000 0.00000000000000 0.00000000000000 0.00000000000000 0.00000000000000 0.00000000000000 0.00000000000000 0.00000000000000 0.00000000000000 0.00000000000000 0.00000000000000 0.00000000000000 0.00000000000000 0.00000000000000 0.00000000000000 0.00000000000000 0.00000000000000 0.00000000000000 0.00000000000000 0.00000000000000 0.00000000000000 0.00000000000000 0.00000000000000 0.00000000000000 0.00000000000000 0.00000000000000 0.00000000000000 0.00000000000000
# q_mat_dev:
 0.00000000000000 0.00000000000000 0.00000000000000 0.00000000000000 0.00000000000000 0.00000000000000 0.00000000000000 0.00000000000000 0.00000000000000 0.00000000000000 0.00000000000000 0.00000000000000 0.00000000000000 0.00000000000000 0.00000000000000 0.00000000000000 0.00000000000000 0.00000000000000 0.00000000000000 0.00000000000000 0.00000000000000 0.00000000000000 0.00000000000000 0.00000000000000 0.00000000000000 0.00000000000000 0.00000000000000 0.00000000000000 0.00000000000000 0.00000000000000 0.00000000000000 0.00000000000000 0.00000000000000 0.00000000000000 0.00000000000000 0.00000000000000 0.00000000000000 0.00000000000000 0.00000000000000 0.00000000000000 0.00000000000000 0.00000000000000
# q_lg_dev:
 0.00000000000000 0.00000000000000 0.00000000000000 0.00000000000000 0.00000000000000 0.00000000000000 0.00000000000000 0.00000000000000 0.00000000000000 0.00000000000000 0.00000000000000 0.00000000000000 0.00000000000000 0.00000000000000 0.00000000000000 0.00000000000000 0.00000000000000 0.00000000000000 0.00000000000000 0.00000000000000 0.00000000000000 0.00000000000000 0.00000000000000 0.00000000000000 0.00000000000000 0.00000000000000 0.00000000000000 0.00000000000000 0.00000000000000 0.00000000000000 0.00000000000000 0.00000000000000 0.00000000000000 0.00000000000000 0.00000000000000 0.00000000000000 0.00000000000000 0.00000000000000 0.00000000000000 0.00000000000000 0.00000000000000 0.00000000000000
# log_avg_rec:
21.1465376807
# rec_devs:
 -0.178489873733 -0.204436401747 0.165929614234 0.913713773437 0.290199298775 0.258477012338 -0.0868500820585 0.246177394766 1.24907427197 1.58408594035 1.43027305498 0.586034206127 -0.674604919470 -0.791843296873 -0.479518409941 -0.453630305788 -0.609318783373 -0.971885803810 -0.756559709302 0.105305185907 0.172732473004 0.160383839487 0.0279139386790 -0.637065954972 -1.45628809259 -0.290527471518 0.609785086937 0.0174446514200 -0.182426322133 -0.160550341511 -0.0778702763328 0.0866541134425 1.57167425960 1.50383302611 1.20913933627 -1.13206974914 -2.16619529545 -2.45610080287 -1.61503046100 -0.971583799393 0.716264414641 0.00000000000
# sigma_m:
 1.00000000000 1.00000000000 1.00000000000
# log_m_mu:
 -1.35304214844 -0.774265460564 -1.04743985982
# prop_rec:
 14.2475917843 2.92523689897
# sigma_q:
 0.100000000000 0.100000000000
# log_f:
0.137367115233
# f_dev:
 -1.26759494745 -1.90892391482 -0.423001535674 0.284589031284 -0.0126088139952 0.0677597296361 -0.224859922773 -0.282804519779 0.702525060713 0.549135006266 1.51074672998 0.814354543414 0.768999470798 0.388100213420 0.451769382463 0.501858773503 0.993882363856 -0.907380339243 -0.964572197410 0.0469570543291 0.201393089614 -0.879193313975 -1.17496108570 -0.517185565076 0.0946983532511 0.338849376657 -0.183858876966 -0.956451915736 -1.79369912269 -0.810021266606 0.0192282701171 0.414318850617 0.650837170854 0.438171095056 -0.130019339623 -0.0186065891799 1.03247524213 1.53201510598 1.78753498002 -1.13445562725
# fish_ret_sel_50:
96.9093091136
# fish_ret_sel_50_post:
102.052586318
# fish_ret_sel_slope:
0.214615423590
# fish_ret_sel_slope_post:
0.297360854807
# fish_tot_sel_offset:
-9.26540549514
# fish_tot_sel_offset_dev:
 20.2443017278 -9.14187132827 8.73283802246 12.9024100924 24.2344728225 29.1577332279 25.5903553270 39.6241186362 -10.0215604571 39.6230417378 31.0728813676 2.83899584160 -35.1223494925 -19.3564971776 19.2729633225 -12.0606735060 -33.1246600822 28.5967447936 12.0487703144 25.3527419760 -29.0454492878 -14.5229533561 -20.0825234777 -39.8830134344 7.81055690672 26.0537815727 -23.6102445525 -13.9558109623 19.1683360709 -39.0436132100 4.43330546935 -36.9496729015 -39.0408241343 31.8892649505 -38.0087211161 -10.6585649835 -28.3391630212 37.5553402838 39.9641861725 -34.1989741549
# fish_tot_sel_slope:
-1.62410720506
# surv_omega:
0.569239015973
# surv_alpha1:
0.106071916464
# surv_beta1:
111.589700893
# surv_alpha2:
0.179560234674
# surv_beta2:
41.6216102999
