# Number of parameters = 308 Objective function value = 308.524545370903  Maximum gradient component = 0.000551401647591560
# log_n_imm:
 18.5624242691252 19.6727516617613 19.7547003469660 19.9026485374270 19.8713348337814 19.7893778948464 19.4940865693806 19.4072710466996 19.3791929112282 18.8505176654728 18.3241503488718 18.3689178296342 17.8283177489755 16.7965948103198 15.2468302598392 13.2765701784329 11.9709858564956 10.3161830553914 9.60522913170835 8.24098974740051 6.50659804665777
# log_n_mat:
 17.7545519555452 11.5477129241204 15.7576188585781 17.4077208177153 18.3652906143351 18.9527886739170 19.0075195583315 18.8872846127838 18.9274499687540 19.0203395847840 18.8414834124621 18.4289045359569 18.0582055947023 18.2773793066126 18.2089762829613 17.5262710897797 16.6925546267022 15.6785803346059 14.6322980925552 13.3564298292433 12.0372599977523
# nat_m_dev:
 -0.117883985722334 -0.415184261610555 -0.561904493910234 -1.04079726873457 -1.13738651316249 -0.907319152075365 -0.675297801830171 -0.407393759995799 -0.176442503982462 0.0881395348756591 -0.0293268847667443 0.187617868419363 0.135083417687899 0.229345915997688 0.558241877971716 0.685359778691673 0.224045480548469 -0.685280672362896 -0.454618507948456 0.229106674384221 -0.148419850920811 -0.286326507377148 -0.330060938059701 -0.259778626722925 -0.413055545736230 -0.322285403803152 -0.456483208201202 -0.383038426650059 0.328169818832116 0.287202013290564 0.0223371393074670 -0.0227371484371475 0.618745311649958 0.508433453999376 -0.135090408502382 -0.372239919115150 0.525051553165228 1.90222621499110 0.00000000000000 -0.782266992156785 -0.270087695057548 0.261587816774443
# nat_m_mat_dev:
 -0.238183282978358 0.594679026815942 1.32150473355672 -0.547970816541116 -1.28075960249913 -0.941831123840108 -0.275296453474550 -0.118796222823781 0.231651703163298 1.00245420696124 0.0770168025915640 -0.0118923684719745 0.0899237935767487 0.613524013674588 0.540715465341586 0.550957800272882 0.686790415540733 -0.482347280677950 -0.638285709067159 0.343468043278815 0.229455411689271 -0.300273819119438 -0.375183253503375 0.426946621115845 0.625439773125611 0.537185414783367 0.0451632319545234 -0.802006326950901 -0.877896170219103 -0.230555720834105 0.716383598141451 0.131196352453308 0.590646831764526 0.273938330838086 -0.0776499341804076 0.0254022885720119 0.810003282724031 1.24200204905444 0.00000000000000 0.674512229687482 -0.103630204093059 -1.07834834339494
# nat_m_lg_dev:
 -0.518720567920234 0.205155807751930 0.638731306985250 1.04093963361403 -0.734742479903301 -0.397041115106020 -0.0415757483933903 0.0518271303115898 0.771363528528722 -0.345806687332263 0.796830320505788 0.449224883587971 -0.274760412803670 -0.509511455511639 1.47883617347341 -0.535787379613072 -0.350233391996962 0.00562141650206488 0.180191315548849 -0.0811615685809755 0.670965961017528 -0.477004369184711 -0.533996041497561 0.785722688282684 -1.31365491738409 0.281093810479834 0.775531401553269 -2.84071160351013 -0.445855339810877 -0.146277370184915 -1.51499072991682 -0.455163582470403 0.753246372620432 0.744239136201497 0.796172305757616 0.451514102085666 -0.457376605477184 -0.356956303938557 1.48080627757008 -0.219683188424131 0.0109518986861867 0.182045387896510
# q_dev:
 0.00000000000000 0.00000000000000 0.00000000000000 0.00000000000000 0.00000000000000 0.00000000000000 0.00000000000000 0.00000000000000 0.00000000000000 0.00000000000000 0.00000000000000 0.00000000000000 0.00000000000000 0.00000000000000 0.00000000000000 0.00000000000000 0.00000000000000 0.00000000000000 0.00000000000000 0.00000000000000 0.00000000000000 0.00000000000000 0.00000000000000 0.00000000000000 0.00000000000000 0.00000000000000 0.00000000000000 0.00000000000000 0.00000000000000 0.00000000000000 0.00000000000000 0.00000000000000 0.00000000000000 0.00000000000000 0.00000000000000 0.00000000000000 0.00000000000000 0.00000000000000 0.00000000000000 0.00000000000000 0.00000000000000 0.00000000000000
# q_mat_dev:
 0.00000000000000 0.00000000000000 0.00000000000000 0.00000000000000 0.00000000000000 0.00000000000000 0.00000000000000 0.00000000000000 0.00000000000000 0.00000000000000 0.00000000000000 0.00000000000000 0.00000000000000 0.00000000000000 0.00000000000000 0.00000000000000 0.00000000000000 0.00000000000000 0.00000000000000 0.00000000000000 0.00000000000000 0.00000000000000 0.00000000000000 0.00000000000000 0.00000000000000 0.00000000000000 0.00000000000000 0.00000000000000 0.00000000000000 0.00000000000000 0.00000000000000 0.00000000000000 0.00000000000000 0.00000000000000 0.00000000000000 0.00000000000000 0.00000000000000 0.00000000000000 0.00000000000000 0.00000000000000 0.00000000000000 0.00000000000000
# q_lg_dev:
 0.00000000000000 0.00000000000000 0.00000000000000 0.00000000000000 0.00000000000000 0.00000000000000 0.00000000000000 0.00000000000000 0.00000000000000 0.00000000000000 0.00000000000000 0.00000000000000 0.00000000000000 0.00000000000000 0.00000000000000 0.00000000000000 0.00000000000000 0.00000000000000 0.00000000000000 0.00000000000000 0.00000000000000 0.00000000000000 0.00000000000000 0.00000000000000 0.00000000000000 0.00000000000000 0.00000000000000 0.00000000000000 0.00000000000000 0.00000000000000 0.00000000000000 0.00000000000000 0.00000000000000 0.00000000000000 0.00000000000000 0.00000000000000 0.00000000000000 0.00000000000000 0.00000000000000 0.00000000000000 0.00000000000000 0.00000000000000
# log_avg_rec:
21.2910566641
# rec_devs:
 -0.323008859067 -0.348954948287 0.0214106886243 0.769194784603 0.145680683843 0.113957714737 -0.231368944988 0.101658351749 1.10455539115 1.43956672402 1.28575394739 0.441515274224 -0.819124747639 -0.936361713266 -0.624038672763 -0.598148779799 -0.753837979913 -1.11640449524 -0.901078859256 -0.0392133629120 0.0282144980032 0.0158645473128 -0.116605146967 -0.781584350214 -1.60080746257 -0.435046409960 0.465265378702 -0.127072996143 -0.326946288657 -0.305068325114 -0.222389808979 -0.0578644666023 1.42715433795 1.35931384930 1.06461963901 -1.27658312307 -2.31072022367 -2.60061513176 -1.75954899930 -1.11610262072 0.571745362056 0.00000000000
# sigma_m:
 1.00000000000 1.00000000000 1.00000000000
# log_m_mu:
 -1.35304198034 -0.774265393966 -1.05212301925
# prop_rec:
 14.2475893236 2.92523600258
# sigma_q:
 0.100000000000 0.100000000000
# log_f:
0.137367112662
# f_dev:
 -1.26759560705 -1.90892396533 -0.423001399059 0.284589012026 -0.0126090627516 0.0677593118057 -0.224859523544 -0.282803875186 0.702525197807 0.549134597247 1.51074655276 0.814354522278 0.768998564217 0.388100754008 0.451769290403 0.501858274041 0.993882037185 -0.907380922910 -0.964571932146 0.0469572895116 0.201393004583 -0.879193366279 -1.17496080719 -0.517184804403 0.0946998208755 0.338849455059 -0.183859390398 -0.956451920728 -1.79369933185 -0.810021582015 0.0192283992014 0.414319552459 0.650837450635 0.438170753575 -0.130019162629 -0.0186066906683 1.03247475581 1.53201544576 1.78753491831 -1.13445561542
# fish_ret_sel_50:
96.9093081377
# fish_ret_sel_50_post:
102.052586573
# fish_ret_sel_slope:
0.214615416835
# fish_ret_sel_slope_post:
0.297360861556
# fish_tot_sel_offset:
-9.26540630439
# fish_tot_sel_offset_dev:
 -6.05412771264 -0.876942063599 -18.1598629113 25.8725826179 -5.17225221073 -23.4530989276 -24.6325595244 24.8594088258 10.9060267617 -1.16186944968 37.8717791951 26.1811100850 13.1015774186 -16.2519431172 -30.9937286309 20.2704411974 25.8072126576 3.24919811487 31.6881240824 -1.17742670391 14.6706336611 13.9902213438 -14.2222887488 10.9063204679 22.8671789793 -38.7221627871 -22.9345522147 -23.4021271857 -31.1338482087 -4.39819109344 25.8341627274 -19.6871588111 -13.1570272827 -12.3616814313 -22.3138193918 22.1836995410 -19.2449401279 -18.8091397095 23.2400913427 14.8209792252
# fish_tot_sel_slope:
-1.62410716804
# surv_omega:
0.569238998117
# surv_alpha1:
0.106071935572
# surv_beta1:
111.589700629
# surv_alpha2:
0.179560236517
# surv_beta2:
41.6216107398
