# Number of parameters = 308 Objective function value = 308.524545371989  Maximum gradient component = 0.000522999263926957
# log_n_imm:
 18.5624243265642 19.6727517375274 19.7547027545591 19.9026479327762 19.8713339770103 19.7893770292061 19.4940864524802 19.4072706842595 19.3791926131053 18.8505174324532 18.3241502123318 18.3689157933672 17.8283177884354 16.7965975659814 15.2468327828287 13.2765633018582 11.9710335366122 10.3162807424273 9.60520770502225 8.24099913837669 6.50547332155136
# log_n_mat:
 17.7545502597155 11.5477060428754 15.7576339340101 17.4077215128596 18.3652908491123 18.9527883412954 19.0075198129658 18.8872866387747 18.9274504970749 19.0203398990352 18.8414827765445 18.4289058983111 18.0582060396330 18.2773794755070 18.2089767105705 17.5262718352533 16.6925546680723 15.6785792690972 14.6323010902644 13.3564271762315 12.0372517839133
# nat_m_dev:
 -0.117882453088598 -0.415181599828956 -0.561908475125099 -1.04079598133618 -1.13738657383548 -0.907319204170328 -0.675297610513648 -0.407394682293714 -0.176442180475324 0.0881423364184948 -0.0293262213370626 0.187619328297107 0.135081554282231 0.229344002462595 0.558243254757929 0.685361934945745 0.224041636503856 -0.685280456165505 -0.454618662498885 0.229110588183583 -0.148423196233127 -0.286328182809426 -0.330058891742008 -0.259781653730648 -0.413055741362329 -0.322285051575595 -0.456483249996158 -0.383038844053138 0.328169610817133 0.287206822642855 0.0223326019668720 -0.0227376137097081 0.618744376124976 0.508433882245727 -0.135090930590523 -0.372239334113507 0.525049050928281 1.90222696042178 0.00000000000000 -0.782265748357656 -0.270087520496217 0.261589502224613
# nat_m_mat_dev:
 -0.238182753374937 0.594678629941030 1.32150483365271 -0.547969506525568 -1.28075946789697 -0.941832790589957 -0.275297548097120 -0.118795541388733 0.231654523588407 1.00245397981047 0.0770159571871914 -0.0118925629134374 0.0899232934687303 0.613522879977879 0.540717569392204 0.550957308093889 0.686790010735633 -0.482348076247091 -0.638287371210450 0.343468419217860 0.229455184817552 -0.300275024835969 -0.375183558662830 0.426945547658036 0.625438615752521 0.537188409789588 0.0451629252476516 -0.802005380811016 -0.877895388035367 -0.230555797998365 0.716382574261276 0.131196320221784 0.590647456493734 0.273937595307674 -0.0776502552763853 0.0254035239354090 0.810003492146313 1.24200226582497 0.00000000000000 0.674511612856980 -0.103629464082872 -1.07834765695401
# nat_m_lg_dev:
 0.241675544013402 -0.0137217490391925 -0.0621329432900668 -0.0392353035204176 0.0796973359747197 0.221861355395977 0.230165091930376 -0.0389020724836830 0.102109930383193 -0.171149878115119 -0.115149766332963 -0.150491147055582 0.228942793385040 -0.180847740859351 0.00232508236137119 0.116798106188409 -0.114342761286269 -0.0267158737974869 -0.140872498598290 0.110564379431742 0.193917362190079 -0.388091375346906 0.263572113328446 0.115810108227299 -0.0828213854304305 0.114823988599743 0.230041259035875 -0.0324774940017354 0.183920624921158 -0.00522389530768463 -0.501525617693129 -0.207127446823671 -0.0787937126156717 0.201890545589885 -0.264623119467796 0.135522895853063 0.00638040225085246 -0.0231418317789387 -0.0775331155374344 -0.194023812391904 -0.0196630840661112 0.148588705779203
# q_dev:
 0.00000000000000 0.00000000000000 0.00000000000000 0.00000000000000 0.00000000000000 0.00000000000000 0.00000000000000 0.00000000000000 0.00000000000000 0.00000000000000 0.00000000000000 0.00000000000000 0.00000000000000 0.00000000000000 0.00000000000000 0.00000000000000 0.00000000000000 0.00000000000000 0.00000000000000 0.00000000000000 0.00000000000000 0.00000000000000 0.00000000000000 0.00000000000000 0.00000000000000 0.00000000000000 0.00000000000000 0.00000000000000 0.00000000000000 0.00000000000000 0.00000000000000 0.00000000000000 0.00000000000000 0.00000000000000 0.00000000000000 0.00000000000000 0.00000000000000 0.00000000000000 0.00000000000000 0.00000000000000 0.00000000000000 0.00000000000000
# q_mat_dev:
 0.00000000000000 0.00000000000000 0.00000000000000 0.00000000000000 0.00000000000000 0.00000000000000 0.00000000000000 0.00000000000000 0.00000000000000 0.00000000000000 0.00000000000000 0.00000000000000 0.00000000000000 0.00000000000000 0.00000000000000 0.00000000000000 0.00000000000000 0.00000000000000 0.00000000000000 0.00000000000000 0.00000000000000 0.00000000000000 0.00000000000000 0.00000000000000 0.00000000000000 0.00000000000000 0.00000000000000 0.00000000000000 0.00000000000000 0.00000000000000 0.00000000000000 0.00000000000000 0.00000000000000 0.00000000000000 0.00000000000000 0.00000000000000 0.00000000000000 0.00000000000000 0.00000000000000 0.00000000000000 0.00000000000000 0.00000000000000
# q_lg_dev:
 0.00000000000000 0.00000000000000 0.00000000000000 0.00000000000000 0.00000000000000 0.00000000000000 0.00000000000000 0.00000000000000 0.00000000000000 0.00000000000000 0.00000000000000 0.00000000000000 0.00000000000000 0.00000000000000 0.00000000000000 0.00000000000000 0.00000000000000 0.00000000000000 0.00000000000000 0.00000000000000 0.00000000000000 0.00000000000000 0.00000000000000 0.00000000000000 0.00000000000000 0.00000000000000 0.00000000000000 0.00000000000000 0.00000000000000 0.00000000000000 0.00000000000000 0.00000000000000 0.00000000000000 0.00000000000000 0.00000000000000 0.00000000000000 0.00000000000000 0.00000000000000 0.00000000000000 0.00000000000000 0.00000000000000 0.00000000000000
# log_avg_rec:
20.9373857462
# rec_devs:
 0.0306623337015 0.00471541892713 0.375081913819 1.12286552892 0.499351353954 0.467629264929 0.122301773941 0.455329552468 1.45822639662 1.79323786062 1.63942440654 0.795185499009 -0.465453586856 -0.582690863120 -0.270367133898 -0.244478740145 -0.400166721341 -0.762735391514 -0.547407345528 0.314457070411 0.381884377162 0.369535318446 0.237065885999 -0.427914617358 -1.24713419545 -0.0813752501050 0.818937179499 0.226596067998 0.0267253816324 0.0486009994145 0.131280967231 0.295805353887 1.78082507804 1.71298429583 1.41829097907 -0.922918309238 -1.95704136937 -2.24694918260 -1.40587818159 -0.762431786072 0.925416417552 0.00000000000
# sigma_m:
 1.00000000000 1.00000000000 1.00000000000
# log_m_mu:
 -1.35304212476 -0.774265553637 -1.42566908874
# prop_rec:
 14.2475867762 2.92523354664
# sigma_q:
 0.100000000000 0.100000000000
# log_f:
0.137367177401
# f_dev:
 -1.26759544324 -1.90892398212 -0.423001305054 0.284589737802 -0.0126084700860 0.0677597242321 -0.224860010185 -0.282804283684 0.702525237388 0.549135270604 1.51074682088 0.814354374255 0.768999316086 0.388100216864 0.451769383341 0.501858868460 0.993882376443 -0.907380775261 -0.964572160756 0.0469571845702 0.201393139496 -0.879193512116 -1.17496119044 -0.517185580350 0.0946980940567 0.338849139838 -0.183858479191 -0.956451634288 -1.79369908663 -0.810021228525 0.0192283312753 0.414319066625 0.650837317009 0.438170990495 -0.130019654091 -0.0186071786656 1.03247480624 1.53201517174 1.78753519177 -1.13445578479
# fish_ret_sel_50:
96.9093076932
# fish_ret_sel_50_post:
102.052585758
# fish_ret_sel_slope:
0.214615436056
# fish_ret_sel_slope_post:
0.297360836307
# fish_tot_sel_offset:
-9.26540673370
# fish_tot_sel_offset_dev:
 -34.4913538570 5.16586792359 -14.2099226457 18.3864275432 -36.5030112765 -4.44812328777 -28.1711939200 -4.63850495649 19.5681469414 17.6400620385 -13.8153187758 -28.9333729743 -29.7019004745 23.8821854868 8.89540529258 3.83013684760 39.0582359648 -8.15948822921 26.8702963273 10.7149309482 0.229240858782 -20.9566364872 18.4281140849 7.02035567964 -20.5989491250 22.5372866277 -14.8185122352 -5.11679700471 28.4608957278 -3.08276768375 33.7514175420 -11.5999145737 -1.10337934620 -22.6676901321 -27.5413586090 15.1477778002 10.0827780782 15.5153694389 29.4605617146 -24.0872972725
# fish_tot_sel_slope:
-1.62410712865
# surv_omega:
0.569239036480
# surv_alpha1:
0.106071914380
# surv_beta1:
111.589698212
# surv_alpha2:
0.179560269551
# surv_beta2:
41.6216086166
