# Number of parameters = 308 Objective function value = 308.524545369165  Maximum gradient component = 0.000283726999153692
# log_n_imm:
 18.5624260446858 19.6727500095297 19.7547035816136 19.9026475889070 19.8713361319163 19.7893777678426 19.4940856316443 19.4072709495752 19.3791922420055 18.8505169156220 18.3241512590166 18.3689152484990 17.8283188633923 16.7965938711831 15.2468344049336 13.2765683532276 11.9709422070690 10.3162807879559 9.60525964141236 8.24090080956125 6.50536814035493
# log_n_mat:
 17.7545552618397 11.5477247710226 15.7576300257145 17.4077206576634 18.3652905571578 18.9527889337561 19.0075201225622 18.8872847363522 18.9274509015374 19.0203401398929 18.8414831544873 18.4289064276492 18.0582062488901 18.2773802557747 18.2089767814927 17.5262725745732 16.6925558782011 15.6785796373331 14.6323057510677 13.3564318042200 12.0372714818116
# nat_m_dev:
 -0.117882321450200 -0.415182794639262 -0.561907831412219 -1.04079618800488 -1.13738451917891 -0.907319257517910 -0.675297652466597 -0.407393961057666 -0.176442821354650 0.0881397710457146 -0.0293271646235162 0.187618499749641 0.135080838272129 0.229347496614671 0.558241509387042 0.685361692644226 0.224043917022523 -0.685280658465411 -0.454618939284047 0.229110795955202 -0.148422857578470 -0.286329747633855 -0.330059967928372 -0.259778618991874 -0.413056526874102 -0.322286250964431 -0.456482945569774 -0.383039270264701 0.328172143524441 0.287205261407353 0.0223326209704829 -0.0227394715433295 0.618745006728386 0.508437371870883 -0.135091100295145 -0.372240378264436 0.525049291307407 1.90222695968430 0.00000000000000 -0.782266055529883 -0.270087372995622 0.261588886065216
# nat_m_mat_dev:
 -0.238180634558411 0.594680461317201 1.32150342110121 -0.547972106730783 -1.28075947807564 -0.941832569158370 -0.275298287534335 -0.118795857316455 0.231653875950520 1.00245357818778 0.0770167748823348 -0.0118918425369915 0.0899253003349579 0.613522941700548 0.540716998512213 0.550957245075927 0.686790577335112 -0.482348630689139 -0.638287586374499 0.343467670870402 0.229455528734458 -0.300274016132205 -0.375183647356745 0.426944736105077 0.625438511140191 0.537188532166321 0.0451634067497305 -0.802005025705102 -0.877894313459124 -0.230554849582596 0.716381622165177 0.131196180882051 0.590648015709009 0.273938148208448 -0.0776508095275979 0.0254019672376346 0.810003412957848 1.24200234780868 0.00000000000000 0.674511612695101 -0.103630342873899 -1.07834808201533
# nat_m_lg_dev:
 -1.23506797891952 0.832661779997360 -3.28984594445089 1.99883275741933 -0.0424892351175349 1.66531159058579 2.24689347320812 1.39533327670644 -0.279678432055744 1.01577375551601 0.365094810486828 1.50768588086153 1.81299880452811 -0.856848756193125 -0.912588597681555 -0.982256673348969 -1.91122762681996 0.153047554970807 -1.24853193301095 1.32813184383808 -0.786468188201125 -0.0350806153687618 -0.482949384275607 3.15715181275813 -2.67003937396293 1.26936059437467 2.18187276279448 -0.573158394921019 -1.13288390932019 -0.225281940060328 -0.645275265019716 -2.19978381075437 2.07048604853511 -1.25398345329352 -0.0260786590981209 -0.886345225459313 1.06067005966267 2.18338588140779 -0.702620547196650 -1.08044754712388 -1.34868541251951 -1.43707578347797
# q_dev:
 0.00000000000000 0.00000000000000 0.00000000000000 0.00000000000000 0.00000000000000 0.00000000000000 0.00000000000000 0.00000000000000 0.00000000000000 0.00000000000000 0.00000000000000 0.00000000000000 0.00000000000000 0.00000000000000 0.00000000000000 0.00000000000000 0.00000000000000 0.00000000000000 0.00000000000000 0.00000000000000 0.00000000000000 0.00000000000000 0.00000000000000 0.00000000000000 0.00000000000000 0.00000000000000 0.00000000000000 0.00000000000000 0.00000000000000 0.00000000000000 0.00000000000000 0.00000000000000 0.00000000000000 0.00000000000000 0.00000000000000 0.00000000000000 0.00000000000000 0.00000000000000 0.00000000000000 0.00000000000000 0.00000000000000 0.00000000000000
# q_mat_dev:
 0.00000000000000 0.00000000000000 0.00000000000000 0.00000000000000 0.00000000000000 0.00000000000000 0.00000000000000 0.00000000000000 0.00000000000000 0.00000000000000 0.00000000000000 0.00000000000000 0.00000000000000 0.00000000000000 0.00000000000000 0.00000000000000 0.00000000000000 0.00000000000000 0.00000000000000 0.00000000000000 0.00000000000000 0.00000000000000 0.00000000000000 0.00000000000000 0.00000000000000 0.00000000000000 0.00000000000000 0.00000000000000 0.00000000000000 0.00000000000000 0.00000000000000 0.00000000000000 0.00000000000000 0.00000000000000 0.00000000000000 0.00000000000000 0.00000000000000 0.00000000000000 0.00000000000000 0.00000000000000 0.00000000000000 0.00000000000000
# q_lg_dev:
 0.00000000000000 0.00000000000000 0.00000000000000 0.00000000000000 0.00000000000000 0.00000000000000 0.00000000000000 0.00000000000000 0.00000000000000 0.00000000000000 0.00000000000000 0.00000000000000 0.00000000000000 0.00000000000000 0.00000000000000 0.00000000000000 0.00000000000000 0.00000000000000 0.00000000000000 0.00000000000000 0.00000000000000 0.00000000000000 0.00000000000000 0.00000000000000 0.00000000000000 0.00000000000000 0.00000000000000 0.00000000000000 0.00000000000000 0.00000000000000 0.00000000000000 0.00000000000000 0.00000000000000 0.00000000000000 0.00000000000000 0.00000000000000 0.00000000000000 0.00000000000000 0.00000000000000 0.00000000000000 0.00000000000000 0.00000000000000
# log_avg_rec:
21.2141024698
# rec_devs:
 -0.246054544451 -0.272001003014 0.0983651990688 0.846149166782 0.222634106140 0.190912737485 -0.154414750883 0.178612454529 1.18150962511 1.51652166496 1.36270781863 0.518469481472 -0.742168845787 -0.859408742716 -0.547082919551 -0.521194853317 -0.676883446075 -1.03945040027 -0.824124170482 0.0377406978049 0.105167899064 0.0928192675241 -0.0396504036259 -0.704631080252 -1.52385246036 -0.358091607507 0.542220929910 -0.0501197876323 -0.249990838512 -0.228114776267 -0.145435375644 0.0190910511520 1.50411002220 1.43626857995 1.14157369064 -1.19963523386 -2.23375479228 -2.52366614484 -1.68259402770 -1.03914817319 0.648700349397 0.00000000000
# sigma_m:
 1.00000000000 1.00000000000 1.00000000000
# log_m_mu:
 -1.35304195078 -0.774265476438 -0.950302755149
# prop_rec:
 14.2475791045 2.92522961949
# sigma_q:
 0.100000000000 0.100000000000
# log_f:
0.137366703278
# f_dev:
 -1.26759556714 -1.90892277031 -0.423001070163 0.284587333973 -0.0126096599558 0.0677592751159 -0.224859903502 -0.282804242391 0.702525496039 0.549135041248 1.51074618297 0.814354279358 0.768999747578 0.388100366573 0.451769240217 0.501858745419 0.993882649002 -0.907380341106 -0.964572061292 0.0469570409931 0.201392923113 -0.879193093228 -1.17496083877 -0.517185900592 0.0946981461060 0.338848878913 -0.183858494221 -0.956451495340 -1.79369882048 -0.810020761882 0.0192281842772 0.414318669503 0.650837106977 0.438171026813 -0.130018972644 -0.0186064609110 1.03247389052 1.53201533637 1.78753615946 -1.13445526661
# fish_ret_sel_50:
96.9093083879
# fish_ret_sel_50_post:
102.052586439
# fish_ret_sel_slope:
0.214615409657
# fish_ret_sel_slope_post:
0.297360879012
# fish_tot_sel_offset:
-9.26540472281
# fish_tot_sel_offset_dev:
 33.1006922640 -20.1007820980 35.4964108573 -33.0201663783 39.7567974410 16.8002943428 -37.9567851576 -38.6095862853 39.9180851000 5.38035474091 -7.31659864009 2.64850233925 18.0352545627 -36.0055738144 -2.09968211591 -11.8932251386 -32.7327352427 20.5337314118 38.4162797851 22.1560991667 12.9017376771 -39.1217748952 33.4269536674 -38.8876093538 -19.7112276616 30.5874457926 -18.5585049606 -36.0489628303 -22.7491087501 -16.9619387534 3.50284133387 -37.3470819639 -23.1940841548 16.6256543436 38.4328857683 30.3593019241 -3.35702486116 23.1207008591 -14.8021362044 29.2745658826
# fish_tot_sel_slope:
-1.62410718960
# surv_omega:
0.569239058101
# surv_alpha1:
0.106071917995
# surv_beta1:
111.589700554
# surv_alpha2:
0.179560294033
# surv_beta2:
41.6216110257
