# Number of parameters = 308 Objective function value = 308.524545417062  Maximum gradient component = 0.000541405505130939
# log_n_imm:
 18.5624228208296 19.6727495749732 19.7547029176674 19.9026476264983 19.8713353392376 19.7893748305242 19.4940857285469 19.4072703498961 19.3791922752065 18.8505180443195 18.3241511260886 18.3689140590916 17.8283187782031 16.7965958660154 15.2468325706907 13.2765640996593 11.9710204120410 10.3163004346440 9.60519905562922 8.23974920369949 6.56372558204444
# log_n_mat:
 17.7545548592981 11.5477112976003 15.7576238953337 17.4077225044554 18.3652895944657 18.9527874484869 19.0075185607305 18.8872835326328 18.9274496378127 19.0203384613581 18.8414820065151 18.4289037451896 18.0582040138270 18.2773782390855 18.2089752165227 17.5262704838707 16.6925534152067 15.6785776739201 14.6322971760115 13.3564328268403 12.0370466927296
# nat_m_dev:
 -0.117884379091172 -0.415181211564809 -0.561907664770105 -1.04079663129982 -1.13738668417851 -0.907318694362471 -0.675296036411324 -0.407393798597225 -0.176442099715050 0.0881405761013052 -0.0293279165323035 0.187620904406182 0.135079744851366 0.229346446003000 0.558241528042085 0.685362480380767 0.224042957017765 -0.685280620840938 -0.454617920797006 0.229108592926019 -0.148423002288856 -0.286330641351664 -0.330058172747237 -0.259776873558341 -0.413056030892457 -0.322288188323941 -0.456484032614942 -0.383038733232757 0.328170373310674 0.287204438224256 0.0223335525569064 -0.0227376609759078 0.618744324226196 0.508435923381688 -0.135090989124315 -0.372239598186340 0.525051407366696 1.90222642576555 0.00000000000000 -0.782265860899209 -0.270088091433162 0.261589238770580
# nat_m_mat_dev:
 -0.238184619099994 0.594678716901905 1.32150456090260 -0.547970316313865 -1.28075861041527 -0.941832868406986 -0.275296094150083 -0.118794433782332 0.231653487294014 1.00245407486881 0.0770169993819186 -0.0118925969086389 0.0899211320640237 0.613525227581143 0.540717081796415 0.550957176505045 0.686790485902245 -0.482350385785623 -0.638289883723312 0.343468171426642 0.229457905458569 -0.300273171825572 -0.375182702020687 0.426945219065633 0.625438456665457 0.537187761597095 0.0451635013373060 -0.802004340182429 -0.877895348699683 -0.230557153549407 0.716383058269980 0.131197346670673 0.590647609628109 0.273937139861065 -0.0776509793726662 0.0254032847710986 0.810003299122804 1.24200207239533 0.00000000000000 0.674512236271211 -0.103629612778381 -1.07834810400153
# nat_m_lg_dev:
 3.29217511737367 -1.71127187597879 -3.34799455568835 2.82440326972564 2.31072632752339 1.64959644884203 1.28250770237433 -3.33401686153132 3.08625573439642 2.58043116995014 -2.72714482338579 -3.44636781422379 1.25423061943859 0.479741110913798 -2.07005189319150 3.98857718935641 -2.00809691983486 0.408007214544257 -0.555015220404588 0.618796779010331 -3.84071674006745 3.20914953706673 -1.76143653658359 -1.25552673429064 3.99422173575990 -1.78201867480716 -3.55387977127785 -0.966023767162597 -3.99538201847793 2.50380870815566 -3.99642297502463 -0.387236977426836 3.05437615379154 2.13445753572413 3.84054194780842 -3.56002578220071 -3.84204792664075 3.89459744724499 -2.03532902040283 0.888550480541271 3.87372485285750 -0.992870193797203
# q_dev:
 0.00000000000000 0.00000000000000 0.00000000000000 0.00000000000000 0.00000000000000 0.00000000000000 0.00000000000000 0.00000000000000 0.00000000000000 0.00000000000000 0.00000000000000 0.00000000000000 0.00000000000000 0.00000000000000 0.00000000000000 0.00000000000000 0.00000000000000 0.00000000000000 0.00000000000000 0.00000000000000 0.00000000000000 0.00000000000000 0.00000000000000 0.00000000000000 0.00000000000000 0.00000000000000 0.00000000000000 0.00000000000000 0.00000000000000 0.00000000000000 0.00000000000000 0.00000000000000 0.00000000000000 0.00000000000000 0.00000000000000 0.00000000000000 0.00000000000000 0.00000000000000 0.00000000000000 0.00000000000000 0.00000000000000 0.00000000000000
# q_mat_dev:
 0.00000000000000 0.00000000000000 0.00000000000000 0.00000000000000 0.00000000000000 0.00000000000000 0.00000000000000 0.00000000000000 0.00000000000000 0.00000000000000 0.00000000000000 0.00000000000000 0.00000000000000 0.00000000000000 0.00000000000000 0.00000000000000 0.00000000000000 0.00000000000000 0.00000000000000 0.00000000000000 0.00000000000000 0.00000000000000 0.00000000000000 0.00000000000000 0.00000000000000 0.00000000000000 0.00000000000000 0.00000000000000 0.00000000000000 0.00000000000000 0.00000000000000 0.00000000000000 0.00000000000000 0.00000000000000 0.00000000000000 0.00000000000000 0.00000000000000 0.00000000000000 0.00000000000000 0.00000000000000 0.00000000000000 0.00000000000000
# q_lg_dev:
 0.00000000000000 0.00000000000000 0.00000000000000 0.00000000000000 0.00000000000000 0.00000000000000 0.00000000000000 0.00000000000000 0.00000000000000 0.00000000000000 0.00000000000000 0.00000000000000 0.00000000000000 0.00000000000000 0.00000000000000 0.00000000000000 0.00000000000000 0.00000000000000 0.00000000000000 0.00000000000000 0.00000000000000 0.00000000000000 0.00000000000000 0.00000000000000 0.00000000000000 0.00000000000000 0.00000000000000 0.00000000000000 0.00000000000000 0.00000000000000 0.00000000000000 0.00000000000000 0.00000000000000 0.00000000000000 0.00000000000000 0.00000000000000 0.00000000000000 0.00000000000000 0.00000000000000 0.00000000000000 0.00000000000000 0.00000000000000
# log_avg_rec:
20.8186582515
# rec_devs:
 0.149389941207 0.123443180586 0.493809219001 1.24159374494 0.618079187111 0.586356494470 0.241029358908 0.574056796484 1.57695353515 1.91196528407 1.75815220623 0.913913594270 -0.346725282794 -0.463964945955 -0.151638981071 -0.125751144102 -0.281439366135 -0.644006636050 -0.428680458718 0.433184404240 0.500611913568 0.488263684908 0.355793592009 -0.309186264742 -1.12840911870 0.0373520602766 0.937664519104 0.345324121401 0.145452804137 0.167329020483 0.250008752031 0.414532994006 1.89955338485 1.83171226509 1.53701884031 -0.804192074401 -1.83831443980 -2.12822134278 -1.28715077479 -0.643703567006 1.04414386245 0.00000000000
# sigma_m:
 1.00000000000 1.00000000000 1.00000000000
# log_m_mu:
 -1.35304202001 -0.774265577941 -1.41954383062
# prop_rec:
 14.2475924213 2.92523964999
# sigma_q:
 0.100000000000 0.100000000000
# log_f:
0.137366883122
# f_dev:
 -1.26759454380 -1.90892356032 -0.423001729245 0.284588955722 -0.0126086813620 0.0677599252948 -0.224859863433 -0.282803690720 0.702525588524 0.549135058704 1.51074652850 0.814354639455 0.768998443235 0.388100282985 0.451769634261 0.501858629047 0.993882463875 -0.907380512496 -0.964572459696 0.0469563040699 0.201392925962 -0.879192752667 -1.17496060654 -0.517185808070 0.0946979492534 0.338849063289 -0.183858612055 -0.956451444702 -1.79369885694 -0.810021329540 0.0192278793226 0.414319103397 0.650837434104 0.438170534314 -0.130020027340 -0.0186073806069 1.03247507703 1.53201511959 1.78753553301 -1.13445521342
# fish_ret_sel_50:
96.9093081404
# fish_ret_sel_50_post:
102.052584931
# fish_ret_sel_slope:
0.214615403324
# fish_ret_sel_slope_post:
0.297360922871
# fish_tot_sel_offset:
-9.26540492421
# fish_tot_sel_offset_dev:
 7.58678644452 23.9305145657 -27.5784172344 18.4023152750 32.2737034543 31.6198265932 24.3558696832 39.9701192175 -37.0187712241 -14.3252825426 1.12394748446 -39.2048673527 11.8958331640 -34.7097366408 -39.9853420988 14.0642594219 -25.9344207650 -31.1267583389 -12.7539520012 29.2951028909 -11.7507620487 4.36771596787 26.1376300084 26.5579107968 39.2672721943 3.72926970566 18.6974691192 -36.9450300094 -39.9391903622 -22.0263444489 36.7653509043 4.56246514697 21.8993151885 -38.4382237716 27.0396007398 39.7536598262 -23.2552058305 -39.9714841787 28.1130401267 -36.4451890710
# fish_tot_sel_slope:
-1.62410717040
# surv_omega:
0.569238984478
# surv_alpha1:
0.106071936467
# surv_beta1:
111.589701801
# surv_alpha2:
0.179560195759
# surv_beta2:
41.6216120731
