# Number of parameters = 308 Objective function value = 308.524545373247  Maximum gradient component = 0.000716878991077652
# log_n_imm:
 18.5624235542004 19.6727499410762 19.7547024742767 19.9026470639270 19.8713345670803 19.7893756271825 19.4940850430452 19.4072711969411 19.3791924224649 18.8505170591012 18.3241507183835 18.3689147272055 17.8283173382274 16.7965985469889 15.2468343535622 13.2765670366042 11.9710139841857 10.3162109094939 9.60519727105396 8.24103260486154 6.50579193928622
# log_n_mat:
 17.7545514569383 11.5477167718723 15.7576283310775 17.4077213290239 18.3652913305674 18.9527883308657 19.0075200977127 18.8872845034523 18.9274505122338 19.0203405973646 18.8414826264410 18.4289053930683 18.0582060800376 18.2773788280149 18.2089763445374 17.5262715676839 16.6925546933348 15.6785798717059 14.6322974605172 13.3564252102041 12.0372587832303
# nat_m_dev:
 -0.117884251609054 -0.415181494596688 -0.561908343578925 -1.04079682854842 -1.13738714554988 -0.907319825574588 -0.675297856239792 -0.407393685449791 -0.176442921761190 0.0881389003777650 -0.0293272003169660 0.187619812268363 0.135081444495613 0.229346984240806 0.558240565420498 0.685363112794208 0.224042915909432 -0.685281376423597 -0.454619269083757 0.229108832827532 -0.148422692762234 -0.286328783304436 -0.330059153725402 -0.259778366429268 -0.413055040505271 -0.322285752851857 -0.456483428979820 -0.383038493457013 0.328170233759078 0.287205689479190 0.0223332624082122 -0.0227377452084405 0.618744653842567 0.508436734479668 -0.135091134814124 -0.372238705164909 0.525050642642093 1.90222646864816 0.00000000000000 -0.782265547293072 -0.270087275860632 0.261589437613615
# nat_m_mat_dev:
 -0.238181137228819 0.594678456342795 1.32150403273033 -0.547970130433619 -1.28075917895053 -0.941832274826588 -0.275297345403783 -0.118797033065134 0.231653660153875 1.00245375684232 0.0770171312115211 -0.0118913623777186 0.0899240794680362 0.613523049752549 0.540717245934189 0.550957345093628 0.686790514239706 -0.482348602482206 -0.638287658712798 0.343468664908810 0.229455138194381 -0.300273835199660 -0.375182257332165 0.426943980166878 0.625439481417777 0.537188637956044 0.0451618796619726 -0.802005903495338 -0.877895840386245 -0.230556137801891 0.716383149021335 0.131196832517745 0.590645727162479 0.273938697614953 -0.0776502031857167 0.0254031340772538 0.810002424645470 1.24200215812846 0.00000000000000 0.674511797474878 -0.103629385975863 -1.07834790735674
# nat_m_lg_dev:
 0.277971873150945 0.0275972763525176 -0.0549471500745329 0.308542888383596 -0.869973789577910 0.0654412084395035 -0.0183341793307250 0.0684627445448640 -0.983984399878621 0.0993329350974770 -0.0521579923237041 -0.0656422647885291 0.229959221882973 -0.0235721441498098 -0.738631956762416 -0.0545161172702800 0.0370579204701096 -0.00360812850005023 -0.0575261772755631 -0.0583817763416701 -0.414121129713984 0.436512727653247 -0.0588109357034033 0.331243869816068 0.246589608608378 0.283303135319412 -0.0555066080524529 0.352380742502738 -0.0501506659091640 0.230804227360035 0.238341389119983 -0.373749080750091 0.243900867833419 0.290226148714893 -0.857964252941834 0.129109754393008 -0.0344788132231446 0.321525431648733 0.344527285962670 0.255671182770658 0.384398375466256 -0.376843252923597
# q_dev:
 0.00000000000000 0.00000000000000 0.00000000000000 0.00000000000000 0.00000000000000 0.00000000000000 0.00000000000000 0.00000000000000 0.00000000000000 0.00000000000000 0.00000000000000 0.00000000000000 0.00000000000000 0.00000000000000 0.00000000000000 0.00000000000000 0.00000000000000 0.00000000000000 0.00000000000000 0.00000000000000 0.00000000000000 0.00000000000000 0.00000000000000 0.00000000000000 0.00000000000000 0.00000000000000 0.00000000000000 0.00000000000000 0.00000000000000 0.00000000000000 0.00000000000000 0.00000000000000 0.00000000000000 0.00000000000000 0.00000000000000 0.00000000000000 0.00000000000000 0.00000000000000 0.00000000000000 0.00000000000000 0.00000000000000 0.00000000000000
# q_mat_dev:
 0.00000000000000 0.00000000000000 0.00000000000000 0.00000000000000 0.00000000000000 0.00000000000000 0.00000000000000 0.00000000000000 0.00000000000000 0.00000000000000 0.00000000000000 0.00000000000000 0.00000000000000 0.00000000000000 0.00000000000000 0.00000000000000 0.00000000000000 0.00000000000000 0.00000000000000 0.00000000000000 0.00000000000000 0.00000000000000 0.00000000000000 0.00000000000000 0.00000000000000 0.00000000000000 0.00000000000000 0.00000000000000 0.00000000000000 0.00000000000000 0.00000000000000 0.00000000000000 0.00000000000000 0.00000000000000 0.00000000000000 0.00000000000000 0.00000000000000 0.00000000000000 0.00000000000000 0.00000000000000 0.00000000000000 0.00000000000000
# q_lg_dev:
 0.00000000000000 0.00000000000000 0.00000000000000 0.00000000000000 0.00000000000000 0.00000000000000 0.00000000000000 0.00000000000000 0.00000000000000 0.00000000000000 0.00000000000000 0.00000000000000 0.00000000000000 0.00000000000000 0.00000000000000 0.00000000000000 0.00000000000000 0.00000000000000 0.00000000000000 0.00000000000000 0.00000000000000 0.00000000000000 0.00000000000000 0.00000000000000 0.00000000000000 0.00000000000000 0.00000000000000 0.00000000000000 0.00000000000000 0.00000000000000 0.00000000000000 0.00000000000000 0.00000000000000 0.00000000000000 0.00000000000000 0.00000000000000 0.00000000000000 0.00000000000000 0.00000000000000 0.00000000000000 0.00000000000000 0.00000000000000
# log_avg_rec:
20.8673283924
# rec_devs:
 0.100719376678 0.0747726017919 0.445138848047 1.19292281300 0.569408142191 0.537686216518 0.192359054519 0.525386305546 1.52828326634 1.86329539826 1.70948231444 0.865243562649 -0.395395756624 -0.512634034049 -0.200309628946 -0.174420766495 -0.330110021202 -0.692676386996 -0.477350867261 0.384515001315 0.451942018417 0.439593332536 0.307123470183 -0.357856268214 -1.17707919308 -0.0113180478761 0.888994691814 0.296653707708 0.0967833724781 0.118658839271 0.201338849207 0.365863392178 1.85088325101 1.78304213968 1.48834821920 -0.852860731782 -1.88698600774 -2.17689193992 -1.33582094052 -0.692374529750 0.995473913919 0.00000000000
# sigma_m:
 1.00000000000 1.00000000000 1.00000000000
# log_m_mu:
 -1.35304205612 -0.774265467617 -1.23545316995
# prop_rec:
 14.2475914796 2.92523827403
# sigma_q:
 0.100000000000 0.100000000000
# log_f:
0.137366699781
# f_dev:
 -1.26759490604 -1.90892345694 -0.423001620300 0.284588769685 -0.0126089287519 0.0677595595549 -0.224859877369 -0.282804270386 0.702525110892 0.549134812511 1.51074628505 0.814354452993 0.768999442848 0.388100254164 0.451769300411 0.501858643416 0.993882371771 -0.907380528759 -0.964572118481 0.0469571972428 0.201393179043 -0.879193394424 -1.17496067596 -0.517185939502 0.0946980898957 0.338849626789 -0.183858612343 -0.956451779053 -1.79369897440 -0.810021296953 0.0192283701727 0.414319653392 0.650836941756 0.438170317513 -0.130019254469 -0.0186065914848 1.03247475908 1.53201535470 1.78753535930 -1.13445562657
# fish_ret_sel_50:
96.9093099909
# fish_ret_sel_50_post:
102.052586442
# fish_ret_sel_slope:
0.214615440140
# fish_ret_sel_slope_post:
0.297360854346
# fish_tot_sel_offset:
-9.26540151803
# fish_tot_sel_offset_dev:
 27.1181591096 29.1471073059 -5.00530850368 -30.3655346265 -30.3921582300 -22.7459941973 -36.9783110196 36.7283640366 -20.9845968935 -32.3252805648 -6.70907362375 22.3436846583 -25.9729726845 -26.6077506155 1.21977270193 30.1583814783 -13.1765111157 -2.55268677732 -7.12411914602 -2.01185984889 30.5055464078 30.1630680613 11.7987259800 -32.0715396310 -19.5342860457 -35.9036312882 36.4938081652 -36.2964571648 21.1781141987 22.6064701837 34.9424472497 -16.8649727942 14.0044869779 -22.2087456403 34.7914552702 -33.8258901314 14.7362949351 37.8195907043 8.76254550237 15.1396576158
# fish_tot_sel_slope:
-1.62410713087
# surv_omega:
0.569238989443
# surv_alpha1:
0.106071961659
# surv_beta1:
111.589701116
# surv_alpha2:
0.179560222500
# surv_beta2:
41.6216105619
