# Number of parameters = 308 Objective function value = 308.524545369515  Maximum gradient component = 0.000620799354991656
# log_n_imm:
 18.5624232575408 19.6727503223025 19.7547024836474 19.9026475341211 19.8713346600907 19.7893764712739 19.4940859192108 19.4072706296612 19.3791921432029 18.8505168444183 18.3241505466994 18.3689149902336 17.8283176894494 16.7965966490861 15.2468343331946 13.2765646323021 11.9710165278301 10.3162815167875 9.60520770297394 8.24092430798319 6.50604948538517
# log_n_mat:
 17.7545504167602 11.5477184053153 15.7576267180466 17.4077200622488 18.3652901414931 18.9527879731473 19.0075193336381 18.8872842236609 18.9274497360041 19.0203395335769 18.8414824368675 18.4289053782777 18.0582051566604 18.2773789453041 18.2089759961881 17.5262712977153 16.6925541293700 15.6785782900049 14.6322969573265 13.3564269348545 12.0372564288639
# nat_m_dev:
 -0.117883940703378 -0.415181896609878 -0.561907698318185 -1.04079656592901 -1.13738659913361 -0.907319633447379 -0.675297685119146 -0.407394411290064 -0.176442430632264 0.0881401345607450 -0.0293269505364971 0.187618700317504 0.135081771890069 0.229346111430202 0.558242055713563 0.685362409852744 0.224043612494168 -0.685280483670954 -0.454618171890212 0.229109932085988 -0.148423960042738 -0.286329927449695 -0.330059777288903 -0.259778279191603 -0.413055849801363 -0.322285313747485 -0.456483154434588 -0.383038431741335 0.328169735240823 0.287205377011156 0.0223326763610949 -0.0227386951101226 0.618746154276106 0.508435869477804 -0.135090946499426 -0.372240054307245 0.525050644119039 1.90222691520690 0.00000000000000 -0.782265749201882 -0.270087491571043 0.261589376291742
# nat_m_mat_dev:
 -0.238182751901132 0.594678276769751 1.32150460568365 -0.547969864506585 -1.28075897616246 -0.941832535356793 -0.275297469511184 -0.118796247010102 0.231653744348015 1.00245362080896 0.0770171007006013 -0.0118915682556784 0.0899237333816725 0.613523107331804 0.540717460306561 0.550957032678346 0.686790812394800 -0.482348425427236 -0.638288144999888 0.343467975934318 0.229455188895868 -0.300274176489777 -0.375182552842475 0.426945900693300 0.625438702993766 0.537188259438240 0.0451624652089260 -0.802005162684324 -0.877895511737227 -0.230556048487471 0.716382784148407 0.131196290752751 0.590648191889308 0.273937443418755 -0.0776513529494349 0.0254025414039960 0.810003878483077 1.24200199373154 0.00000000000000 0.674511650627675 -0.103629687277611 -1.07834750102180
# nat_m_lg_dev:
 -0.353525246874631 -0.109140158944161 0.758826026720608 0.226427845293266 -0.313157163665434 0.345015832310979 -0.234374166145369 0.186268804233801 0.504164326061397 -0.321242057641453 -0.329900222213125 -0.204636525233561 0.920797969105089 -0.348125133628631 0.383160619910873 0.639629234524333 -0.225546413399786 -0.218896426096358 -0.368836751321543 -0.329860941678271 -0.266888883607729 -0.582481358076163 -0.211264681019723 -0.354281117155987 0.780614491970748 -0.249078620585230 0.809237350753345 -0.574297255774983 1.72987497053813 -0.392148093913589 0.0216727874658296 -0.523383492806718 -0.587598581999900 1.02271514840010 -0.329900177884683 0.230909347192064 0.307094354248548 -0.375135836148738 -0.372641049976666 -0.317710589438331 -0.177014746137004 -0.195343417361339
# q_dev:
 0.00000000000000 0.00000000000000 0.00000000000000 0.00000000000000 0.00000000000000 0.00000000000000 0.00000000000000 0.00000000000000 0.00000000000000 0.00000000000000 0.00000000000000 0.00000000000000 0.00000000000000 0.00000000000000 0.00000000000000 0.00000000000000 0.00000000000000 0.00000000000000 0.00000000000000 0.00000000000000 0.00000000000000 0.00000000000000 0.00000000000000 0.00000000000000 0.00000000000000 0.00000000000000 0.00000000000000 0.00000000000000 0.00000000000000 0.00000000000000 0.00000000000000 0.00000000000000 0.00000000000000 0.00000000000000 0.00000000000000 0.00000000000000 0.00000000000000 0.00000000000000 0.00000000000000 0.00000000000000 0.00000000000000 0.00000000000000
# q_mat_dev:
 0.00000000000000 0.00000000000000 0.00000000000000 0.00000000000000 0.00000000000000 0.00000000000000 0.00000000000000 0.00000000000000 0.00000000000000 0.00000000000000 0.00000000000000 0.00000000000000 0.00000000000000 0.00000000000000 0.00000000000000 0.00000000000000 0.00000000000000 0.00000000000000 0.00000000000000 0.00000000000000 0.00000000000000 0.00000000000000 0.00000000000000 0.00000000000000 0.00000000000000 0.00000000000000 0.00000000000000 0.00000000000000 0.00000000000000 0.00000000000000 0.00000000000000 0.00000000000000 0.00000000000000 0.00000000000000 0.00000000000000 0.00000000000000 0.00000000000000 0.00000000000000 0.00000000000000 0.00000000000000 0.00000000000000 0.00000000000000
# q_lg_dev:
 0.00000000000000 0.00000000000000 0.00000000000000 0.00000000000000 0.00000000000000 0.00000000000000 0.00000000000000 0.00000000000000 0.00000000000000 0.00000000000000 0.00000000000000 0.00000000000000 0.00000000000000 0.00000000000000 0.00000000000000 0.00000000000000 0.00000000000000 0.00000000000000 0.00000000000000 0.00000000000000 0.00000000000000 0.00000000000000 0.00000000000000 0.00000000000000 0.00000000000000 0.00000000000000 0.00000000000000 0.00000000000000 0.00000000000000 0.00000000000000 0.00000000000000 0.00000000000000 0.00000000000000 0.00000000000000 0.00000000000000 0.00000000000000 0.00000000000000 0.00000000000000 0.00000000000000 0.00000000000000 0.00000000000000 0.00000000000000
# log_avg_rec:
21.1172027557
# rec_devs:
 -0.149154903923 -0.175101632548 0.195264543622 0.943048512162 0.319534220736 0.287811886645 -0.0575153795544 0.275511919879 1.27840902550 1.61342083921 1.45960768227 0.615369503686 -0.645270010999 -0.762508576875 -0.450183590282 -0.424295318972 -0.579983899575 -0.942550955449 -0.727224982689 0.134639890104 0.202067306961 0.189718845121 0.0572490053129 -0.607730528638 -1.42695374746 -0.261192208926 0.639119961296 0.0467794829267 -0.153091626081 -0.131215430116 -0.0485354374146 0.115988906983 1.60100902683 1.53316772678 1.23847427523 -1.10273478153 -2.13685943592 -2.42676598574 -1.58569557775 -0.942248630274 0.745599220691 0.00000000000
# sigma_m:
 1.00000000000 1.00000000000 1.00000000000
# log_m_mu:
 -1.35304213960 -0.774265520580 -1.27588201113
# prop_rec:
 14.2475950142 2.92524071663
# sigma_q:
 0.100000000000 0.100000000000
# log_f:
0.137366995141
# f_dev:
 -1.26759482376 -1.90892365959 -0.423001504600 0.284589090891 -0.0126087571424 0.0677595751050 -0.224859940651 -0.282804321070 0.702525292391 0.549134911096 1.51074629892 0.814354585507 0.768999331073 0.388100082522 0.451769185068 0.501858532922 0.993882271793 -0.907380380270 -0.964572020515 0.0469570700815 0.201393043687 -0.879193387812 -1.17496090766 -0.517185519316 0.0946983355861 0.338849365262 -0.183858685519 -0.956451656158 -1.79369896691 -0.810021200348 0.0192283108850 0.414318730787 0.650837247306 0.438170938093 -0.130019500951 -0.0186070678398 1.03247510847 1.53201537065 1.78753512261 -1.13445550061
# fish_ret_sel_50:
96.9093088453
# fish_ret_sel_50_post:
102.052586284
# fish_ret_sel_slope:
0.214615416061
# fish_ret_sel_slope_post:
0.297360852185
# fish_tot_sel_offset:
-9.26540573446
# fish_tot_sel_offset_dev:
 33.1545639752 -1.45112359441 30.2761050710 38.8726140060 39.4655341176 -36.7339340403 -8.48094469185 24.2609160768 36.5601834919 37.9169620698 39.9988236242 -21.6964094291 -39.5150435837 -4.11769186531 -0.899802167437 -19.3684285185 30.0262490256 -37.1422263180 -39.8946853593 -38.0937920642 -28.6544590642 -28.2003955836 -32.3972455683 -3.38190333411 35.6797635515 -3.39044147314 31.1242674577 26.3920837592 2.07783923818 -12.9398052625 13.8813623953 -39.7922492530 -38.6268787779 -18.6608468050 39.2779015617 -39.9495068180 15.6323318179 32.3880754756 -39.7537978297 26.1560346860
# fish_tot_sel_slope:
-1.62410718390
# surv_omega:
0.430760983673
# surv_alpha1:
0.179560212396
# surv_beta1:
41.6216101704
# surv_alpha2:
0.106071940688
# surv_beta2:
111.589700202
