# Number of parameters = 308 Objective function value = 308.524545367538  Maximum gradient component = 0.000223044461019687
# log_n_imm:
 18.5624239296940 19.6727501933985 19.7547025106177 19.9026473423592 19.8713345174852 19.7893763303407 19.4940861540414 19.4072706850636 19.3791918368834 18.8505164880578 18.3241502819864 18.3689148334674 17.8283176842190 16.7965964586926 15.2468330706349 13.2765628888941 11.9710139378768 10.3162810146791 9.60518421827907 8.24096611856242 6.50654327197571
# log_n_mat:
 17.7545502319190 11.5477152876981 15.7576285517346 17.4077208720006 18.3652902668692 18.9527878442771 19.0075193095072 18.8872841659195 18.9274496360812 19.0203394655623 18.8414822839784 18.4289050590806 18.0582052049245 18.2773790602156 18.2089760191319 17.5262713071151 16.6925541089445 15.6785788123541 14.6322974735535 13.3564290643912 12.0372547671054
# nat_m_dev:
 -0.117884434602276 -0.415182038602646 -0.561907809635769 -1.04079631095365 -1.13738687262674 -0.907319340809748 -0.675297566992146 -0.407394799852285 -0.176442860682736 0.0881401487121057 -0.0293262888934987 0.187618481044394 0.135081864778177 0.229345787511193 0.558241969636099 0.685362562541103 0.224043782622079 -0.685280599281267 -0.454618460741675 0.229109832985847 -0.148423332863050 -0.286329404571646 -0.330060046946758 -0.259778379795313 -0.413055495540554 -0.322285142991066 -0.456483220991092 -0.383038914418926 0.328170282758612 0.287206291340817 0.0223320962395385 -0.0227384980240407 0.618746114978846 0.508435499534307 -0.135090415386815 -0.372240145620990 0.525049602201238 1.90222702058407 0.00000000000000 -0.782265668519997 -0.270087378897927 0.261589470934053
# nat_m_mat_dev:
 -0.238183094343562 0.594678053543411 1.32150461483014 -0.547969819995880 -1.28075931448293 -0.941832455416467 -0.275297452615622 -0.118796240530966 0.231653481047996 1.00245425883601 0.0770167536450727 -0.0118920618396639 0.0899238433187725 0.613523185767350 0.540717351820983 0.550957287912549 0.686790414165944 -0.482348500796151 -0.638288056769407 0.343468174111083 0.229455581056161 -0.300274148196430 -0.375182499881796 0.426945794781157 0.625438751018207 0.537188095717529 0.0451627959172975 -0.802005009037621 -0.877895165199042 -0.230555759762164 0.716382602145391 0.131196599491395 0.590647827834899 0.273937773661973 -0.0776510681781979 0.0254025434310285 0.810003569519343 1.24200213698017 0.00000000000000 0.674511938570638 -0.103629728440550 -1.07834826606410
# nat_m_lg_dev:
 0.0510636008699459 -0.0974507530901172 -0.0889789041962366 -0.211600575267836 0.173996387181484 -0.135808564451954 0.0675619849095099 0.0376053010092257 0.340227023240506 0.127343189068164 0.242653961109752 -0.202413708078950 -0.0286668106066159 0.0342463756923834 -0.0114101990377109 -0.0963016463855642 0.0806339768379010 0.257759465223467 0.116761729990467 0.00207600811375830 0.00928164468703763 0.116982220627415 0.0938341163624612 -0.0758397476249595 0.115216720216721 -0.0204815317505096 0.178504286794283 -0.0789582402385718 0.0461401390522678 0.0393816483439196 -0.161037993823559 0.0549386657327382 -0.0777668128504683 0.0125218310862207 -0.168154127105379 -0.255249008324570 0.0615079678425454 -0.166948010252502 -0.181870330837210 -0.0524956634106415 -0.00518440637734008 -0.143621210281479
# q_dev:
 0.00000000000000 0.00000000000000 0.00000000000000 0.00000000000000 0.00000000000000 0.00000000000000 0.00000000000000 0.00000000000000 0.00000000000000 0.00000000000000 0.00000000000000 0.00000000000000 0.00000000000000 0.00000000000000 0.00000000000000 0.00000000000000 0.00000000000000 0.00000000000000 0.00000000000000 0.00000000000000 0.00000000000000 0.00000000000000 0.00000000000000 0.00000000000000 0.00000000000000 0.00000000000000 0.00000000000000 0.00000000000000 0.00000000000000 0.00000000000000 0.00000000000000 0.00000000000000 0.00000000000000 0.00000000000000 0.00000000000000 0.00000000000000 0.00000000000000 0.00000000000000 0.00000000000000 0.00000000000000 0.00000000000000 0.00000000000000
# q_mat_dev:
 0.00000000000000 0.00000000000000 0.00000000000000 0.00000000000000 0.00000000000000 0.00000000000000 0.00000000000000 0.00000000000000 0.00000000000000 0.00000000000000 0.00000000000000 0.00000000000000 0.00000000000000 0.00000000000000 0.00000000000000 0.00000000000000 0.00000000000000 0.00000000000000 0.00000000000000 0.00000000000000 0.00000000000000 0.00000000000000 0.00000000000000 0.00000000000000 0.00000000000000 0.00000000000000 0.00000000000000 0.00000000000000 0.00000000000000 0.00000000000000 0.00000000000000 0.00000000000000 0.00000000000000 0.00000000000000 0.00000000000000 0.00000000000000 0.00000000000000 0.00000000000000 0.00000000000000 0.00000000000000 0.00000000000000 0.00000000000000
# q_lg_dev:
 0.00000000000000 0.00000000000000 0.00000000000000 0.00000000000000 0.00000000000000 0.00000000000000 0.00000000000000 0.00000000000000 0.00000000000000 0.00000000000000 0.00000000000000 0.00000000000000 0.00000000000000 0.00000000000000 0.00000000000000 0.00000000000000 0.00000000000000 0.00000000000000 0.00000000000000 0.00000000000000 0.00000000000000 0.00000000000000 0.00000000000000 0.00000000000000 0.00000000000000 0.00000000000000 0.00000000000000 0.00000000000000 0.00000000000000 0.00000000000000 0.00000000000000 0.00000000000000 0.00000000000000 0.00000000000000 0.00000000000000 0.00000000000000 0.00000000000000 0.00000000000000 0.00000000000000 0.00000000000000 0.00000000000000 0.00000000000000
# log_avg_rec:
20.9616730800
# rec_devs:
 0.00637476672202 -0.0195718841980 0.350794288146 1.09857827383 0.475063832616 0.443341831963 0.0980140655176 0.431042071291 1.43393885465 1.76895057178 1.61513732644 0.770898974884 -0.489740016781 -0.606978870486 -0.294653667490 -0.268765531605 -0.424454096631 -0.787021280066 -0.571695126498 0.290169844586 0.357597176649 0.345248600352 0.212778889807 -0.452201178944 -1.27142303908 -0.105662434069 0.794649773360 0.202309589974 0.00243854560636 0.0243139113362 0.106994312325 0.271519000653 1.75653865072 1.68869737645 1.39400390191 -0.947205049387 -1.98133145584 -2.27123580307 -1.43016562873 -0.786718999505 0.901129131697 0.00000000000
# sigma_m:
 1.00000000000 1.00000000000 1.00000000000
# log_m_mu:
 -1.35304211066 -0.774265487897 -0.990689138323
# prop_rec:
 14.2475905759 2.92523643419
# sigma_q:
 0.100000000000 0.100000000000
# log_f:
0.137367015864
# f_dev:
 -1.26759502963 -1.90892360839 -0.423001592595 0.284588871970 -0.0126088946546 0.0677596534811 -0.224859832578 -0.282804317589 0.702525139733 0.549134975376 1.51074643940 0.814354442252 0.768999246871 0.388100196278 0.451769138302 0.501858641260 0.993882274809 -0.907380540022 -0.964572130127 0.0469570273888 0.201393129470 -0.879193300484 -1.17496088519 -0.517185494167 0.0946983252894 0.338849346156 -0.183858736642 -0.956451700812 -1.79369901809 -0.810021172434 0.0192282545520 0.414319109102 0.650837428988 0.438170916718 -0.130019444801 -0.0186069142929 1.03247495686 1.53201537562 1.78753517963 -1.13445545699
# fish_ret_sel_50:
96.9093083940
# fish_ret_sel_50_post:
102.052586167
# fish_ret_sel_slope:
0.214615421856
# fish_ret_sel_slope_post:
0.297360859769
# fish_tot_sel_offset:
-9.26540656050
# fish_tot_sel_offset_dev:
 -25.4359589582 -8.23991824671 -39.4412647836 33.1595422618 39.9530116773 -16.5733295484 25.7764069130 -17.1560506081 -10.5010724010 -8.87149201005 33.9546670632 -12.0125829295 32.1120047695 14.1515053774 9.34976723702 1.63320180301 24.6818720971 -20.5162274647 9.00850320625 -3.53717121513 -13.4087110109 29.5762173471 27.6627503740 -27.4755756667 36.4530423642 8.37209423287 -19.7453157527 -19.9050534994 -35.8177453758 18.8998255147 -8.08536326038 -8.70640354346 -14.5190927928 38.3581152035 -4.49696771640 -39.9520438545 -30.1123774836 -37.6254387961 -0.618744450314 39.6513739263
# fish_tot_sel_slope:
-1.62410718838
# surv_omega:
0.569239010727
# surv_alpha1:
0.106071930563
# surv_beta1:
111.589700321
# surv_alpha2:
0.179560237241
# surv_beta2:
41.6216107272
