# Number of parameters = 308 Objective function value = 308.524545383100  Maximum gradient component = 0.000837657378100894
# log_n_imm:
 18.5624171881076 19.6727506136554 19.7547026173065 19.9026489492013 19.8713346679485 19.7893765583430 19.4940861043616 19.4072707002844 19.3791921282147 18.8505168776972 18.3241506379237 18.3689160423336 17.8283181632527 16.7965985214262 15.2468347121271 13.2765486336345 11.9710536967062 10.3159422663245 9.60568773600131 8.24093469609894 6.50608483472078
# log_n_mat:
 17.7545494165742 11.5477369136092 15.7576217329164 17.4077176600067 18.3652882360578 18.9527850051306 19.0075162881746 18.8872811731027 18.9274467563744 19.0203368814383 18.8414796399246 18.4289025931792 18.0582032455923 18.2773765591510 18.2089736914797 17.5262695348148 16.6925516356389 15.6785776333764 14.6322929467456 13.3564252559100 12.0372589700170
# nat_m_dev:
 -0.117883277206425 -0.415183210213135 -0.561904549525504 -1.04079626525844 -1.13738391763808 -0.907312645527636 -0.675288198141180 -0.407392524182406 -0.176437469177623 0.0881517011301746 -0.0293289374507407 0.187617865497239 0.135082290696673 0.229342055905253 0.558243055418072 0.685364102616003 0.224035432553780 -0.685278390470901 -0.454616229888344 0.229091516717567 -0.148424152226553 -0.286331628779691 -0.330058503924990 -0.259776554682716 -0.413054585777537 -0.322294134551844 -0.456485419434692 -0.383039933899543 0.328175205066616 0.287213089078986 0.0223336653338556 -0.0227374051759358 0.618753356097970 0.508414580597044 -0.135096585098062 -0.372235284674960 0.525047299184140 1.90222866840408 0.00000000000000 -0.782267358775712 -0.270088984565613 0.261589657848234
# nat_m_mat_dev:
 -0.238198629891906 0.594681837409859 1.32150434717204 -0.547970297034929 -1.28075826844581 -0.941831678892895 -0.275296138253685 -0.118794786854953 0.231655815392971 1.00245186492094 0.0770135348926936 -0.0118920896648392 0.0899242717745840 0.613522428931924 0.540716970483654 0.550957312224890 0.686790351222271 -0.482349928080677 -0.638289758254771 0.343471111357614 0.229454948966768 -0.300273209199250 -0.375178460495253 0.426951984097548 0.625436823585893 0.537187377987677 0.0451647052337671 -0.802006321351796 -0.877895084438901 -0.230556594779734 0.716383317731207 0.131195623734803 0.590644981631366 0.273934416972840 -0.0776486142857809 0.0254070510418946 0.810007152444283 1.24200160239993 0.00000000000000 0.674511871405420 -0.103629621030189 -1.07834744269789
# nat_m_lg_dev:
 -0.0674682902274122 1.01531952876089 -0.0369888392008679 -1.44488977209970 1.38768766283194 1.58782064559821 0.110418829783578 -0.556992531223038 -0.593235220705987 0.886424357113813 0.856442467557358 0.779768223701014 0.00921718699084153 -1.96101374492800 -0.331396018159179 -0.116972816014104 -3.01022168744249 0.856855132410538 -0.495855006328394 1.11205480088222 1.32388174352945 0.558394449723583 -0.401170745025341 -0.241000863266583 -0.620815566192612 1.83974464501988 0.726718919477114 -0.342101497398193 0.0209524219821256 -0.0135960155676171 -0.582284141891429 -0.387520935772452 -0.455225631811804 -0.844550290088140 -3.40911712748532 -2.87727630753748 0.0122715766609694 -0.616114531401125 -0.517929850216488 3.95972546035903 -0.145289018748715 3.02532839634992
# q_dev:
 0.00000000000000 0.00000000000000 0.00000000000000 0.00000000000000 0.00000000000000 0.00000000000000 0.00000000000000 0.00000000000000 0.00000000000000 0.00000000000000 0.00000000000000 0.00000000000000 0.00000000000000 0.00000000000000 0.00000000000000 0.00000000000000 0.00000000000000 0.00000000000000 0.00000000000000 0.00000000000000 0.00000000000000 0.00000000000000 0.00000000000000 0.00000000000000 0.00000000000000 0.00000000000000 0.00000000000000 0.00000000000000 0.00000000000000 0.00000000000000 0.00000000000000 0.00000000000000 0.00000000000000 0.00000000000000 0.00000000000000 0.00000000000000 0.00000000000000 0.00000000000000 0.00000000000000 0.00000000000000 0.00000000000000 0.00000000000000
# q_mat_dev:
 0.00000000000000 0.00000000000000 0.00000000000000 0.00000000000000 0.00000000000000 0.00000000000000 0.00000000000000 0.00000000000000 0.00000000000000 0.00000000000000 0.00000000000000 0.00000000000000 0.00000000000000 0.00000000000000 0.00000000000000 0.00000000000000 0.00000000000000 0.00000000000000 0.00000000000000 0.00000000000000 0.00000000000000 0.00000000000000 0.00000000000000 0.00000000000000 0.00000000000000 0.00000000000000 0.00000000000000 0.00000000000000 0.00000000000000 0.00000000000000 0.00000000000000 0.00000000000000 0.00000000000000 0.00000000000000 0.00000000000000 0.00000000000000 0.00000000000000 0.00000000000000 0.00000000000000 0.00000000000000 0.00000000000000 0.00000000000000
# q_lg_dev:
 0.00000000000000 0.00000000000000 0.00000000000000 0.00000000000000 0.00000000000000 0.00000000000000 0.00000000000000 0.00000000000000 0.00000000000000 0.00000000000000 0.00000000000000 0.00000000000000 0.00000000000000 0.00000000000000 0.00000000000000 0.00000000000000 0.00000000000000 0.00000000000000 0.00000000000000 0.00000000000000 0.00000000000000 0.00000000000000 0.00000000000000 0.00000000000000 0.00000000000000 0.00000000000000 0.00000000000000 0.00000000000000 0.00000000000000 0.00000000000000 0.00000000000000 0.00000000000000 0.00000000000000 0.00000000000000 0.00000000000000 0.00000000000000 0.00000000000000 0.00000000000000 0.00000000000000 0.00000000000000 0.00000000000000 0.00000000000000
# log_avg_rec:
20.8652231529
# rec_devs:
 0.102825577121 0.0768785328211 0.447245251139 1.19502938148 0.571516710626 0.539794680643 0.194466375444 0.527493848098 1.53038983357 1.86539978765 1.71158549199 0.867347189339 -0.393292787288 -0.510531057369 -0.198205886860 -0.172320405537 -0.328007909479 -0.690575260367 -0.475249133108 0.386617508661 0.454046567347 0.441697867346 0.309228078261 -0.355752198334 -1.17497445680 -0.00921278696007 0.891101404041 0.298762200744 0.0988888390523 0.120763305501 0.203441853183 0.367965299294 1.85298196520 1.78514404812 1.49045408236 -0.850754585206 -1.88487689044 -2.17478682652 -1.33371694127 -0.690269634583 0.997577822793 0.00000000000
# sigma_m:
 1.00000000000 1.00000000000 1.00000000000
# log_m_mu:
 -1.35304236347 -0.774265781395 -1.03281440419
# prop_rec:
 14.2475966471 2.92524126809
# sigma_q:
 0.100000000000 0.100000000000
# log_f:
0.137365597869
# f_dev:
 -1.26759542152 -1.90892420990 -0.423001316053 0.284587793959 -0.0126098698321 0.0677592820224 -0.224859564097 -0.282803432963 0.702526434869 0.549135984299 1.51074602682 0.814354285259 0.768999731386 0.388100555991 0.451769136460 0.501859033257 0.993883200867 -0.907380372214 -0.964572416087 0.0469580816020 0.201392754239 -0.879195538009 -1.17496205133 -0.517184244070 0.0946989083834 0.338848674732 -0.183858993714 -0.956451792456 -1.79369897864 -0.810021373745 0.0192284330212 0.414320310397 0.650837562492 0.438170905444 -0.130020017830 -0.0186085354607 1.03247579023 1.53201512089 1.78753515705 -1.13445503574
# fish_ret_sel_50:
96.9093108410
# fish_ret_sel_50_post:
102.052585872
# fish_ret_sel_slope:
0.214615425405
# fish_ret_sel_slope_post:
0.297360834365
# fish_tot_sel_offset:
-9.26539420724
# fish_tot_sel_offset_dev:
 30.3258996843 38.1573028483 -38.7501231899 18.3857158853 14.1557131799 -33.9487642449 6.63577623663 -18.6655720382 33.7588164160 -32.4796690566 11.0853359200 -39.6463283778 39.9830143638 -39.4112229801 37.3882490631 14.9049128849 -39.7824160368 29.6815151229 -8.87910474934 -31.2956431912 -14.3046983850 -39.9637299947 -33.5376172132 -13.2665092042 36.9954773694 28.2125837525 39.7610905770 -36.5162838363 -39.3845227449 -39.3984142589 -8.88943578640 30.0710277805 36.7428455341 -34.5501420518 33.6829498375 15.7429571108 39.8541151391 39.7153850419 -30.1689926502 -2.40149375742
# fish_tot_sel_slope:
-1.62410703474
# surv_omega:
0.569238921760
# surv_alpha1:
0.106071948826
# surv_beta1:
111.589708989
# surv_alpha2:
0.179560141990
# surv_beta2:
41.6216073024
