# Number of parameters = 308 Objective function value = 308.524545371443  Maximum gradient component = 0.000559033889341957
# log_n_imm:
 18.5624239659668 19.6727499958653 19.7547022315252 19.9026475678273 19.8713346064518 19.7893763840910 19.4940860550607 19.4072708783898 19.3791923553924 18.8505165001983 18.3241507256381 18.3689150364877 17.8283177529623 16.7965966646841 15.2468317870759 13.2765673415097 11.9710162236413 10.3162981789474 9.60518528354781 8.24103418974409 6.50604201580681
# log_n_mat:
 17.7545492707051 11.5478044788616 15.7576271345584 17.4077211672874 18.3652898225990 18.9527876392839 19.0075188892218 18.8872837574109 18.9274494591711 19.0203392326440 18.8414814164570 18.4289051390849 18.0582048302873 18.2773788936408 18.2089756789413 17.5262711282801 16.6925538979342 15.6785785101033 14.6322973806806 13.3564281239084 12.0372624310329
# nat_m_dev:
 -0.117884178446382 -0.415178726585887 -0.561908990920965 -1.04079600667783 -1.13738715254623 -0.907321794228127 -0.675297052735425 -0.407397391222131 -0.176442743014301 0.0881351372534505 -0.0293268778986591 0.187618236081567 0.135083503368016 0.229345623110315 0.558242614533359 0.685363578983158 0.224046330169406 -0.685281001369442 -0.454618557295577 0.229110529175851 -0.148422943623941 -0.286329979246349 -0.330059533191821 -0.259777625265674 -0.413055724630883 -0.322284738243910 -0.456482814938222 -0.383037138354578 0.328171241460400 0.287205788549229 0.0223316150517110 -0.0227371817133111 0.618743226864826 0.508436552977343 -0.135093156377673 -0.372239932592207 0.525050989195097 1.90222713341124 0.00000000000000 -0.782265183656324 -0.270088677258183 0.261590374464838
# nat_m_mat_dev:
 -0.238185545464914 0.594678990952921 1.32150439431903 -0.547971105358420 -1.28075922549682 -0.941832318747613 -0.275298350315373 -0.118797185354093 0.231653153159189 1.00245441046779 0.0770178928180030 -0.0118907975883078 0.0899246844394035 0.613523271309574 0.540718236609484 0.550957525900420 0.686789662585701 -0.482349390946161 -0.638287098032832 0.343468148103925 0.229455573737480 -0.300274223296279 -0.375183368236070 0.426945763156618 0.625439232495761 0.537187802813075 0.0451628751443305 -0.802004290398705 -0.877895341721240 -0.230556375406511 0.716382291968832 0.131196391269708 0.590647364636461 0.273938002925434 -0.0776521617937098 0.0254045153629476 0.810004613603695 1.24200171517712 0.00000000000000 0.674511740690022 -0.103629244025796 -1.07834744912038
# nat_m_lg_dev:
 -0.637734485449832 1.34769067590369 -0.725840842222890 0.0694531291557810 0.608937683100327 -0.743719224957120 -0.386542277962011 0.246306802403246 -0.808475821765564 0.0971214234350942 1.40183356813897 -0.749053450156474 0.247525385639790 -2.93040191346737 1.31629755065600 0.251471163444201 -0.0235161545170096 0.254187065336300 1.37560232597752 -0.332052763730096 -0.493238201241260 0.289314762614895 -0.745119348248607 0.0844934622458885 1.14773994336682 -0.629779690604413 -0.795561930549173 1.06203302505162 0.272811179075464 1.45500270229619 -0.513093961804567 0.246234418753649 0.279133602260492 -0.409303297372232 1.45721578245791 0.283625980952383 1.19424563153278 0.00201756069165136 0.551262593591740 -2.09022907011316 -0.591532446193434 -1.93636253772720
# q_dev:
 0.00000000000000 0.00000000000000 0.00000000000000 0.00000000000000 0.00000000000000 0.00000000000000 0.00000000000000 0.00000000000000 0.00000000000000 0.00000000000000 0.00000000000000 0.00000000000000 0.00000000000000 0.00000000000000 0.00000000000000 0.00000000000000 0.00000000000000 0.00000000000000 0.00000000000000 0.00000000000000 0.00000000000000 0.00000000000000 0.00000000000000 0.00000000000000 0.00000000000000 0.00000000000000 0.00000000000000 0.00000000000000 0.00000000000000 0.00000000000000 0.00000000000000 0.00000000000000 0.00000000000000 0.00000000000000 0.00000000000000 0.00000000000000 0.00000000000000 0.00000000000000 0.00000000000000 0.00000000000000 0.00000000000000 0.00000000000000
# q_mat_dev:
 0.00000000000000 0.00000000000000 0.00000000000000 0.00000000000000 0.00000000000000 0.00000000000000 0.00000000000000 0.00000000000000 0.00000000000000 0.00000000000000 0.00000000000000 0.00000000000000 0.00000000000000 0.00000000000000 0.00000000000000 0.00000000000000 0.00000000000000 0.00000000000000 0.00000000000000 0.00000000000000 0.00000000000000 0.00000000000000 0.00000000000000 0.00000000000000 0.00000000000000 0.00000000000000 0.00000000000000 0.00000000000000 0.00000000000000 0.00000000000000 0.00000000000000 0.00000000000000 0.00000000000000 0.00000000000000 0.00000000000000 0.00000000000000 0.00000000000000 0.00000000000000 0.00000000000000 0.00000000000000 0.00000000000000 0.00000000000000
# q_lg_dev:
 0.00000000000000 0.00000000000000 0.00000000000000 0.00000000000000 0.00000000000000 0.00000000000000 0.00000000000000 0.00000000000000 0.00000000000000 0.00000000000000 0.00000000000000 0.00000000000000 0.00000000000000 0.00000000000000 0.00000000000000 0.00000000000000 0.00000000000000 0.00000000000000 0.00000000000000 0.00000000000000 0.00000000000000 0.00000000000000 0.00000000000000 0.00000000000000 0.00000000000000 0.00000000000000 0.00000000000000 0.00000000000000 0.00000000000000 0.00000000000000 0.00000000000000 0.00000000000000 0.00000000000000 0.00000000000000 0.00000000000000 0.00000000000000 0.00000000000000 0.00000000000000 0.00000000000000 0.00000000000000 0.00000000000000 0.00000000000000
# log_avg_rec:
21.2628926219
# rec_devs:
 -0.294845055080 -0.320791633191 0.0495739844527 0.797358135887 0.173842998544 0.142120917593 -0.203206308622 0.129820962458 1.13271810503 1.46773077687 1.31391802704 0.469680666808 -0.790959412673 -0.908197898257 -0.595872462207 -0.569984212614 -0.725673710140 -1.08824070393 -0.872915032362 -0.0110499004106 0.0563774561185 0.0440292297147 -0.0884407648047 -0.753420590275 -1.57264338350 -0.406882218364 0.493430279045 -0.0989107783981 -0.298782090659 -0.276906109274 -0.194226243222 -0.0297021127816 1.45531852094 1.38747760388 1.09278405775 -1.24842534789 -2.28254955334 -2.57245629109 -1.73138577433 -1.08793809932 0.599909053920 0.00000000000
# sigma_m:
 1.00000000000 1.00000000000 1.00000000000
# log_m_mu:
 -1.35304234606 -0.774265586020 -1.05138816280
# prop_rec:
 14.2475925815 2.92523998214
# sigma_q:
 0.100000000000 0.100000000000
# log_f:
0.137366792260
# f_dev:
 -1.26759514317 -1.90892369399 -0.423001374387 0.284588933853 -0.0126087211523 0.0677597131104 -0.224859637887 -0.282804383907 0.702525007489 0.549134754734 1.51074668902 0.814354484745 0.768999048743 0.388100003400 0.451769232417 0.501859023806 0.993882043670 -0.907380766124 -0.964572156560 0.0469569815308 0.201393170407 -0.879193148985 -1.17496078525 -0.517185731342 0.0946986129517 0.338849542562 -0.183858588715 -0.956451569111 -1.79369865811 -0.810020795930 0.0192283384219 0.414318989632 0.650837066386 0.438170725999 -0.130020087929 -0.0186076365504 1.03247566954 1.53201546250 1.78753490080 -1.13445551660
# fish_ret_sel_50:
96.9093080390
# fish_ret_sel_50_post:
102.052586157
# fish_ret_sel_slope:
0.214615414320
# fish_ret_sel_slope_post:
0.297360870748
# fish_tot_sel_offset:
-9.26540479306
# fish_tot_sel_offset_dev:
 -6.16662269666 10.6878650501 -1.74786407064 -28.1403307327 -0.458320409452 36.0715246707 -33.3073108695 23.1975294739 34.1433425655 31.8028252621 -16.6777526012 10.9705669160 -19.2450055388 -15.0333645464 -5.65192502111 -26.6614221410 -17.4852150203 -19.2621665217 39.7652182194 -25.4151278948 39.7910379415 -32.3778975427 26.7670903677 35.2007171967 -5.92526237410 -37.2668617112 26.0936885446 38.8393883692 16.9921240583 10.0808663513 -36.7671338023 29.2111618423 -30.1256450606 -33.5973645803 14.5770085008 -32.7804647313 5.55315581600 19.9818376585 -18.0796462061 -7.55424473180
# fish_tot_sel_slope:
-1.62410716380
# surv_omega:
0.569238992847
# surv_alpha1:
0.106071990291
# surv_beta1:
111.589701520
# surv_alpha2:
0.179560228736
# surv_beta2:
41.6216090280
