# Number of parameters = 308 Objective function value = 308.524545358576  Maximum gradient component = 0.000618801241050063
# log_n_imm:
 18.5624164983886 19.6727507602781 19.7547025934935 19.9026472665382 19.8713347835008 19.7893762827180 19.4940855631352 19.4072705477566 19.3791931793821 18.8505164761681 18.3241504887747 18.3689150699696 17.8283174962415 16.7965972077511 15.2468283805714 13.2765513113396 11.9710203723646 10.3162835674813 9.60518480525722 8.24081419491257 6.50573108661891
# log_n_mat:
 17.7545497445031 11.5477190161202 15.7576382952024 17.4077212125763 18.3652904943732 18.9527879847128 19.0075194180165 18.8872842594126 18.9274500412597 19.0203397795735 18.8414821495971 18.4289055404443 18.0582054726625 18.2773796850936 18.2089764369544 17.5262720805820 16.6925546910969 15.6785795454385 14.6322972007832 13.3564304412226 12.0372510884870
# nat_m_dev:
 -0.117883850241861 -0.415181961547110 -0.561907698691037 -1.04079599644067 -1.13738685238980 -0.907319521505539 -0.675298098428005 -0.407394237579364 -0.176443225361728 0.0881388863374519 -0.0293260908693973 0.187618456540336 0.135081731619016 0.229347122739863 0.558241415585363 0.685361428881831 0.224045067925183 -0.685280762352791 -0.454618252827368 0.229108933387950 -0.148422184986030 -0.286328339683411 -0.330059957208203 -0.259779637325874 -0.413055555983759 -0.322284724172482 -0.456483525046111 -0.383038642989102 0.328170917831383 0.287204642077840 0.0223315452892023 -0.0227382907381737 0.618744796327337 0.508435513903735 -0.135089964242585 -0.372239267069487 0.525049627084866 1.90222694370180 0.00000000000000 -0.782265458758898 -0.270087546834359 0.261589985902390
# nat_m_mat_dev:
 -0.238181956519678 0.594678005576326 1.32150460471494 -0.547971860800879 -1.28076025623546 -0.941833136726977 -0.275298742948326 -0.118796524363932 0.231654538878638 1.00245397127303 0.0770168013811796 -0.0118912793638297 0.0899242399221176 0.613523231297296 0.540717100267877 0.550957047046444 0.686791065898271 -0.482348098854833 -0.638287882846840 0.343467981838575 0.229455468975684 -0.300274677719858 -0.375183768859012 0.426945121953597 0.625439167596707 0.537188913461671 0.0451621135586917 -0.802005274825742 -0.877895072284752 -0.230555925467282 0.716382747486962 0.131195914589390 0.590648471552179 0.273939022588854 -0.0776495627587010 0.0254040391553909 0.810002528396219 1.24200256155535 0.00000000000000 0.674512266773929 -0.103630371741390 -1.07834773961939
# nat_m_lg_dev:
 0.157712902163990 -0.265967255146697 0.208898434868027 -0.254562721665140 0.460887628545350 -0.276564459340518 -0.145107560172952 -0.173585082618733 -0.409225987861728 0.399312057658161 -0.131634430881339 -0.193890757748782 0.465750738623662 0.218311434088970 0.0859066659561755 -0.0596076433340707 0.233921194596711 0.461976466358911 -0.104332940116921 -0.254812002764459 -0.211949292864344 -0.0902344314803898 -0.177797761406906 0.389762638301422 -0.124715068008231 -0.234729238204061 -0.0989611675531617 -0.133835559833322 -0.110824384150730 0.124030372010403 -0.0927841515789765 -0.178399374145613 0.243573022888824 -0.294458568171987 -0.108329630952263 0.357698020695079 0.238284820011272 0.157766254029783 -0.00780440961589515 -0.135978392373972 -0.206396410988779 0.272696032183227
# q_dev:
 0.00000000000000 0.00000000000000 0.00000000000000 0.00000000000000 0.00000000000000 0.00000000000000 0.00000000000000 0.00000000000000 0.00000000000000 0.00000000000000 0.00000000000000 0.00000000000000 0.00000000000000 0.00000000000000 0.00000000000000 0.00000000000000 0.00000000000000 0.00000000000000 0.00000000000000 0.00000000000000 0.00000000000000 0.00000000000000 0.00000000000000 0.00000000000000 0.00000000000000 0.00000000000000 0.00000000000000 0.00000000000000 0.00000000000000 0.00000000000000 0.00000000000000 0.00000000000000 0.00000000000000 0.00000000000000 0.00000000000000 0.00000000000000 0.00000000000000 0.00000000000000 0.00000000000000 0.00000000000000 0.00000000000000 0.00000000000000
# q_mat_dev:
 0.00000000000000 0.00000000000000 0.00000000000000 0.00000000000000 0.00000000000000 0.00000000000000 0.00000000000000 0.00000000000000 0.00000000000000 0.00000000000000 0.00000000000000 0.00000000000000 0.00000000000000 0.00000000000000 0.00000000000000 0.00000000000000 0.00000000000000 0.00000000000000 0.00000000000000 0.00000000000000 0.00000000000000 0.00000000000000 0.00000000000000 0.00000000000000 0.00000000000000 0.00000000000000 0.00000000000000 0.00000000000000 0.00000000000000 0.00000000000000 0.00000000000000 0.00000000000000 0.00000000000000 0.00000000000000 0.00000000000000 0.00000000000000 0.00000000000000 0.00000000000000 0.00000000000000 0.00000000000000 0.00000000000000 0.00000000000000
# q_lg_dev:
 0.00000000000000 0.00000000000000 0.00000000000000 0.00000000000000 0.00000000000000 0.00000000000000 0.00000000000000 0.00000000000000 0.00000000000000 0.00000000000000 0.00000000000000 0.00000000000000 0.00000000000000 0.00000000000000 0.00000000000000 0.00000000000000 0.00000000000000 0.00000000000000 0.00000000000000 0.00000000000000 0.00000000000000 0.00000000000000 0.00000000000000 0.00000000000000 0.00000000000000 0.00000000000000 0.00000000000000 0.00000000000000 0.00000000000000 0.00000000000000 0.00000000000000 0.00000000000000 0.00000000000000 0.00000000000000 0.00000000000000 0.00000000000000 0.00000000000000 0.00000000000000 0.00000000000000 0.00000000000000 0.00000000000000 0.00000000000000
# log_avg_rec:
20.9562392302
# rec_devs:
 0.0118091709559 -0.0141387071871 0.356227893585 1.10401206603 0.480497240591 0.448775487752 0.103448214754 0.436474995329 1.43937247980 1.77438447721 1.62057169890 0.776332708215 -0.484305702980 -0.601545087489 -0.289220676112 -0.263331568714 -0.419020235076 -0.781587382569 -0.566262198027 0.295603790753 0.363030866977 0.350682611699 0.218212352022 -0.446766864787 -1.26599046743 -0.100228925110 0.800083390761 0.207743208329 0.00787195114482 0.0297475778003 0.112427863260 0.276951899511 1.76197238468 1.69413142752 1.39943781349 -0.941768029962 -1.97589964584 -2.26580191950 -1.42473214697 -0.781285018560 0.906562594055 0.00000000000
# sigma_m:
 1.00000000000 1.00000000000 1.00000000000
# log_m_mu:
 -1.35304205595 -0.774265609767 -1.34474946826
# prop_rec:
 14.2475993116 2.92524365148
# sigma_q:
 0.100000000000 0.100000000000
# log_f:
0.137366766454
# f_dev:
 -1.26759518873 -1.90892389609 -0.423001747460 0.284588964045 -0.0126091697713 0.0677595034062 -0.224860219799 -0.282804607604 0.702525364303 0.549135034248 1.51074658851 0.814354604853 0.768999367463 0.388100201354 0.451769374065 0.501858481067 0.993882310466 -0.907380195933 -0.964571958441 0.0469569313389 0.201393133524 -0.879193302513 -1.17496103799 -0.517186013994 0.0946983037478 0.338849642105 -0.183858550543 -0.956451681818 -1.79369893144 -0.810021115798 0.0192282757876 0.414318577690 0.650837127436 0.438170977993 -0.130018926339 -0.0186060964213 1.03247505939 1.53201502992 1.78753508691 -1.13445529892
# fish_ret_sel_50:
96.9093077496
# fish_ret_sel_50_post:
102.052586342
# fish_ret_sel_slope:
0.214615408628
# fish_ret_sel_slope_post:
0.297360848949
# fish_tot_sel_offset:
-9.26540448358
# fish_tot_sel_offset_dev:
 -30.7286491983 35.1065398306 -39.2196584231 30.7259676505 -13.9120280661 27.9095553455 29.7134053589 38.4093921399 11.0002364167 -24.7027979424 38.7665297109 -36.2882219735 -39.7139116433 20.4147700909 38.6929456515 -15.1736052010 32.8390663157 21.1262427317 16.3785796528 13.3910815643 35.3169505809 29.8295458878 4.89164756597 -37.3572683777 -34.7006528908 28.4059149301 23.0204290261 -35.8591388245 -28.6581320471 18.3737802126 -36.3591891813 -12.5891340632 -7.68822436415 20.4145153781 -32.1716766194 -35.3998593595 -27.6594400600 -36.1445523542 -21.2082555132 30.8073000615
# fish_tot_sel_slope:
-1.62410710195
# surv_omega:
0.569238992117
# surv_alpha1:
0.106071950032
# surv_beta1:
111.589701904
# surv_alpha2:
0.179560164528
# surv_beta2:
41.6216111522
