# Number of parameters = 308 Objective function value = 308.524545363334  Maximum gradient component = 0.000604017534135334
# log_n_imm:
 18.5624179274418 19.6727494967707 19.7547026741920 19.9026470035128 19.8713340644961 19.7893753823850 19.4940840171796 19.4072704621968 19.3791922345112 18.8505139129197 18.3241507654179 18.3689145521618 17.8283169331605 16.7965951073273 15.2468312490151 13.2765675935186 11.9709563994545 10.3159497521189 9.60525249386497 8.24078999209753 6.49744282323437
# log_n_mat:
 17.7545496781241 11.5477145572126 15.7576315329474 17.4077238898350 18.3652891923816 18.9527875305215 19.0075186702986 18.8872841173754 18.9274494261258 19.0203396620078 18.8414819728592 18.4289041800215 18.0582065710059 18.2773791030132 18.2089758722896 17.5262704942476 16.6925547083274 15.6785795912711 14.6322990149671 13.3564208110221 12.0372882165206
# nat_m_dev:
 -0.117886334822332 -0.415181353810737 -0.561907649123035 -1.04079824444935 -1.13738482864119 -0.907319841295777 -0.675298410793396 -0.407396008423065 -0.176442047394684 0.0881375779564118 -0.0293297783165252 0.187621073918865 0.135081268828774 0.229345631389182 0.558243646122194 0.685360004180246 0.224049652581223 -0.685282227799404 -0.454619455421851 0.229114571666679 -0.148425637365754 -0.286328442027582 -0.330058954503561 -0.259775438130084 -0.413055370703114 -0.322285621206174 -0.456484359893393 -0.383038365644176 0.328170375235450 0.287205240606708 0.0223314151828142 -0.0227377334188019 0.618750363031875 0.508429473204582 -0.135088389608435 -0.372238006822336 0.525044008282960 1.90222883686170 0.00000000000000 -0.782265489191550 -0.270085601342341 0.261587819197401
# nat_m_mat_dev:
 -0.238185410025783 0.594679446730685 1.32150453725817 -0.547969767225545 -1.28075841944898 -0.941834614943966 -0.275301322237390 -0.118793122782013 0.231652785159738 1.00245399399336 0.0770166345188466 -0.0118917299821676 0.0899253470515465 0.613523663277228 0.540717063499179 0.550957033622626 0.686791329357231 -0.482349232582793 -0.638285931460840 0.343466731620619 0.229455113992738 -0.300273933722873 -0.375182516160559 0.426945553420332 0.625438550687385 0.537187222653231 0.0451648000458106 -0.802005409019078 -0.877894255651818 -0.230556352826235 0.716383094262574 0.131196315422878 0.590648354820844 0.273937775040361 -0.0776517220895931 0.0254022953685852 0.810003091314074 1.24200332851512 0.00000000000000 0.674511018394056 -0.103629127701170 -1.07834742228459
# nat_m_lg_dev:
 3.15162359342863 -3.70328116900981 -3.97985954051775 -1.12749569295614 3.62738965491393 1.82706624901129 2.94248250981816 -2.00163622696669 -3.92101893260826 -3.64459419670032 -3.30888364105693 3.50079164630002 1.52435132133748 -1.80294376845813 -3.96250601397519 3.81912551033881 -1.81548203218466 3.95026213131147 2.32051614031356 -0.0142780561665029 -3.96568476589468 -3.57882868780296 -2.23532411292798 0.758992319528992 3.35274162429909 0.0153144878250135 -3.57022592074065 1.38242936449810 -2.22513885177090 1.57764320057288 3.89551146785575 -2.73356075699461 1.31390083305108 -2.59951068820631 -0.237608572883362 3.97544672641906 -1.14344427200175 3.42550330332679 3.99447581650104 3.54122079676804 0.937346649534025 -3.26282944712964
# q_dev:
 0.00000000000000 0.00000000000000 0.00000000000000 0.00000000000000 0.00000000000000 0.00000000000000 0.00000000000000 0.00000000000000 0.00000000000000 0.00000000000000 0.00000000000000 0.00000000000000 0.00000000000000 0.00000000000000 0.00000000000000 0.00000000000000 0.00000000000000 0.00000000000000 0.00000000000000 0.00000000000000 0.00000000000000 0.00000000000000 0.00000000000000 0.00000000000000 0.00000000000000 0.00000000000000 0.00000000000000 0.00000000000000 0.00000000000000 0.00000000000000 0.00000000000000 0.00000000000000 0.00000000000000 0.00000000000000 0.00000000000000 0.00000000000000 0.00000000000000 0.00000000000000 0.00000000000000 0.00000000000000 0.00000000000000 0.00000000000000
# q_mat_dev:
 0.00000000000000 0.00000000000000 0.00000000000000 0.00000000000000 0.00000000000000 0.00000000000000 0.00000000000000 0.00000000000000 0.00000000000000 0.00000000000000 0.00000000000000 0.00000000000000 0.00000000000000 0.00000000000000 0.00000000000000 0.00000000000000 0.00000000000000 0.00000000000000 0.00000000000000 0.00000000000000 0.00000000000000 0.00000000000000 0.00000000000000 0.00000000000000 0.00000000000000 0.00000000000000 0.00000000000000 0.00000000000000 0.00000000000000 0.00000000000000 0.00000000000000 0.00000000000000 0.00000000000000 0.00000000000000 0.00000000000000 0.00000000000000 0.00000000000000 0.00000000000000 0.00000000000000 0.00000000000000 0.00000000000000 0.00000000000000
# q_lg_dev:
 0.00000000000000 0.00000000000000 0.00000000000000 0.00000000000000 0.00000000000000 0.00000000000000 0.00000000000000 0.00000000000000 0.00000000000000 0.00000000000000 0.00000000000000 0.00000000000000 0.00000000000000 0.00000000000000 0.00000000000000 0.00000000000000 0.00000000000000 0.00000000000000 0.00000000000000 0.00000000000000 0.00000000000000 0.00000000000000 0.00000000000000 0.00000000000000 0.00000000000000 0.00000000000000 0.00000000000000 0.00000000000000 0.00000000000000 0.00000000000000 0.00000000000000 0.00000000000000 0.00000000000000 0.00000000000000 0.00000000000000 0.00000000000000 0.00000000000000 0.00000000000000 0.00000000000000 0.00000000000000 0.00000000000000 0.00000000000000
# log_avg_rec:
20.8190600884
# rec_devs:
 0.148988141764 0.123040640172 0.493407029084 1.24119096983 0.617675387750 0.585954570375 0.240625617760 0.573654106758 1.57655065419 1.91156280269 1.75775097277 0.913512740255 -0.347128363658 -0.464364444762 -0.152041769485 -0.126151057278 -0.281839870876 -0.644408152169 -0.429081947570 0.432782819899 0.500210338806 0.487861696299 0.355392697868 -0.309588193410 -1.12881363298 0.0369511085491 0.937262144649 0.344923155223 0.145050822168 0.166926768794 0.249608533234 0.414130892474 1.89915044528 1.83130977288 1.53661758979 -0.804592411446 -1.83871544028 -2.12862225900 -1.28755204355 -0.644105859320 1.04374286225 0.00000000000
# sigma_m:
 1.00000000000 1.00000000000 1.00000000000
# log_m_mu:
 -1.35304228737 -0.774265534118 -1.45392702284
# prop_rec:
 14.2475908960 2.92524227900
# sigma_q:
 0.100000000000 0.100000000000
# log_f:
0.137366727094
# f_dev:
 -1.26759523723 -1.90892266532 -0.423000827546 0.284589253573 -0.0126084880754 0.0677599962360 -0.224860586732 -0.282804638220 0.702524995934 0.549134967960 1.51074500672 0.814354021639 0.768999269700 0.388100180092 0.451768812012 0.501858652276 0.993881898743 -0.907380225730 -0.964571552514 0.0469563627835 0.201392526325 -0.879192985754 -1.17496096247 -0.517185069507 0.0946991064151 0.338849355488 -0.183858432238 -0.956451269500 -1.79369858523 -0.810021084683 0.0192285039448 0.414318904989 0.650837096596 0.438171206778 -0.130019453616 -0.0186073030006 1.03247390424 1.53201505305 1.78753604983 -1.13445575797
# fish_ret_sel_50:
96.9093067714
# fish_ret_sel_50_post:
102.052586849
# fish_ret_sel_slope:
0.214615377630
# fish_ret_sel_slope_post:
0.297360864917
# fish_tot_sel_offset:
-9.26540457145
# fish_tot_sel_offset_dev:
 -24.6269764136 20.7940457771 35.6679561945 -2.01750940558 -27.5516335264 39.4658773661 -39.4336831399 -32.9780894569 -15.4852628560 -38.6159519348 -35.6804090682 24.6261695380 10.6954517640 19.7719866324 -28.4054222562 39.9959659425 34.5952411701 -12.3048909826 26.8229837973 29.1905298006 -38.7005820310 -3.82541070415 -27.1659222333 -21.5023308050 25.3281964939 -38.1409320389 39.5380211381 -13.8271657929 -33.7493078541 25.7681236981 -31.9590121157 -19.1994065476 6.78594676324 3.09981310787 38.3060614320 36.9773191632 38.6177282379 -24.7564699737 -20.5343090610 34.4132601809
# fish_tot_sel_slope:
-1.62410710223
# surv_omega:
0.569239012628
# surv_alpha1:
0.106071910719
# surv_beta1:
111.589700352
# surv_alpha2:
0.179560255884
# surv_beta2:
41.6216099215
