# Number of parameters = 308 Objective function value = 325.945687499840  Maximum gradient component = 0.000662331906903658
# log_n_imm:
 15.8418708451443 19.3677188696273 19.9320417031506 19.8065378195088 19.8903409733700 19.7774987475452 19.4852757038548 19.3630362948147 19.3261930614158 18.8059803736374 18.2807520053738 18.3394454277710 17.8288382983140 16.8424337791947 15.2989899593040 13.3134783239016 11.9839714142884 10.3207442785231 9.60441350359203 8.22162645574472 6.44244136111880
# log_n_mat:
 17.1550086604542 11.4989083619184 16.1783819498919 17.4582340920504 18.4383059839660 19.0749333525749 19.1175799839951 18.8966841652380 18.8837339221922 18.9235385172615 18.6808183599591 18.2388809817675 17.8706645681269 18.1301350130386 18.1127316743951 17.4592343611306 16.6470592550324 15.6488972411976 14.6095478249107 13.3428234009543 12.0317643186277
# nat_m_dev:
 -0.160495502229947 -0.461806654842943 -0.578363749143488 -1.06431188603115 -1.15960510035887 -0.903024445970784 -0.647440179628316 -0.403292834062397 -0.202103123628921 0.158249179029668 0.00935041523343780 0.310018424421238 0.185693287730210 0.222228298500951 0.542412911450049 0.613698520577438 0.247726196460223 -0.726750808697827 -0.473339825284927 0.339104033129214 -0.140436036394233 -0.266977938530781 -0.323733073423182 -0.227778983829563 -0.425067117507290 -0.341306815018057 -0.476990035609447 -0.416670117785684 0.393739585555094 0.376076651226674 -0.0275556966478701 -0.133636347121037 0.700996927742545 0.592723251819881 -0.111901685205191 -0.389676477562672 0.552872163985760 1.87524334859139 0.00000000000000 -0.846403461801975 -0.337973745105519 0.126503160846007
# nat_m_mat_dev:
 -0.253045714934879 0.608018077456638 1.33248562234093 -0.528328747918635 -1.29213567639819 -0.976050371437856 -0.287688320189642 -0.0411628135487990 0.299139281259932 1.01858187268793 0.123438839022338 -0.0562589029475969 0.0319048750013526 0.641960516504121 0.552500631889569 0.570616743943865 0.722103215968348 -0.512971915949991 -0.679895259198843 0.382812251864372 0.344091295446978 -0.244059911934745 -0.364952163645694 0.399122733415858 0.634244284938875 0.624852592914795 0.113110916459624 -0.811400498232649 -0.925903637650811 -0.285419102399662 0.765236509589447 0.172576427416487 0.603002249391753 0.293682006373993 -0.235201849448689 -0.165459763678956 0.787622172274734 1.26087732272589 0.00000000000000 0.683957968358603 -0.158307762869633 -1.14763798792023
# nat_m_lg_dev:
 -3.97786077395180 3.22210910080256 0.378968438321747 -2.44355128326615 -2.01885930372987 1.46584091233251 3.29839211901733 1.84869470026152 -2.37778137035755 0.0690042614556276 -1.77310884420068 3.48808709204749 -2.67890578360272 2.58940881699873 0.609943779592408 3.98653388438999 -3.10558328712322 0.512869586132530 -1.63275767711044 -0.0189369348056413 -2.15229390514844 -2.99908712136248 -0.0414248447927895 3.51353569335968 3.99164024495404 -0.349938056217046 -3.89523788564172 3.87365706637917 2.51360652307797 2.18360783796949 -3.32412824402755 -2.03622590836492 1.10167566795650 1.36364387768726 -2.73283842301948 2.44662474358681 3.98709884898142 -3.74015532070701 -3.43036413989042 -2.47120087778450 -2.98095080672053 3.73624759652017
# q_dev:
 0.00000000000000 0.00000000000000 0.00000000000000 0.00000000000000 0.00000000000000 0.00000000000000 0.00000000000000 0.00000000000000 0.00000000000000 0.00000000000000 0.00000000000000 0.00000000000000 0.00000000000000 0.00000000000000 0.00000000000000 0.00000000000000 0.00000000000000 0.00000000000000 0.00000000000000 0.00000000000000 0.00000000000000 0.00000000000000 0.00000000000000 0.00000000000000 0.00000000000000 0.00000000000000 0.00000000000000 0.00000000000000 0.00000000000000 0.00000000000000 0.00000000000000 0.00000000000000 0.00000000000000 0.00000000000000 0.00000000000000 0.00000000000000 0.00000000000000 0.00000000000000 0.00000000000000 0.00000000000000 0.00000000000000 0.00000000000000
# q_mat_dev:
 0.00000000000000 0.00000000000000 0.00000000000000 0.00000000000000 0.00000000000000 0.00000000000000 0.00000000000000 0.00000000000000 0.00000000000000 0.00000000000000 0.00000000000000 0.00000000000000 0.00000000000000 0.00000000000000 0.00000000000000 0.00000000000000 0.00000000000000 0.00000000000000 0.00000000000000 0.00000000000000 0.00000000000000 0.00000000000000 0.00000000000000 0.00000000000000 0.00000000000000 0.00000000000000 0.00000000000000 0.00000000000000 0.00000000000000 0.00000000000000 0.00000000000000 0.00000000000000 0.00000000000000 0.00000000000000 0.00000000000000 0.00000000000000 0.00000000000000 0.00000000000000 0.00000000000000 0.00000000000000 0.00000000000000 0.00000000000000
# q_lg_dev:
 0.00000000000000 0.00000000000000 0.00000000000000 0.00000000000000 0.00000000000000 0.00000000000000 0.00000000000000 0.00000000000000 0.00000000000000 0.00000000000000 0.00000000000000 0.00000000000000 0.00000000000000 0.00000000000000 0.00000000000000 0.00000000000000 0.00000000000000 0.00000000000000 0.00000000000000 0.00000000000000 0.00000000000000 0.00000000000000 0.00000000000000 0.00000000000000 0.00000000000000 0.00000000000000 0.00000000000000 0.00000000000000 0.00000000000000 0.00000000000000 0.00000000000000 0.00000000000000 0.00000000000000 0.00000000000000 0.00000000000000 0.00000000000000 0.00000000000000 0.00000000000000 0.00000000000000 0.00000000000000 0.00000000000000 0.00000000000000
# log_avg_rec:
21.2275750858
# rec_devs:
 -0.333831912528 -0.340029411982 -0.0119566826151 0.783606245844 0.501633713971 0.135167724902 0.00638783769725 0.0758255107802 1.03182780963 1.55914417392 1.50061362883 0.834108564746 -0.656258278972 -0.952409725741 -0.550669329026 -0.613765309301 -0.516045925015 -1.05870680147 -0.887576014369 -0.00961017365312 0.0863348714109 0.261688120997 -0.165193114612 -0.307070874851 -1.78188094663 -0.478645688936 0.454665850698 0.292711607451 -0.349912659613 -0.144464126789 -0.135843288965 -0.227035727786 1.39036914438 1.45350624298 1.31987072448 -0.364500808594 -3.25345927770 -2.45578813840 -1.98935472174 -0.944132626047 0.443943451567 0.00000000000
# sigma_m:
 1.00000000000 1.00000000000 1.00000000000
# log_m_mu:
 -1.29722046598 -0.752460327351 -1.14460794648
# prop_rec:
 26.0063578052 15.8097735324
# sigma_q:
 0.100000000000 0.100000000000
# log_f:
0.136236058717
# f_dev:
 -1.20771261785 -1.86748919378 -0.370881056235 0.327487951037 0.00947801822599 0.0362794340214 -0.249511310430 -0.300040115687 0.676710418485 0.533829566178 1.53307837417 0.824531087947 0.752810081776 0.409173950261 0.471099143398 0.494673863644 0.972038815515 -0.901869362415 -0.969099172742 0.0202920204535 0.229783832420 -0.860692473028 -1.15044264123 -0.502059605470 0.0450931382311 0.336858524019 -0.205950851852 -0.982396680301 -1.82032758450 -0.856478134457 -0.00284444207941 0.425134575484 0.674850070437 0.459454514929 -0.128185711686 -0.0923008307899 0.960042292952 1.54685919714 1.82824878714 -1.09952587333
# fish_ret_sel_50:
96.9854354771
# fish_ret_sel_50_post:
102.064245385
# fish_ret_sel_slope:
0.214658634479
# fish_ret_sel_slope_post:
0.296483029146
# fish_tot_sel_offset:
-8.90113344923
# fish_tot_sel_offset_dev:
 24.3918949949 -12.2247584623 -1.30766621950 15.2129603979 -32.0896329401 33.5305089023 -19.1296207979 35.9962957202 9.87606073724 -32.4079633226 -14.3141149560 -28.0922723170 -39.7740119980 -32.6956278972 -27.9415702845 -38.2903879290 36.2353746736 36.4204016894 7.43547453983 30.0007243912 39.9221229348 -39.3064461339 -13.4856365138 9.60514952825 17.8941333986 10.5013423249 -10.2684881507 28.3410765362 8.46424402100 -5.89474309220 -21.6618727247 -31.3011633666 2.70664227717 36.4376542721 16.3564931627 -31.8455099352 -33.8255281736 39.5718811896 33.0836221038 -6.12704258099
# fish_tot_sel_slope:
-1.61508601220
# surv_omega:
0.859494420264
# surv_alpha1:
0.0293230717432
# surv_beta1:
91.3780519612
# surv_alpha2:
16.9250102037
# surv_beta2:
46.5427962583
