# Number of parameters = 308 Objective function value = 1954.00155737633  Maximum gradient component = 19360.2715659969
# log_n_imm:
 17.8573612388874 21.3380892000460 17.3365442311655 18.3386553520830 20.5652989923453 21.6846847866213 18.7240418722158 19.8333055098310 17.4168171045244 14.2963784429462 17.1094693091763 14.2907846098393 13.4567807468064 14.7843758493636 15.2585216489751 11.9379914015277 11.6691755709928 9.55115356923299 8.81712530895489 7.98147955550513 6.10350295775680
# log_n_mat:
 13.1528645415073 12.9623952383003 15.2209087031731 17.3403737591857 21.6533809302468 22.1291278816972 19.7793414937972 17.8736503336671 17.8685952599811 23.2833302660403 16.0480137533052 20.4140974397142 22.8785582742696 20.0231232900874 18.4553738920748 18.6241264542304 17.0752880842874 17.3862506639030 15.4649848322767 10.0970001432529 2.32243307303256
# nat_m_dev:
 1.44603665555980 0.502787639956533 0.317801320747045 -0.422575205836842 -0.804453015435401 -0.675972925095509 -0.486070481208993 -0.305055597376940 -0.142024738663093 -0.0586542238340222 -0.0998809858507564 -0.0830353466774319 -0.266989352472538 -0.211606961403126 0.622627668437065 1.62024211432257 0.669094858781396 -0.441903883305604 -0.238141948279453 0.370409824878832 -0.0426681663238422 -0.293903422361581 -0.514770068627892 -0.712306573120109 -0.872681901067897 -0.561059970415405 -0.639708441119117 -0.643686062045085 -0.220782461201710 -0.183331099583592 -0.276849039587181 -0.00970630532874898 0.487958968872542 0.691935236428005 0.241275478413540 -0.106839466202636 0.676460170694032 1.65074070193956 0.00000000000000 -0.548769369979332 -0.0428430646239329 0.428087021636653
# nat_m_mat_dev:
 0.554825589204081 1.62043275190409 -2.00576483401802 -0.924493398052022 -1.23077428383698 -1.02509764495230 -0.875465855298079 -0.907679501849293 -0.487292999517591 0.937021385464330 0.00267825738366969 -0.0989346768759673 0.258484292307505 0.495225641932539 -0.0108139272957979 -0.366352326969670 0.973565669131940 0.189535525518412 -0.269275055934685 0.240144768070473 0.00968595908803607 -0.417434567227764 -0.288738885909325 0.545306491729798 0.743802527763562 0.323728539817993 -0.184747484504478 -0.786838740922547 -0.864241844377624 -0.156349776363412 1.23241866463128 0.542096698636767 0.784436346060526 -0.0884312091489050 -0.622415366806094 -0.170343116767296 0.532213457379342 1.63969191800497 0.00000000000000 1.48418868844889 -0.00513876380761833 -0.989883838984064
# nat_m_lg_dev:
 -0.0191310945220380 -0.0688182068211232 0.203383412910655 -0.136401264856588 -0.0610496538784609 -0.260579435542409 -0.0850514590447596 -0.0119745689558864 0.246405566009284 -0.114582170479447 0.0478987322887856 -0.302352873745953 -0.146180206720914 -0.246731745058192 0.154424588385623 0.0797704056123973 -0.287954246588706 0.0211599511511910 -0.136935516548255 0.230500327274588 0.0681550410816096 0.000245004577898956 0.284779985256949 0.0846908525457705 -0.296334304558823 0.0407660758997958 -0.110925855880633 0.501588527778072 0.165163649084338 0.189526251489898 0.0445903636225106 0.157349343001198 0.297613836073300 -0.187078346844948 0.186653547488794 -0.422005400960854 -0.114061067091037 -0.236969072182370 0.0542546443725551 0.0278586806972627 0.0181268716012810 0.140210832077637
# q_dev:
 0.00000000000000 0.00000000000000 0.00000000000000 0.00000000000000 0.00000000000000 0.00000000000000 0.00000000000000 0.00000000000000 0.00000000000000 0.00000000000000 0.00000000000000 0.00000000000000 0.00000000000000 0.00000000000000 0.00000000000000 0.00000000000000 0.00000000000000 0.00000000000000 0.00000000000000 0.00000000000000 0.00000000000000 0.00000000000000 0.00000000000000 0.00000000000000 0.00000000000000 0.00000000000000 0.00000000000000 0.00000000000000 0.00000000000000 0.00000000000000 0.00000000000000 0.00000000000000 0.00000000000000 0.00000000000000 0.00000000000000 0.00000000000000 0.00000000000000 0.00000000000000 0.00000000000000 0.00000000000000 0.00000000000000 0.00000000000000
# q_mat_dev:
 0.00000000000000 0.00000000000000 0.00000000000000 0.00000000000000 0.00000000000000 0.00000000000000 0.00000000000000 0.00000000000000 0.00000000000000 0.00000000000000 0.00000000000000 0.00000000000000 0.00000000000000 0.00000000000000 0.00000000000000 0.00000000000000 0.00000000000000 0.00000000000000 0.00000000000000 0.00000000000000 0.00000000000000 0.00000000000000 0.00000000000000 0.00000000000000 0.00000000000000 0.00000000000000 0.00000000000000 0.00000000000000 0.00000000000000 0.00000000000000 0.00000000000000 0.00000000000000 0.00000000000000 0.00000000000000 0.00000000000000 0.00000000000000 0.00000000000000 0.00000000000000 0.00000000000000 0.00000000000000 0.00000000000000 0.00000000000000
# q_lg_dev:
 0.00000000000000 0.00000000000000 0.00000000000000 0.00000000000000 0.00000000000000 0.00000000000000 0.00000000000000 0.00000000000000 0.00000000000000 0.00000000000000 0.00000000000000 0.00000000000000 0.00000000000000 0.00000000000000 0.00000000000000 0.00000000000000 0.00000000000000 0.00000000000000 0.00000000000000 0.00000000000000 0.00000000000000 0.00000000000000 0.00000000000000 0.00000000000000 0.00000000000000 0.00000000000000 0.00000000000000 0.00000000000000 0.00000000000000 0.00000000000000 0.00000000000000 0.00000000000000 0.00000000000000 0.00000000000000 0.00000000000000 0.00000000000000 0.00000000000000 0.00000000000000 0.00000000000000 0.00000000000000 0.00000000000000 0.00000000000000
# log_avg_rec:
20.5932114757
# rec_devs:
 -0.476877964659 0.460029521911 -10.0165216732 0.815519627590 1.06757376474 0.266589050662 1.73763228091 2.08832568051 0.838236178951 2.97612116489 1.13374221458 -0.0493623465041 0.773722429856 0.534838645832 0.967526744543 -0.233666823756 -0.341318342522 -0.707948964589 -0.796407666305 0.267948785397 0.996672531322 -3.75467522862 0.857406402264 1.31443646835 -2.05008375911 0.284793422217 1.04453837552 0.557963048241 0.428887218262 0.528770571259 0.600917781274 1.44549767953 2.27597514122 1.93880148496 1.51800108205 -2.69311301527 -2.88326408591 -2.88725883068 -0.753752876905 -0.727171404330 0.873187366958 0.00000000000
# sigma_m:
 1.00000000000 1.00000000000 1.00000000000
# log_m_mu:
 -0.981722298060 -0.541887127638 -1.30834420404
# prop_rec:
 15.3343805082 4.44473224561
# sigma_q:
 0.100000000000 0.100000000000
# log_f:
4.99042719389
# f_dev:
 -1.95358732496 -2.05325405766 -0.767519498771 1.00224143354 0.913266469000 1.44314324061 0.598005665541 0.615282792916 1.13344278360 1.30702076506 -0.0660889065881 -0.158994193295 -0.655611446443 -0.526834355603 0.577158261684 0.507950471046 0.923257442709 0.128183767316 -0.768415453435 -0.159214953687 0.294411458709 -0.682549481648 -1.93680654071 0.142512405762 0.856379250562 -0.265296112665 0.469561786663 0.636317755775 -3.06239573355 -1.58993183054 -0.892014865565 0.510069266295 -0.298196708691 -0.517272949505 -0.667330869316 -0.778336407096 0.811003703860 1.80987439070 2.78817964988 0.332388928489
# fish_ret_sel_50:
131.412410887
# fish_ret_sel_50_post:
101.337988859
# fish_ret_sel_slope:
0.00331111255607
# fish_ret_sel_slope_post:
0.883602995636
# fish_tot_sel_offset:
10.0781480515
# fish_tot_sel_offset_dev:
 -16.0854882173 -22.7209952532 9.39892556190 10.5762942323 -22.5487905770 13.8472415336 24.8334585813 18.3758100999 13.4453080278 -16.2652390687 14.7362261275 -20.7053248225 18.0060311286 19.2677660456 21.5524572734 -15.1122270737 -5.67586941566 14.5439857493 -25.1823442614 -18.1623784532 2.84001256040 25.7472036755 10.4524946939 -22.4461122399 -17.7387947913 -17.8695100358 -11.3541521634 9.40014869418 6.10102015185 20.0611621747 20.4862490154 -17.6676046533 -18.8502357439 -19.5589089669 19.3352636208 -25.6190113519 20.2751292645 10.6092080405 -10.1366886445 -0.191720519361
# fish_tot_sel_slope:
-1.60393013722
# surv_omega:
0.754471196458
# surv_alpha1:
0.0292283303230
# surv_beta1:
60.6539213240
# surv_alpha2:
0.616240410747
# surv_beta2:
41.7264342929
