# Number of parameters = 308 Objective function value = 308.524545361205  Maximum gradient component = 0.000989193220644214
# log_n_imm:
 18.5624218170272 19.6727487484123 19.7547016525779 19.9026462979676 19.8713333334501 19.7893755385261 19.4940847850581 19.4072702534277 19.3791911799802 18.8505156633846 18.3241496744542 18.3689142584678 17.8283175508115 16.7965966668117 15.2468305113376 13.2765815106929 11.9710329814654 10.3162593071238 9.60521699779413 8.24104698693309 6.50591396199609
# log_n_mat:
 17.7545501536901 11.5477157113876 15.7576241118238 17.4077230734878 18.3652896959147 18.9527881095539 19.0075193225755 18.8872840952782 18.9274497128465 19.0203403208429 18.8414827193656 18.4289067189120 18.0582053105203 18.2773790872698 18.2089757377061 17.5262707480494 16.6925529973240 15.6785777467460 14.6322953101437 13.3564314675708 12.0372631721382
# nat_m_dev:
 -0.117887729946965 -0.415182455076311 -0.561906022493411 -1.04079618747752 -1.13738657094794 -0.907319459881914 -0.675298185440494 -0.407392755069497 -0.176442973849330 0.0881427127101470 -0.0293262286624939 0.187617329197064 0.135076703096208 0.229346773936192 0.558243603063989 0.685363386615755 0.224042071661410 -0.685280393926971 -0.454619418827412 0.229111055329247 -0.148423593510240 -0.286331810682081 -0.330061118882440 -0.259777426466115 -0.413054807447892 -0.322283725201622 -0.456483187225304 -0.383039716668670 0.328170524006095 0.287205404583465 0.0223320417383427 -0.0227378547385272 0.618744744144042 0.508436450043268 -0.135090473628639 -0.372241039008693 0.525053535520677 1.90222680968983 0.00000000000000 -0.782265193730483 -0.270087239891557 0.261589801800662
# nat_m_mat_dev:
 -0.238180206613344 0.594676636050745 1.32150486526844 -0.547971861127788 -1.28075986688566 -0.941832276647404 -0.275298381737387 -0.118797183170102 0.231655030479562 1.00245327448296 0.0770154902840866 -0.0118947430930011 0.0899235274023110 0.613524039594789 0.540716973613486 0.550957878494120 0.686790179949803 -0.482348523192635 -0.638289896442106 0.343467340549220 0.229456813215714 -0.300273294004551 -0.375182521362852 0.426948581669608 0.625439044274201 0.537187422650168 0.0451610290082139 -0.802004953200628 -0.877895191751774 -0.230557197704605 0.716382603403079 0.131197104978671 0.590648552737597 0.273939752820836 -0.0776485404400282 0.0254014718722858 0.810004717879466 1.24200178413851 0.00000000000000 0.674512061080162 -0.103629422194048 -1.07834732315145
# nat_m_lg_dev:
 -3.21089754188316 0.0696850539497908 -1.78151715281994 -1.52192778810492 -3.93558580323627 0.0736172829118062 -3.26343303654471 -0.0418241289360444 3.14746789092896 1.99196557628878 -0.0111154047841534 3.44373629338800 3.96679284076949 3.21210067448066 3.75330366830943 -1.48510516106443 -2.91263574236569 -2.51033343141593 2.29583383399445 1.89368625414356 3.68458820665870 -2.48158622696394 2.53095081884284 2.42091122968833 -2.73979231446213 -1.92966379533229 -2.79977096651755 -0.876146635493437 -3.84978482537963 0.847138271945745 -2.80837969019082 3.93524316740748 3.03814307164848 0.00684547693357433 0.576484899018617 -2.94433588223728 -0.168619614063029 -0.926304580133362 1.07985638330105 2.28202536982168 -3.13273466392620 1.08111812142350
# q_dev:
 0.00000000000000 0.00000000000000 0.00000000000000 0.00000000000000 0.00000000000000 0.00000000000000 0.00000000000000 0.00000000000000 0.00000000000000 0.00000000000000 0.00000000000000 0.00000000000000 0.00000000000000 0.00000000000000 0.00000000000000 0.00000000000000 0.00000000000000 0.00000000000000 0.00000000000000 0.00000000000000 0.00000000000000 0.00000000000000 0.00000000000000 0.00000000000000 0.00000000000000 0.00000000000000 0.00000000000000 0.00000000000000 0.00000000000000 0.00000000000000 0.00000000000000 0.00000000000000 0.00000000000000 0.00000000000000 0.00000000000000 0.00000000000000 0.00000000000000 0.00000000000000 0.00000000000000 0.00000000000000 0.00000000000000 0.00000000000000
# q_mat_dev:
 0.00000000000000 0.00000000000000 0.00000000000000 0.00000000000000 0.00000000000000 0.00000000000000 0.00000000000000 0.00000000000000 0.00000000000000 0.00000000000000 0.00000000000000 0.00000000000000 0.00000000000000 0.00000000000000 0.00000000000000 0.00000000000000 0.00000000000000 0.00000000000000 0.00000000000000 0.00000000000000 0.00000000000000 0.00000000000000 0.00000000000000 0.00000000000000 0.00000000000000 0.00000000000000 0.00000000000000 0.00000000000000 0.00000000000000 0.00000000000000 0.00000000000000 0.00000000000000 0.00000000000000 0.00000000000000 0.00000000000000 0.00000000000000 0.00000000000000 0.00000000000000 0.00000000000000 0.00000000000000 0.00000000000000 0.00000000000000
# q_lg_dev:
 0.00000000000000 0.00000000000000 0.00000000000000 0.00000000000000 0.00000000000000 0.00000000000000 0.00000000000000 0.00000000000000 0.00000000000000 0.00000000000000 0.00000000000000 0.00000000000000 0.00000000000000 0.00000000000000 0.00000000000000 0.00000000000000 0.00000000000000 0.00000000000000 0.00000000000000 0.00000000000000 0.00000000000000 0.00000000000000 0.00000000000000 0.00000000000000 0.00000000000000 0.00000000000000 0.00000000000000 0.00000000000000 0.00000000000000 0.00000000000000 0.00000000000000 0.00000000000000 0.00000000000000 0.00000000000000 0.00000000000000 0.00000000000000 0.00000000000000 0.00000000000000 0.00000000000000 0.00000000000000 0.00000000000000 0.00000000000000
# log_avg_rec:
21.0444352321
# rec_devs:
 -0.0763883634990 -0.102334287287 0.268031660992 1.01581602377 0.392300133661 0.360579453358 0.0152509928231 0.348279472405 1.35117588939 1.68618694164 1.53237347574 0.688134456422 -0.572502191063 -0.689740844141 -0.377416694059 -0.351528070825 -0.507216383500 -0.869784031853 -0.654456559931 0.207407010582 0.274834413500 0.262485262116 0.130016969517 -0.534963940156 -1.35418625617 -0.188425800664 0.711887213945 0.119546498495 -0.0803239289836 -0.0584482732708 0.0242317073363 0.188757184471 1.67377625710 1.60593518712 1.31124162918 -1.02997173010 -2.06409075184 -2.35399672029 -1.51292820712 -0.869481261011 0.818366567048 0.00000000000
# sigma_m:
 1.00000000000 1.00000000000 1.00000000000
# log_m_mu:
 -1.35304264346 -0.774265588039 -1.00878805068
# prop_rec:
 14.2475900430 2.92523745488
# sigma_q:
 0.100000000000 0.100000000000
# log_f:
0.137366130873
# f_dev:
 -1.26759423229 -1.90892360962 -0.423001700039 0.284588672247 -0.0126092260340 0.0677596526043 -0.224859742618 -0.282804616466 0.702525258841 0.549135715099 1.51074688063 0.814353956417 0.768998777450 0.388100020740 0.451768869733 0.501858806420 0.993883123252 -0.907380022939 -0.964572311026 0.0469562029719 0.201392697602 -0.879193149486 -1.17496096283 -0.517185087418 0.0946984283689 0.338849046752 -0.183859803621 -0.956452320403 -1.79369872674 -0.810021003306 0.0192279350593 0.414318754027 0.650837348431 0.438171476843 -0.130018694183 -0.0186066228140 1.03247470127 1.53201598027 1.78753500771 -1.13445548091
# fish_ret_sel_50:
96.9093104950
# fish_ret_sel_50_post:
102.052586291
# fish_ret_sel_slope:
0.214615446691
# fish_ret_sel_slope_post:
0.297360925405
# fish_tot_sel_offset:
-9.26539599970
# fish_tot_sel_offset_dev:
 26.1422195334 39.8919138068 29.6105149246 15.7955718539 0.436409969867 -22.6783852633 -26.9133278700 -37.4577689445 38.7316879413 35.2400418812 9.53498062127 -7.11127455585 -35.7882378030 18.4825379358 -29.6948462912 7.04965302690 31.5609956775 -9.64089480231 -9.69536021107 -16.2583179737 -36.5322217499 -11.1218366816 -22.5411298222 25.0950779547 39.9303248958 -38.4685780831 -30.3382445925 7.12765990038 6.44338062903 32.6863638849 -19.5661197131 33.6746470910 31.1078403109 15.9938032314 38.1682847771 -17.7638512809 -36.0961825917 -37.4521123671 -0.824817840822 -36.7604014100
# fish_tot_sel_slope:
-1.62410707047
# surv_omega:
0.569238964889
# surv_alpha1:
0.106071944949
# surv_beta1:
111.589706305
# surv_alpha2:
0.179560242313
# surv_beta2:
41.6216085083
