# Number of parameters = 308 Objective function value = 350.375251165584  Maximum gradient component = 0.000869600449502922
# log_n_imm:
 15.4472559587350 19.4131348989703 19.8359999496543 19.9268947751218 19.9222065555917 19.8163260431068 19.5071356693743 19.3850956070123 19.3332703857025 18.8056552850611 18.2803317171465 18.3329674787958 17.8209573567106 16.8442887590315 15.3021725714537 13.3188275881180 11.9886337190383 10.3260219123958 9.60840232361912 8.21952670900541 6.42940753857523
# log_n_mat:
 16.7443535199096 10.9388094289202 15.5810017285476 17.7100604632026 18.6312590548608 19.2085846891848 19.2056350813012 18.9660079170867 18.9192463659222 18.9346245186805 18.6764671971064 18.2223353650718 17.8455167166691 18.1074289243491 18.0999016476311 17.4478378277446 16.6345477170909 15.6365276403767 14.5967404729012 13.3316207813150 12.0229858033183
# nat_m_dev:
 -0.0334804984342551 -0.399991681617605 -0.573498663161938 -1.03026582641223 -1.12963892614864 -0.889645112422644 -0.632204369564040 -0.388005452391914 -0.177999937600180 0.0985185838525653 -0.0637738038044264 0.189470642564626 0.173893182830276 0.267228609421018 0.617144283895829 0.610980189174904 0.168643686415862 -0.690353718887860 -0.438811683026220 0.225629216765634 -0.203556405776214 -0.323546735489504 -0.364343370426670 -0.254711134877755 -0.407907715645914 -0.315696507080785 -0.429954581817878 -0.421591831971340 0.176415052198252 0.377180965504195 0.0382051844773819 -0.0873644964388207 0.670907409325644 0.392841337785967 -0.122217218031419 -0.329569314612035 0.553273455077980 1.94225014657814 0.00000000000000 -0.778385939708695 -0.333304899921474 0.317222192760495
# nat_m_mat_dev:
 -0.192664570453251 0.641284047918083 1.37775763812928 -0.446648988323539 -1.23767168577669 -0.997764955244230 -0.437641278247756 -0.138125750087748 0.288481408784555 1.00145799537098 0.0981802349885197 -0.156840911262662 -0.0522578055898399 0.610156283959167 0.561272070552435 0.585509524068390 0.751881430243477 -0.458609420265191 -0.662797939159338 0.337852440526511 0.377636634588616 -0.181066843345857 -0.325302294196696 0.378392571364372 0.577263808722069 0.618711862743665 0.0662014087383709 -0.793382265920852 -0.877246720158252 -0.309721584254180 0.719460935403840 0.205115577541091 0.590632152913483 0.340679868853885 -0.183086165311915 -0.186524383742152 0.735857490061318 1.26152835231971 0.00000000000000 0.701755497991755 -0.122242327117404 -1.06741949415430
# nat_m_lg_dev:
 -0.381952940445852 2.44859239676551 -1.17905522043497 1.55679808736289 1.08298073716986 -0.739061023918919 -1.14543779421755 -0.378711112314040 -1.26168848854699 -1.01745086083090 0.967948727407919 0.220479158995750 0.610082570115844 1.72675901762563 -0.958503709792509 1.79420972370314 -0.0136602574679344 -1.26872503375997 -0.361837074823209 -0.553172211524202 2.27756195161596 -0.287244437649019 0.422946714941254 -0.0942526728558538 -0.113213755210722 -0.0335386434968715 0.119088528305498 -3.97191613125653 -0.361701278322155 0.829769275536007 0.400986666956452 -0.173202364777324 -0.363536712347416 0.421407751421661 1.09663645701448 -1.44891462178331 -0.355783032804368 -0.372309067706468 -0.321479022889484 1.56234376908300 -0.0202618969261944 -0.361982167918092
# q_dev:
 0.00000000000000 0.00000000000000 0.00000000000000 0.00000000000000 0.00000000000000 0.00000000000000 0.00000000000000 0.00000000000000 0.00000000000000 0.00000000000000 0.00000000000000 0.00000000000000 0.00000000000000 0.00000000000000 0.00000000000000 0.00000000000000 0.00000000000000 0.00000000000000 0.00000000000000 0.00000000000000 0.00000000000000 0.00000000000000 0.00000000000000 0.00000000000000 0.00000000000000 0.00000000000000 0.00000000000000 0.00000000000000 0.00000000000000 0.00000000000000 0.00000000000000 0.00000000000000 0.00000000000000 0.00000000000000 0.00000000000000 0.00000000000000 0.00000000000000 0.00000000000000 0.00000000000000 0.00000000000000 0.00000000000000 0.00000000000000
# q_mat_dev:
 0.00000000000000 0.00000000000000 0.00000000000000 0.00000000000000 0.00000000000000 0.00000000000000 0.00000000000000 0.00000000000000 0.00000000000000 0.00000000000000 0.00000000000000 0.00000000000000 0.00000000000000 0.00000000000000 0.00000000000000 0.00000000000000 0.00000000000000 0.00000000000000 0.00000000000000 0.00000000000000 0.00000000000000 0.00000000000000 0.00000000000000 0.00000000000000 0.00000000000000 0.00000000000000 0.00000000000000 0.00000000000000 0.00000000000000 0.00000000000000 0.00000000000000 0.00000000000000 0.00000000000000 0.00000000000000 0.00000000000000 0.00000000000000 0.00000000000000 0.00000000000000 0.00000000000000 0.00000000000000 0.00000000000000 0.00000000000000
# q_lg_dev:
 0.00000000000000 0.00000000000000 0.00000000000000 0.00000000000000 0.00000000000000 0.00000000000000 0.00000000000000 0.00000000000000 0.00000000000000 0.00000000000000 0.00000000000000 0.00000000000000 0.00000000000000 0.00000000000000 0.00000000000000 0.00000000000000 0.00000000000000 0.00000000000000 0.00000000000000 0.00000000000000 0.00000000000000 0.00000000000000 0.00000000000000 0.00000000000000 0.00000000000000 0.00000000000000 0.00000000000000 0.00000000000000 0.00000000000000 0.00000000000000 0.00000000000000 0.00000000000000 0.00000000000000 0.00000000000000 0.00000000000000 0.00000000000000 0.00000000000000 0.00000000000000 0.00000000000000 0.00000000000000 0.00000000000000 0.00000000000000
# log_avg_rec:
20.6821049177
# rec_devs:
 0.135770734747 0.172843920514 0.397290992338 1.19790835816 1.00163891606 0.539951053230 0.417620519645 0.442245302849 1.37993520401 1.90324277130 1.87629021405 1.26863383233 -0.156931969609 -0.522865047435 -0.137187900839 -0.205092847434 -0.165982814609 -0.624082817218 -0.515502026376 0.357808051687 0.478380345256 0.695445094244 0.252448069068 0.167023709341 -1.20033144592 -0.104152912370 0.791082689820 0.673378522119 0.00737776590174 0.238163588279 0.237634310383 0.0270085905225 1.69984929791 1.81581383693 1.73722375748 0.215812625327 -3.56513056988 -1.75288561041 -1.76787325272 -0.673983854957 0.445030055129 0.00000000000
# sigma_m:
 1.00000000000 1.00000000000 1.00000000000
# log_m_mu:
 -1.37806558802 -0.780627400514 -1.05836627002
# prop_rec:
 35.1614786372 21.2129283184
# sigma_q:
 0.100000000000 0.100000000000
# log_f:
0.140502396460
# f_dev:
 -1.18723346311 -1.84844227610 -0.354988605963 0.340479458635 0.0314085715844 0.0462666985249 -0.263425800580 -0.322058833157 0.696556675581 0.554177742764 1.56955385271 0.835971082060 0.710610882220 0.346571925886 0.442411741578 0.499297338648 1.01326604974 -0.868838082047 -0.942597233686 0.0199857221974 0.214497254007 -0.846706143265 -1.11996833566 -0.493061069632 0.00795996722805 0.325939410013 -0.211647240687 -0.966661896778 -1.78610111602 -0.829470436447 -0.0305658453626 0.389004649038 0.667175703231 0.473759154718 -0.126045017948 -0.114197354110 0.904533887685 1.49061493776 1.82048025660 -1.08851421186
# fish_ret_sel_50:
96.9012429534
# fish_ret_sel_50_post:
102.027350920
# fish_ret_sel_slope:
0.213797870333
# fish_ret_sel_slope_post:
0.295641099395
# fish_tot_sel_offset:
-9.04531033938
# fish_tot_sel_offset_dev:
 37.3778161309 27.8452529685 9.82044917498 -13.7006161288 39.7394071566 28.7385984048 39.0961149704 -30.5785518188 -37.1871352595 29.6262612633 -15.4182963312 -39.9833943913 -33.2694065901 8.58298541231 2.06112812078 26.1322970333 14.1382859500 -33.2398073047 -34.2139744342 -39.8239505374 -17.8875556842 -38.0533421793 36.5787620032 31.3244465227 -39.8486017426 -39.9659452737 -25.9974966749 -39.2317446034 -8.29200237566 38.9471133598 37.3629008201 27.8491411466 9.93112304884 -21.1019745076 11.3004461572 -17.3780246185 -34.6344942483 29.9419691411 36.1513763578 37.2604395608
# fish_tot_sel_slope:
-1.61868428416
# surv_omega:
0.999999957817
# surv_alpha1:
0.0293762719526
# surv_beta1:
79.7156343808
# surv_alpha2:
0.736852366815
# surv_beta2:
25.1634143114
