# Number of parameters = 308 Objective function value = 308.524545369722  Maximum gradient component = 0.000445258674312948
# log_n_imm:
 18.5624175120702 19.6727510532867 19.7547027230231 19.9026475380809 19.8713344757662 19.7893763973857 19.4940859598781 19.4072710214051 19.3791921308323 18.8505171646771 18.3241506576172 18.3689150926079 17.8283182856901 16.7965968472640 15.2468356798322 13.2765583406734 11.9710140399435 10.3163900668635 9.60513905907912 8.24070287547962 6.52364989598007
# log_n_mat:
 17.7545494802501 11.5477167533254 15.7576281511162 17.4077223433179 18.3652905203843 18.9527880036650 19.0075189968745 18.8872842134874 18.9274498424134 19.0203394738102 18.8414823429257 18.4289053698805 18.0582042631402 18.2773789176857 18.2089757051193 17.5262713758966 16.6925542917042 15.6785784962514 14.6322971567999 13.3564266645244 12.0371948158660
# nat_m_dev:
 -0.117884100006236 -0.415181940622759 -0.561907731936230 -1.04079603891505 -1.13738635730657 -0.907319327124467 -0.675297762403570 -0.407394680223578 -0.176442367321026 0.0881400660738845 -0.0293269176405799 0.187618137151577 0.135081672083842 0.229346290879904 0.558241531370726 0.685362954271087 0.224043112116826 -0.685280262310382 -0.454618611028618 0.229109686439539 -0.148423017915252 -0.286329384100863 -0.330059536347302 -0.259778884921808 -0.413056351305810 -0.322285381368628 -0.456483481230980 -0.383038279519523 0.328169793996262 0.287205478315673 0.0223329411112066 -0.0227393344260311 0.618746243189167 0.508436555531869 -0.135090684364092 -0.372239999668147 0.525050331338535 1.90222683255373 0.00000000000000 -0.782265426904357 -0.270087588989649 0.261589204925917
# nat_m_mat_dev:
 -0.238182518909062 0.594678057692231 1.32150480164018 -0.547969990208628 -1.28075898851292 -0.941831900027043 -0.275297331323923 -0.118796635804583 0.231654492992326 1.00245363493771 0.0770163102129301 -0.0118922928882904 0.0899240402971190 0.613523202078710 0.540717507328708 0.550957019053879 0.686790602225803 -0.482348454227609 -0.638288619937330 0.343467824591745 0.229455899181753 -0.300274361009182 -0.375183384736040 0.426946025982976 0.625438909152539 0.537188280615151 0.0451624845438318 -0.802005175867597 -0.877895349637358 -0.230554366965494 0.716382431610961 0.131196028238513 0.590648563363095 0.273936632742715 -0.0776504915327617 0.0254024508589887 0.810003152898912 1.24200208988617 0.00000000000000 0.674511858079898 -0.103630131653748 -1.07834751658703
# nat_m_lg_dev:
 3.94236573336022 3.68681924964125 1.12720083591807 -3.95478895862272 -2.92994782872490 1.82003693965480 3.67185096630501 1.13373005808321 -0.843600481852259 -1.84711809058946 -1.91407018973212 -0.845225577397761 -2.57090363040681 -2.53656178617753 1.52046858813538 -3.54987537085187 -0.369850334299528 3.95710140624678 -2.08996369478790 3.72896169035254 -0.823397774153396 -2.61856994033319 -3.97225366565270 1.04122603765356 2.36628737256565 2.37489830833704 -3.14147116658359 1.23157585195612 -0.487005845346922 -2.96135755002108 -2.68010839458814 3.60481922809878 3.93957621583155 -1.34615046370599 -2.48525448318493 2.40086469787430 3.68603630608348 -3.05351699186032 -2.41269976968732 -3.30455135472527 3.59113590769206 3.91328794949590
# q_dev:
 0.00000000000000 0.00000000000000 0.00000000000000 0.00000000000000 0.00000000000000 0.00000000000000 0.00000000000000 0.00000000000000 0.00000000000000 0.00000000000000 0.00000000000000 0.00000000000000 0.00000000000000 0.00000000000000 0.00000000000000 0.00000000000000 0.00000000000000 0.00000000000000 0.00000000000000 0.00000000000000 0.00000000000000 0.00000000000000 0.00000000000000 0.00000000000000 0.00000000000000 0.00000000000000 0.00000000000000 0.00000000000000 0.00000000000000 0.00000000000000 0.00000000000000 0.00000000000000 0.00000000000000 0.00000000000000 0.00000000000000 0.00000000000000 0.00000000000000 0.00000000000000 0.00000000000000 0.00000000000000 0.00000000000000 0.00000000000000
# q_mat_dev:
 0.00000000000000 0.00000000000000 0.00000000000000 0.00000000000000 0.00000000000000 0.00000000000000 0.00000000000000 0.00000000000000 0.00000000000000 0.00000000000000 0.00000000000000 0.00000000000000 0.00000000000000 0.00000000000000 0.00000000000000 0.00000000000000 0.00000000000000 0.00000000000000 0.00000000000000 0.00000000000000 0.00000000000000 0.00000000000000 0.00000000000000 0.00000000000000 0.00000000000000 0.00000000000000 0.00000000000000 0.00000000000000 0.00000000000000 0.00000000000000 0.00000000000000 0.00000000000000 0.00000000000000 0.00000000000000 0.00000000000000 0.00000000000000 0.00000000000000 0.00000000000000 0.00000000000000 0.00000000000000 0.00000000000000 0.00000000000000
# q_lg_dev:
 0.00000000000000 0.00000000000000 0.00000000000000 0.00000000000000 0.00000000000000 0.00000000000000 0.00000000000000 0.00000000000000 0.00000000000000 0.00000000000000 0.00000000000000 0.00000000000000 0.00000000000000 0.00000000000000 0.00000000000000 0.00000000000000 0.00000000000000 0.00000000000000 0.00000000000000 0.00000000000000 0.00000000000000 0.00000000000000 0.00000000000000 0.00000000000000 0.00000000000000 0.00000000000000 0.00000000000000 0.00000000000000 0.00000000000000 0.00000000000000 0.00000000000000 0.00000000000000 0.00000000000000 0.00000000000000 0.00000000000000 0.00000000000000 0.00000000000000 0.00000000000000 0.00000000000000 0.00000000000000 0.00000000000000 0.00000000000000
# log_avg_rec:
20.9903192213
# rec_devs:
 -0.0222706807864 -0.0482185453837 0.322148241785 1.06993192181 0.446417904022 0.414695300835 0.0693682620172 0.402395133593 1.40529223560 1.74030437720 1.58649115979 0.742253544943 -0.518386381198 -0.635624914122 -0.323299990172 -0.297411762155 -0.453100251414 -0.815667581630 -0.600341486114 0.261523634630 0.328951283162 0.316602514221 0.184132703163 -0.480847714778 -1.30007016086 -0.134309170767 0.766003561602 0.173663227081 -0.0262084511715 -0.00433168113586 0.0783484689622 0.242872210626 1.72789287246 1.66005119190 1.36535791658 -0.975849143504 -2.00997767404 -2.29988352294 -1.45881229903 -0.815365241634 0.872482498401 0.00000000000
# sigma_m:
 1.00000000000 1.00000000000 1.00000000000
# log_m_mu:
 -1.35304204600 -0.774265458287 -1.14684972743
# prop_rec:
 14.2476020828 2.92524646529
# sigma_q:
 0.100000000000 0.100000000000
# log_f:
0.137367054271
# f_dev:
 -1.26759484933 -1.90892379425 -0.423001665466 0.284589288603 -0.0126086251115 0.0677597554711 -0.224859877414 -0.282804411278 0.702525327091 0.549135175054 1.51074630248 0.814354294825 0.768999202513 0.388100240806 0.451769226193 0.501858658989 0.993882189919 -0.907380426277 -0.964572117285 0.0469568144814 0.201392940649 -0.879193308273 -1.17496107993 -0.517185657238 0.0946984728896 0.338849392910 -0.183858818480 -0.956451899292 -1.79369907679 -0.810021123911 0.0192286566321 0.414318800911 0.650837341641 0.438170918507 -0.130019375622 -0.0186067855801 1.03247480607 1.53201496289 1.78753537810 -1.13445525610
# fish_ret_sel_50:
96.9093085828
# fish_ret_sel_50_post:
102.052586269
# fish_ret_sel_slope:
0.214615445381
# fish_ret_sel_slope_post:
0.297360857696
# fish_tot_sel_offset:
-9.26540555512
# fish_tot_sel_offset_dev:
 38.4828499641 35.0902461188 26.3110334703 20.8002447557 -37.6747225525 -22.1188368859 38.7726947063 16.9480439013 32.1254807152 19.6113811077 16.7371279469 22.6975841674 -23.2153919081 30.4647538851 -28.7832658041 37.3496070136 -35.1418725933 -38.5423915839 -30.5686119082 15.8301618886 38.8558451395 -26.6784864925 -29.1324919008 1.31611692969 39.8213833605 -14.8332086539 -18.0964992589 -38.6273124326 -23.1555085963 -28.1318308193 -33.3653831794 -4.06221861925 -32.2365884704 38.6726944795 39.9631230350 -32.2761459587 35.0310391393 -24.6059186069 3.61629755273 -27.2510230521
# fish_tot_sel_slope:
-1.62410715995
# surv_omega:
0.569238990043
# surv_alpha1:
0.106071939479
# surv_beta1:
111.589703413
# surv_alpha2:
0.179560151652
# surv_beta2:
41.6216114112
