# Number of parameters = 308 Objective function value = 308.524545366292  Maximum gradient component = 0.000489680295190659
# log_n_imm:
 18.5624206664712 19.6727503342675 19.7547033190012 19.9026475769763 19.8713341452721 19.7893758355478 19.4940860177748 19.4072706525740 19.3791921863308 18.8505154535014 18.3241499553270 18.3689159918748 17.8283178010250 16.7965965312370 15.2468341851989 13.2765649542107 11.9710096892457 10.3162497427933 9.60511909896933 8.24089048932479 6.50560431081733
# log_n_mat:
 17.7545516320733 11.5476980181705 15.7576260360632 17.4077206780231 18.3652909030279 18.9527883285936 19.0075197996665 18.8872845905167 18.9274499272932 19.0203400460955 18.8414816753304 18.4289055147972 18.0582060580585 18.2773821840269 18.2089767264156 17.5262725859152 16.6925545945050 15.6785795962434 14.6322967839638 13.3564314886089 12.0372612162579
# nat_m_dev:
 -0.117886195890478 -0.415179279419367 -0.561911119819559 -1.04079601183848 -1.13738505356369 -0.907318678255495 -0.675298355303499 -0.407394551523450 -0.176443141961561 0.0881412321271982 -0.0293264951210976 0.187618908095091 0.135084607816255 0.229346440429227 0.558239830142317 0.685361301221873 0.224043929439663 -0.685279515177029 -0.454617791951843 0.229112443800856 -0.148423341355228 -0.286328163120075 -0.330058640772738 -0.259778367450622 -0.413059021685113 -0.322283292186100 -0.456484240081944 -0.383039802406365 0.328168927236711 0.287206353371606 0.0223319880660715 -0.0227389844690715 0.618746157432831 0.508437651780047 -0.135092375940782 -0.372240226075415 0.525049344308584 1.90222674879173 0.00000000000000 -0.782265165578818 -0.270089667126650 0.261588993755317
# nat_m_mat_dev:
 -0.238180761347174 0.594678601322374 1.32150417709370 -0.547970004019561 -1.28076083939121 -0.941832977734703 -0.275295835430809 -0.118795108324287 0.231653001202347 1.00245376421290 0.0770159968145185 -0.0118929061824351 0.0899275549638443 0.613520458962700 0.540717684147426 0.550956749637146 0.686790490423144 -0.482346991003041 -0.638285407688764 0.343468091300828 0.229456198862993 -0.300275057706467 -0.375182446167927 0.426945154963624 0.625437338329806 0.537189645264339 0.0451622741200188 -0.802006150476551 -0.877894798597165 -0.230555840956079 0.716381855884948 0.131196143826825 0.590649101230266 0.273937418838839 -0.0776533859820801 0.0254031366081302 0.810003574872018 1.24200247601126 0.00000000000000 0.674511668260636 -0.103630434767239 -1.07834882253828
# nat_m_lg_dev:
 0.738522429707829 1.53780290676720 -0.576543659085214 -2.21296440807978 -1.43256490329057 -1.43075967696443 -3.76777326854104 -3.20531109874358 -1.50431392749371 2.85020925888605 2.87262472156118 -0.276991525377322 -3.63906071992662 -3.55436275416446 3.27783821424799 3.83953166150829 -2.85976301825840 3.16971450725426 -0.00795181094942959 -1.86343946271735 -3.55526917413340 3.09101261276438 -1.54586140189467 -3.21231752166599 -0.770413147678172 2.70869938074903 -2.67041170003021 -0.297630423402416 3.38451165835531 -0.556181902022779 1.02780874773691 2.30358749765928 -3.71029278474654 3.80732430758891 3.50559502046842 1.27918865796915 0.840490276624566 -3.57880637212762 2.38080978225286 -3.40947072281088 3.52465653330264 3.49852720870034
# q_dev:
 0.00000000000000 0.00000000000000 0.00000000000000 0.00000000000000 0.00000000000000 0.00000000000000 0.00000000000000 0.00000000000000 0.00000000000000 0.00000000000000 0.00000000000000 0.00000000000000 0.00000000000000 0.00000000000000 0.00000000000000 0.00000000000000 0.00000000000000 0.00000000000000 0.00000000000000 0.00000000000000 0.00000000000000 0.00000000000000 0.00000000000000 0.00000000000000 0.00000000000000 0.00000000000000 0.00000000000000 0.00000000000000 0.00000000000000 0.00000000000000 0.00000000000000 0.00000000000000 0.00000000000000 0.00000000000000 0.00000000000000 0.00000000000000 0.00000000000000 0.00000000000000 0.00000000000000 0.00000000000000 0.00000000000000 0.00000000000000
# q_mat_dev:
 0.00000000000000 0.00000000000000 0.00000000000000 0.00000000000000 0.00000000000000 0.00000000000000 0.00000000000000 0.00000000000000 0.00000000000000 0.00000000000000 0.00000000000000 0.00000000000000 0.00000000000000 0.00000000000000 0.00000000000000 0.00000000000000 0.00000000000000 0.00000000000000 0.00000000000000 0.00000000000000 0.00000000000000 0.00000000000000 0.00000000000000 0.00000000000000 0.00000000000000 0.00000000000000 0.00000000000000 0.00000000000000 0.00000000000000 0.00000000000000 0.00000000000000 0.00000000000000 0.00000000000000 0.00000000000000 0.00000000000000 0.00000000000000 0.00000000000000 0.00000000000000 0.00000000000000 0.00000000000000 0.00000000000000 0.00000000000000
# q_lg_dev:
 0.00000000000000 0.00000000000000 0.00000000000000 0.00000000000000 0.00000000000000 0.00000000000000 0.00000000000000 0.00000000000000 0.00000000000000 0.00000000000000 0.00000000000000 0.00000000000000 0.00000000000000 0.00000000000000 0.00000000000000 0.00000000000000 0.00000000000000 0.00000000000000 0.00000000000000 0.00000000000000 0.00000000000000 0.00000000000000 0.00000000000000 0.00000000000000 0.00000000000000 0.00000000000000 0.00000000000000 0.00000000000000 0.00000000000000 0.00000000000000 0.00000000000000 0.00000000000000 0.00000000000000 0.00000000000000 0.00000000000000 0.00000000000000 0.00000000000000 0.00000000000000 0.00000000000000 0.00000000000000 0.00000000000000 0.00000000000000
# log_avg_rec:
21.0187762819
# rec_devs:
 -0.0507282646105 -0.0766744867166 0.293690726685 1.04147548898 0.417960718412 0.386238597323 0.0409119910098 0.373939113818 1.37683584950 1.71184824191 1.55803499304 0.713796294529 -0.546843137878 -0.664081575258 -0.351757574393 -0.325867197486 -0.481557367106 -0.844122183510 -0.628797457050 0.233067134238 0.300494333694 0.288145353971 0.155675743122 -0.509304605826 -1.32852709591 -0.162765662814 0.737546255400 0.145206884088 -0.0546650640334 -0.0327877707922 0.0498912294091 0.214416437293 1.69943613860 1.63159453206 1.33690080845 -1.00430712154 -2.03843520226 -2.32833663544 -1.48726882480 -0.843821216358 0.844026418163 0.00000000000
# sigma_m:
 1.00000000000 1.00000000000 1.00000000000
# log_m_mu:
 -1.35304172140 -0.774265602314 -1.28801210526
# prop_rec:
 14.2475952485 2.92523948451
# sigma_q:
 0.100000000000 0.100000000000
# log_f:
0.137366607987
# f_dev:
 -1.26759579379 -1.90892344277 -0.423002176867 0.284588084931 -0.0126096257402 0.0677592734295 -0.224860000986 -0.282803961911 0.702525263940 0.549135225742 1.51074651881 0.814354066792 0.769000024049 0.388100977998 0.451769144351 0.501858758011 0.993881517949 -0.907381335988 -0.964572539012 0.0469565241763 0.201393217813 -0.879193150013 -1.17496029702 -0.517185182783 0.0946980370392 0.338849581638 -0.183858279626 -0.956451116884 -1.79369857744 -0.810020978826 0.0192279117284 0.414318362319 0.650837385491 0.438171097284 -0.130019393755 -0.0186071754347 1.03247562785 1.53201520335 1.78753637480 -1.13445515065
# fish_ret_sel_50:
96.9093118038
# fish_ret_sel_50_post:
102.052585663
# fish_ret_sel_slope:
0.214615475654
# fish_ret_sel_slope_post:
0.297360861947
# fish_tot_sel_offset:
-9.26540066219
# fish_tot_sel_offset_dev:
 -4.60487916609 9.44423226674 5.97594408853 38.8030652530 -39.5028468529 27.2780635019 30.4657630159 38.4489732186 -13.5019841390 -4.56831754675 39.8598163312 -3.09941525329 7.44291054878 -17.5165972872 -36.7973020769 -20.0397816777 36.8207293547 39.6638482032 29.3748184408 -39.9833182014 -16.4499292878 -37.1479587050 -15.4976842596 39.6760445993 38.8237782296 -32.7168193585 16.7027836648 -38.9588584618 -17.3512682240 27.6788687500 38.5847088868 -36.4906812596 -0.141982260400 13.7414951660 -29.0386235608 -14.4894576707 -33.0933520197 -33.1118818902 27.4502273964 -22.1331317569
# fish_tot_sel_slope:
-1.62410716875
# surv_omega:
0.430760961873
# surv_alpha1:
0.179560194243
# surv_beta1:
41.6216141325
# surv_alpha2:
0.106071920492
# surv_beta2:
111.589700605
